,序号,代码,名称,最新价,涨跌幅,涨跌额,成交量,成交额,振幅,最高,最低,今开,昨收,换手率,市盈率-动态,市净率
0,1,603139,康惠制药,17.11,10.03,1.56,19757,33194967.0,9.9,17.11,15.57,15.57,15.55,1.98,-33.48,1.88
1,2,300391,长药控股,7.24,6.78,0.46,134036,94496245.0,6.78,7.25,6.79,6.79,6.78,3.83,-10.51,179.25
2,3,002826,易明医药,12.09,5.13,0.59,57697,68190857.0,7.3,12.12,11.28,11.42,11.5,3.28,41.34,3.15
3,4,000989,ST九芝,7.97,5.01,0.38,13457,10725029.75,0.0,7.97,7.97,7.97,7.59,0.19,21.29,1.81
4,5,002750,*ST龙津,3.0,4.9,0.14,45165,13497938.0,1.4,3.0,2.96,2.99,2.86,1.13,-96.58,2.39
5,6,603963,*ST大药,3.74,3.89,0.14,62892,23586592.0,3.61,3.78,3.65,3.69,3.6,2.86,-31.23,2.27
6,7,301111,粤万年青,18.42,3.72,0.66,18893,34397841.4,4.11,18.53,17.8,17.8,17.76,2.69,156.76,3.81
7,8,833266,生物谷,13.04,3.49,0.44,10901,13984612.09,4.13,13.04,12.52,12.52,12.6,1.42,677.3,1.61
8,9,000423,东阿阿胶,61.01,3.41,2.01,25116,151604729.2,3.73,61.18,58.98,59.0,59.0,0.39,25.58,3.96
9,10,000999,华润三九,50.23,3.35,1.63,34492,170629567.5,4.28,50.28,48.2,48.42,48.6,0.27,16.35,3.14
10,11,002728,特一药业,9.75,3.17,0.3,123911,119621772.72,4.87,9.9,9.44,9.45,9.45,3.31,621.4,2.86
11,12,600557,康缘药业,16.4,3.14,0.5,81375,130979189.0,4.21,16.42,15.75,15.75,15.9,1.41,20.04,1.85
12,13,300534,陇神戎发,10.59,3.12,0.32,59590,62104631.0,4.09,10.6,10.18,10.3,10.27,1.97,97.28,4.97
13,14,300878,维康药业,18.76,3.08,0.56,8903,16505245.4,3.74,18.88,18.2,18.2,18.2,1.6,46.2,2.01
14,15,300181,佐力药业,18.34,3.03,0.54,82673,150612292.6,4.49,18.5,17.7,17.7,17.8,1.38,22.89,4.95
15,16,300147,香雪制药,14.3,3.03,0.42,161371,227874318.16,4.25,14.4,13.81,14.0,13.88,2.45,-32.56,5.54
16,17,836433,大唐药业,8.26,2.86,0.23,29045,24005986.55,6.85,8.5,7.95,7.97,8.03,1.72,152.79,4.42
17,18,300519,新光药业,15.78,2.53,0.39,16016,24990399.0,3.25,15.82,15.32,15.4,15.39,1.4,50.12,3.09
18,19,002864,盘龙药业,29.96,2.43,0.71,11890,35339426.97,2.5,30.0,29.27,29.27,29.25,1.61,26.66,1.98
19,20,002603,以岭药业,18.43,2.39,0.43,78688,143905945.72,2.61,18.47,18.0,18.0,18.0,0.57,41.63,2.68
20,21,301331,恩威医药,27.96,2.27,0.62,9640,26439122.19,4.94,28.18,26.83,27.01,27.34,2.91,97.98,2.82
21,22,002198,嘉应制药,7.39,2.21,0.16,70869,51938751.0,3.32,7.45,7.21,7.23,7.23,1.4,978.95,5.06
22,23,002275,桂林三金,15.53,2.17,0.33,13189,20346136.23,1.97,15.56,15.26,15.27,15.2,0.24,17.83,3.03
23,24,603439,贵州三力,14.78,2.0,0.29,26702,39315185.0,2.07,14.83,14.53,14.53,14.49,0.65,23.4,3.78
24,25,600566,济川药业,32.82,1.99,0.64,12524,40857874.0,2.58,32.93,32.1,32.19,32.18,0.14,11.92,2.15
25,26,002349,精华制药,8.27,1.97,0.16,54962,45106441.0,2.1,8.27,8.1,8.12,8.11,0.68,30.75,2.66
26,27,605199,葫芦娃,14.1,1.95,0.27,24465,34459075.0,2.39,14.2,13.87,13.92,13.83,0.61,50.44,4.89
27,28,600329,达仁堂,35.2,1.94,0.67,14013,48875601.0,1.91,35.2,34.54,34.55,34.53,0.25,25.29,4.22
28,29,000650,仁和药业,6.14,1.82,0.11,160173,97704021.6,1.66,6.14,6.04,6.05,6.03,1.2,15.51,1.41
29,30,002424,ST百灵,4.01,1.78,0.07,622200,241508811.0,6.35,4.07,3.82,3.82,3.94,5.13,47.65,1.61
30,31,600332,白云山,29.9,1.77,0.52,32337,95968021.0,2.08,29.94,29.33,29.35,29.38,0.23,11.54,1.34
31,32,600129,太极集团,29.06,1.75,0.5,37262,107660690.0,2.73,29.18,28.4,28.56,28.56,0.67,22.27,4.04
32,33,600535,天士力,15.93,1.72,0.27,54736,86628137.0,2.04,15.93,15.61,15.61,15.66,0.37,21.19,1.87
33,34,300039,上海凯宝,7.11,1.72,0.12,93743,66294829.1,1.43,7.11,7.01,7.01,6.99,1.02,25.7,1.93
34,35,002907,华森制药,14.51,1.68,0.24,11755,16995490.0,1.68,14.55,14.31,14.35,14.27,0.38,60.94,3.66
35,36,600436,片仔癀,256.22,1.67,4.22,5441,138154791.0,1.87,256.48,251.77,252.33,252.0,0.09,43.15,11.02
36,37,600085,同仁堂,43.64,1.63,0.7,24589,106725597.0,2.14,43.7,42.78,42.87,42.94,0.18,33.25,4.61
37,38,002390,信邦制药,3.8,1.6,0.06,78343,29703491.5,1.34,3.82,3.77,3.77,3.74,0.42,31.37,1.09
38,39,002287,奇正藏药,24.36,1.58,0.38,5862,14202076.54,1.96,24.4,23.93,24.0,23.98,0.11,24.62,3.45
39,40,600750,江中药业,21.94,1.57,0.34,22078,48135166.0,1.71,21.95,21.58,21.61,21.6,0.35,16.32,3.71
40,41,000538,云南白药,61.04,1.56,0.94,25712,155995669.2,1.96,61.18,60.0,60.1,60.1,0.15,18.88,2.69
41,42,600993,马应龙,26.76,1.56,0.41,18155,48293547.0,2.09,26.76,26.21,26.29,26.35,0.42,18.91,2.88
42,43,600594,益佰制药,4.16,1.46,0.06,29776,12237632.0,3.66,4.16,4.01,4.09,4.1,0.38,-14.61,1.24
43,44,002317,众生药业,14.01,1.45,0.2,73326,101957670.0,2.03,14.05,13.77,13.81,13.81,0.96,60.13,2.72
44,45,002873,新天药业,11.41,1.42,0.16,14500,16397925.0,1.69,11.42,11.23,11.3,11.25,0.66,31.63,2.5
45,46,600422,昆药集团,16.03,1.39,0.22,29905,47637604.0,1.39,16.03,15.81,15.82,15.81,0.4,23.49,2.19
46,47,603998,方盛制药,12.45,1.38,0.17,25077,31048545.0,2.28,12.5,12.22,12.28,12.28,0.57,17.97,3.43
47,48,600285,羚锐制药,23.31,1.35,0.31,26043,60713922.0,2.87,23.56,22.9,23.0,23.0,0.46,17.28,4.57
48,49,600671,ST目药,9.81,1.34,0.13,1294,1250659.0,2.27,9.81,9.59,9.62,9.68,0.11,-242.45,35.72
49,50,600479,千金药业,11.33,1.34,0.15,17528,19788257.0,1.79,11.38,11.18,11.18,11.18,0.42,21.44,1.99
50,51,000919,金陵药业,6.95,1.31,0.09,64571,44710081.35,1.6,6.97,6.86,6.86,6.86,1.09,45.94,1.15
51,52,603858,步长制药,17.77,1.31,0.23,15925,28106415.0,1.43,17.78,17.53,17.57,17.54,0.14,47.12,1.76
52,53,600080,金花股份,6.96,1.31,0.09,7100,4924663.0,1.31,6.98,6.89,6.93,6.87,0.19,63.32,1.71
53,54,600771,广誉远,21.28,1.29,0.27,24289,51402074.0,1.86,21.29,20.9,21.02,21.01,0.5,110.09,6.65
54,55,603896,寿仙谷,23.22,1.26,0.29,8031,18564980.0,1.7,23.27,22.88,22.93,22.93,0.41,29.09,2.13
55,56,600572,康恩贝,4.96,1.22,0.06,104550,51622746.0,1.63,4.97,4.89,4.89,4.9,0.41,18.44,1.92
56,57,002166,莱茵生物,8.73,1.16,0.1,32423,28110406.0,1.62,8.73,8.59,8.61,8.63,0.63,47.81,2.13
57,58,002737,葵花药业,21.74,1.12,0.24,29845,64425099.1,1.63,21.75,21.4,21.51,21.5,0.51,16.23,2.83
58,59,002412,汉森制药,6.52,1.09,0.07,16347,10614279.0,1.24,6.53,6.45,6.45,6.45,0.33,18.82,1.56
59,60,002566,益盛药业,7.46,1.08,0.08,12763,9481977.0,1.22,7.48,7.39,7.39,7.38,0.55,51.63,1.11
60,61,600976,健民集团,46.63,1.08,0.5,4704,21864091.0,1.56,46.78,46.06,46.13,46.13,0.31,16.68,2.99
61,62,603567,珍宝岛,12.27,1.07,0.13,17110,20903146.0,1.57,12.32,12.13,12.18,12.14,0.18,21.79,1.49
62,63,600351,亚宝药业,6.5,0.93,0.06,39396,25541254.0,0.93,6.51,6.45,6.48,6.44,0.55,14.94,1.59
63,64,300026,红日药业,4.47,0.9,0.04,187935,83415186.55,1.81,4.48,4.4,4.42,4.43,0.7,59.82,1.53
64,65,600222,太龙药业,5.6,0.9,0.05,30212,16857715.0,1.08,5.61,5.55,5.58,5.55,0.53,83.41,2.05
65,66,000790,华神科技,4.55,0.66,0.03,44032,19999854.0,1.11,4.57,4.52,4.56,4.52,0.71,370.95,2.72
66,67,002107,沃华医药,5.19,0.58,0.03,13317,6903807.44,2.33,5.24,5.12,5.16,5.16,0.23,98.07,4.38
67,68,002644,佛慈制药,8.53,0.24,0.02,11299,9605154.0,1.29,8.56,8.45,8.52,8.51,0.22,83.61,2.46
68,69,000590,启迪药业,8.39,-0.36,-0.03,24992,20964198.0,2.26,8.5,8.31,8.39,8.42,1.04,-52.96,2.89
69,70,300108,*ST吉药,2.99,-0.66,-0.02,32605,9738683.0,1.33,3.01,2.97,3.0,3.01,0.5,-6.46,-3.89
70,71,600252,中恒集团,2.88,-0.69,-0.02,145092,41743381.0,2.41,2.92,2.85,2.89,2.9,0.42,664.46,1.53
71,72,600518,康美药业,2.73,-3.53,-0.1,7596288,2075598316.0,8.83,2.85,2.6,2.85,2.83,5.58,5659.67,5.37
