,排名,板块名称,板块代码,最新价,涨跌额,涨跌幅,总市值,换手率,上涨家数,下跌家数,领涨股票,领涨股票-涨跌幅
0,1,能源金属,BK1015,559.48,24.92,4.66,403487856000,1.74,12,0,威领股份,9.97
1,2,医药商业,BK1042,1093.85,44.81,4.27,361672176000,0.91,31,0,人民同泰,10.03
2,3,医疗服务,BK0727,1114.06,27.45,2.53,777823968000,0.99,40,5,国际医学,10.07
3,4,汽车整车,BK1029,1756.0,37.15,2.16,2290040272000,1.26,18,6,东风股份,10.03
4,5,中药,BK1040,1545.99,29.66,1.96,1017709632000,1.77,68,4,康惠制药,10.03
5,6,酿酒行业,BK0477,57030.14,896.26,1.6,4042592544000,0.47,37,2,岩石股份,4.59
6,7,化学制药,BK0465,31158.2,453.03,1.48,1804261296000,0.62,127,16,西点药业,10.52
7,8,小金属,BK1027,2084.92,29.73,1.45,718473408000,0.95,25,12,有研新材,10.01
8,9,美容护理,BK1035,826.13,11.55,1.42,322572080000,0.91,24,3,润本股份,6.16
9,10,生物制品,BK1044,924.72,12.85,1.41,1369012016000,0.59,64,11,神州细胞-U,7.4
10,11,化肥行业,BK0731,1382.76,19.17,1.41,399582784000,0.7,19,5,司尔特,9.15
11,12,电池,BK1033,1059.21,13.97,1.34,2301727856000,1.65,50,25,曼恩斯特,19.99
12,13,医疗器械,BK1041,868.79,10.99,1.28,1453643376000,0.51,99,19,鹿得医疗,8.74
13,14,化学原料,BK1019,790.7,9.88,1.27,882788656000,0.37,60,16,君正集团,10.09
14,15,商业百货,BK0482,15390.64,174.73,1.15,533420912000,0.93,47,12,宁波中百,10.03
15,16,多元金融,BK0738,688.11,7.44,1.09,564057232000,0.92,13,8,翠微股份,10.01
16,17,汽车零部件,BK0481,35549.52,382.3,1.09,1786090432000,1.89,150,64,冠盛股份,10.02
17,18,家电行业,BK0456,20100.33,209.14,1.05,1971736096000,0.97,62,25,金海高科,10.05
18,19,装修建材,BK0476,12769.77,118.61,0.94,470261584000,0.88,50,18,顾地科技,9.98
19,20,塑料制品,BK0454,12680.3,114.25,0.91,380556672000,1.09,51,33,道恩股份,10.0
20,21,农药兽药,BK0730,1010.06,8.92,0.89,280124656000,0.53,39,7,百傲化学,5.72
21,22,珠宝首饰,BK0734,366.44,3.17,0.87,143293866000,0.33,14,2,周大生,3.1
22,23,化学制品,BK0538,24267.14,204.59,0.85,1393778800000,0.71,112,48,红 宝 丽,9.98
23,24,家用轻工,BK0440,36485.48,305.77,0.85,274113152000,0.75,30,7,英派斯,4.77
24,25,纺织服装,BK0436,10191.22,84.37,0.83,508599296000,0.52,70,22,哈森股份,10.01
25,26,橡胶制品,BK1018,1439.78,11.3,0.79,294375248000,0.85,21,9,科强股份,6.41
26,27,工程机械,BK0739,1611.23,12.61,0.79,653012320000,0.49,21,11,宇通重工,10.0
27,28,造纸印刷,BK0470,9218.79,71.97,0.79,265419096000,0.68,21,14,滨海能源,9.96
28,29,光伏设备,BK1031,1389.13,10.79,0.78,1745050256000,0.86,44,31,爱旭股份,8.83
29,30,航空机场,BK0420,5186.79,39.8,0.77,731809680000,0.69,13,1,海控B股,3.33
30,31,银行,BK0475,3601.47,26.64,0.75,12374224640000,0.05,38,2,平安银行,1.81
31,32,食品饮料,BK0438,25625.53,163.25,0.64,1689805824000,0.49,94,22,嘉必优,19.98
32,33,旅游酒店,BK0485,15500.54,96.39,0.63,386832736000,0.73,32,4,西安饮食,2.71
33,34,电机,BK1030,1852.85,11.1,0.6,197719567000,1.56,12,12,神力股份,9.97
34,35,消费电子,BK1037,1519.66,9.02,0.6,2142633744000,0.91,59,42,和而泰,9.99
35,36,化纤行业,BK0471,13328.26,74.95,0.57,461496416000,0.33,14,9,恒申新材,7.29
36,37,航运港口,BK0450,10382.64,50.16,0.49,1070311856000,0.21,26,7,ST锦港,3.21
37,38,证券,BK0473,162050.62,764.43,0.47,3848411904000,0.41,37,10,锦龙股份,5.88
38,39,综合行业,BK0539,10164.22,46.06,0.46,196763698000,0.76,8,10,粤桂股份,10.04
39,40,电源设备,BK1034,1753.57,6.89,0.39,408961680000,1.24,15,13,英杰电气,5.75
40,41,计算机设备,BK0735,1317.61,5.0,0.38,1037838592000,1.72,21,28,御银股份,10.04
41,42,贸易行业,BK0484,9932.57,36.76,0.37,341393472000,0.96,19,18,润欣科技,9.44
42,43,石油行业,BK0464,5555.23,19.71,0.36,3689764128000,0.06,13,5,*ST海越,4.83
43,44,物流行业,BK0422,6572.9,20.0,0.31,875224176000,0.47,36,17,万林物流,4.07
44,45,通信设备,BK0448,13864.9,32.35,0.23,1643711968000,1.37,43,65,邦彦技术,8.96
45,46,电网设备,BK0457,25694.49,58.46,0.23,1313206624000,0.6,73,54,聚星科技,5.93
46,47,工程咨询服务,BK0726,754.66,1.65,0.22,207436579000,0.92,21,20,中岩大地,4.34
47,48,汽车服务,BK1016,970.47,1.97,0.2,70787705000,1.19,7,6,德众汽车,3.41
48,49,钢铁行业,BK0479,7406.27,13.31,0.18,883952992000,0.33,20,20,永兴材料,10.01
49,50,农牧饲渔,BK0433,13691.89,23.04,0.17,1016608096000,0.71,57,29,路斯股份,5.01
50,51,交运设备,BK0429,9360.53,12.34,0.13,706606960000,0.27,25,22,必得科技,4.0
51,52,仪器仪表,BK0458,14891.75,18.16,0.12,312457888000,1.35,27,42,威星智能,10.0
52,53,风电设备,BK1032,1126.86,1.18,0.1,326562608000,0.61,15,11,电气风电,2.07
53,54,铁路公路,BK0421,8551.21,8.2,0.1,702011760000,0.17,15,11,大众交通,2.74
54,55,玻璃玻纤,BK0546,36231.86,33.1,0.09,353129344000,0.35,9,13,戈碧迦,3.64
55,56,互联网服务,BK0447,23821.06,21.25,0.09,1840815376000,1.58,59,89,海联讯,19.97
56,57,煤炭行业,BK0437,11354.5,7.3,0.06,1888771152000,0.2,23,11,潞安环能,2.01
57,58,专用设备,BK0910,2465.59,0.46,0.02,1560377584000,1.01,113,137,软控股份,10.05
58,59,水泥建材,BK0424,25066.01,4.28,0.02,383905360000,0.44,14,13,天山股份,2.33
59,60,有色金属,BK0478,16900.26,2.02,0.01,1159141936000,0.63,34,34,鑫铂股份,9.99
60,61,贵金属,BK0732,1115.35,-0.02,0.0,765749152000,0.43,3,10,山金国际,0.48
61,62,采掘行业,BK1017,1165.12,-0.54,-0.05,320225280000,0.21,10,10,仁智股份,1.71
62,63,包装材料,BK0733,1006.21,-0.55,-0.05,136232996000,1.4,14,14,英联股份,10.02
63,64,通用设备,BK0545,31515.81,-35.73,-0.11,1185504352000,0.93,87,118,杭汽轮Ｂ,10.01
64,65,电力行业,BK0428,16740.93,-20.42,-0.12,3105886208000,0.33,32,42,电投产融,4.21
65,66,通信服务,BK0736,1097.6,-1.46,-0.13,3237636512000,0.6,9,29,中国卫通,8.1
66,67,专业服务,BK1043,1225.77,-1.76,-0.14,217482645000,0.54,21,16,永安行,2.87
67,68,软件开发,BK0737,1149.17,-1.91,-0.17,2503910976000,1.73,67,127,东华软件,10.01
68,69,工程建设,BK0425,23262.59,-42.49,-0.18,1599227840000,0.27,22,39,大千生态,9.99
69,70,教育,BK0740,720.54,-1.71,-0.24,99510890000,2.22,7,7,科德教育,3.38
70,71,电子元件,BK0459,24522.75,-63.38,-0.26,1966860144000,0.99,58,80,远航精密,6.55
71,72,装修装饰,BK0725,517.68,-1.39,-0.27,126878425000,0.93,17,18,联翔股份,5.4
72,73,燃气,BK1028,1587.71,-4.48,-0.28,298347824000,0.62,10,22,长春燃气,5.94
73,74,房地产开发,BK0451,13928.03,-41.21,-0.3,1255716768000,0.53,33,57,合肥城建,8.44
74,75,光学光电子,BK1038,1581.04,-5.17,-0.33,1208366224000,1.07,40,60,维信诺,10.04
75,76,环保行业,BK0728,431.58,-1.81,-0.42,655894112000,1.06,34,81,远达环保,10.01
76,77,公用事业,BK0427,8465.72,-47.28,-0.56,200955111000,0.45,7,15,东望时代,2.45
77,78,非金属材料,BK1020,1299.97,-8.24,-0.63,397760160000,0.81,12,21,菲利华,6.14
78,79,游戏,BK1046,1136.81,-7.95,-0.69,343431472000,1.26,9,18,ST惠程,4.07
79,80,文化传媒,BK0486,9871.72,-82.35,-0.83,1105255568000,1.07,22,73,凤凰传媒,4.05
80,81,航天航空,BK0480,50327.16,-421.81,-0.83,1106413344000,0.76,11,32,航亚科技,2.24
81,82,电子化学品,BK1039,1756.99,-16.72,-0.94,311097152000,2.3,8,18,万润股份,3.42
82,83,船舶制造,BK0729,907.54,-9.59,-1.05,421489232000,0.45,0,10,中国船舶,-0.05
83,84,保险,BK0474,1563.75,-16.95,-1.07,3300505824000,0.24,5,1,中国太保,0.87
84,85,房地产服务,BK1045,1181.42,-13.49,-1.13,99269459000,1.15,7,10,汇通能源,2.97
85,86,半导体,BK1036,1508.26,-23.03,-1.5,4781372928000,1.91,21,135,大港股份,10.0
