,序号,代码,名称,最新价,涨跌幅,涨跌额,成交量,成交额,振幅,最高,最低,今开,昨收,换手率,市盈率-动态,市净率
0,1,688262,国芯科技,33.47,20.01,5.58,,,0.0,,,,27.89,0.0,-66.25,5.0
1,2,688691,灿芯股份,75.0,15.42,10.02,,,0.0,,,,64.98,0.0,82.35,6.54
2,3,688362,甬矽电子,28.0,11.55,2.9,,,0.0,,,,25.1,0.0,202.27,4.61
3,4,002077,大港股份,17.9,10.02,1.63,,,0.0,,,,16.27,0.0,196.31,3.14
4,5,000670,盈方微,8.17,9.96,0.74,,,0.0,,,,7.43,0.0,-142.5,372.83
5,6,688584,上海合晶,22.95,9.65,2.02,,,0.0,,,,20.93,0.0,145.22,3.74
6,7,688249,晶合集成,23.13,8.95,1.9,,,0.0,,,,21.23,0.0,124.77,2.22
7,8,603068,博通集成,31.2,7.62,2.21,,,0.0,,,,28.99,0.0,-103.36,2.81
8,9,688720,艾森股份,56.04,7.11,3.72,,,0.0,,,,52.32,0.0,155.44,4.87
9,10,688535,华海诚科,89.99,6.23,5.28,,,0.0,,,,84.71,0.0,155.98,7.05
10,11,688072,拓荆科技,199.97,5.93,11.19,,,0.0,,,,188.78,0.0,153.87,11.69
11,12,688521,芯原股份,47.8,5.73,2.59,,,0.0,,,,45.21,0.0,-45.27,10.35
12,13,301348,蓝箭电子,31.5,5.39,1.61,,,0.0,,,,29.89,0.0,50154.13,4.17
13,14,688167,炬光科技,85.0,5.13,4.15,,,0.0,,,,80.85,0.0,-111.24,3.35
14,15,430139,华岭股份,40.61,4.96,1.92,,,0.0,,,,38.69,0.0,-540.59,9.95
15,16,688653,康希通信,17.55,4.9,0.82,,,0.0,,,,16.73,0.0,-164.99,4.69
16,17,688595,芯海科技,39.0,4.87,1.81,,,0.0,,,,37.19,0.0,-36.23,7.64
17,18,688347,华虹公司,49.2,4.77,2.24,,,0.0,,,,46.96,0.0,109.7,1.94
18,19,688530,欧莱新材,23.11,4.76,1.05,,,0.0,,,,22.06,0.0,280.92,4.38
19,20,002156,通富微电,34.99,4.39,1.47,,,0.0,,,,33.52,0.0,72.08,3.67
20,21,688981,中芯国际,104.58,4.27,4.28,,,0.0,,,,100.3,0.0,231.13,5.77
21,22,688372,伟测科技,72.36,4.12,2.86,,,0.0,,,,69.5,0.0,99.61,3.24
22,23,688361,中科飞测,100.19,4.09,3.94,,,0.0,,,,96.25,0.0,-463.44,13.51
23,24,603005,晶方科技,29.58,4.01,1.14,,,0.0,,,,28.44,0.0,78.44,4.57
24,25,001270,铖昌科技,54.0,4.01,2.08,,,0.0,,,,51.92,0.0,-266.22,8.22
25,26,688721,龙图光罩,67.0,3.72,2.4,,,0.0,,,,64.6,0.0,93.73,7.57
26,27,688469,芯联集成-U,5.83,3.55,0.2,,,0.0,,,,5.63,0.0,-45.08,3.44
27,28,300053,航宇微,18.43,3.37,0.6,,,0.0,,,,17.83,0.0,-157.04,6.4
28,29,688135,利扬芯片,20.49,3.28,0.65,,,0.0,,,,19.84,0.0,-252.34,3.74
29,30,688798,艾为电子,77.39,3.12,2.34,,,0.0,,,,75.05,0.0,75.91,4.66
30,31,688230,芯导科技,49.57,3.03,1.46,,,0.0,,,,48.11,0.0,52.92,2.6
31,32,300604,长川科技,54.0,2.97,1.56,,,0.0,,,,52.44,0.0,71.03,10.27
32,33,301308,江波龙,94.6,2.81,2.59,,,0.0,,,,92.01,0.0,52.99,5.96
33,34,688037,芯源微,105.37,2.81,2.88,,,0.0,,,,102.49,0.0,147.47,8.38
34,35,600584,长电科技,44.78,2.68,1.17,,,0.0,,,,43.61,0.0,55.83,2.99
35,36,688120,华海清科,207.0,2.68,5.4,,,0.0,,,,201.6,0.0,50.99,7.95
36,37,605588,冠石科技,55.0,2.61,1.4,,,0.0,,,,53.6,0.0,258.96,3.8
37,38,688048,长光华芯,48.78,2.52,1.2,,,0.0,,,,47.58,0.0,-101.74,2.85
38,39,688279,峰岹科技,155.0,2.51,3.8,,,0.0,,,,151.2,0.0,58.41,5.72
39,40,300706,阿石创,25.82,2.5,0.63,,,0.0,,,,25.19,0.0,299.05,5.21
40,41,301050,雷电微力,64.98,2.49,1.58,,,0.0,,,,63.4,0.0,31.92,5.47
41,42,688209,英集芯,18.5,2.44,0.44,,,0.0,,,,18.06,0.0,66.36,4.12
42,43,688012,中微公司,222.15,2.3,5.0,,,0.0,,,,217.15,0.0,113.55,7.36
43,44,688525,佰维存储,67.6,2.3,1.52,,,0.0,,,,66.08,0.0,95.85,11.89
44,45,002371,北方华创,458.0,2.29,10.25,,,0.0,,,,447.75,0.0,41.04,8.41
45,46,688403,汇成股份,10.0,2.25,0.22,,,0.0,,,,9.78,0.0,62.32,2.7
46,47,688002,睿创微纳,54.99,2.23,1.2,,,0.0,,,,53.79,0.0,38.26,4.91
47,48,688401,路维光电,29.41,2.12,0.61,,,0.0,,,,28.8,0.0,35.23,4.31
48,49,688515,裕太微-U,99.03,2.11,2.05,,,0.0,,,,96.98,0.0,-42.46,4.77
49,50,688352,颀中科技,13.61,2.1,0.28,,,0.0,,,,13.33,0.0,53.14,2.71
50,51,600460,士兰微,31.01,2.04,0.62,,,0.0,,,,30.39,0.0,1340.18,4.28
51,52,688261,东微半导,53.0,2.02,1.05,,,0.0,,,,51.95,0.0,158.97,2.25
52,53,688270,臻镭科技,41.6,2.01,0.82,,,0.0,,,,40.78,0.0,461.76,4.19
53,54,688709,成都华微,24.9,2.01,0.49,,,0.0,,,,24.41,0.0,135.21,5.74
54,55,688107,安路科技,30.55,2.0,0.6,,,0.0,,,,29.95,0.0,-58.15,9.51
55,56,688508,芯朋微,48.4,2.0,0.95,,,0.0,,,,47.45,0.0,61.71,2.58
56,57,688049,炬芯科技,34.9,1.93,0.66,,,0.0,,,,34.24,0.0,53.94,2.77
57,58,688008,澜起科技,71.98,1.91,1.35,,,0.0,,,,70.63,0.0,63.06,7.83
58,59,688052,纳芯微,135.28,1.9,2.52,,,0.0,,,,132.76,0.0,-35.47,3.17
59,60,688498,源杰科技,162.0,1.89,3.0,,,0.0,,,,159.0,0.0,-18874.76,6.67
60,61,688593,新相微,24.5,1.87,0.45,,,0.0,,,,24.05,0.0,2466.85,7.19
61,62,688478,晶升股份,32.6,1.84,0.59,,,0.0,,,,32.01,0.0,62.21,2.87
62,63,688172,燕东微,25.0,1.83,0.45,,,0.0,,,,24.55,0.0,-184.2,2.04
63,64,688536,思瑞浦,118.88,1.82,2.13,,,0.0,,,,116.75,0.0,-119.75,2.93
64,65,688047,龙芯中科,144.26,1.79,2.54,,,0.0,,,,141.72,0.0,-126.58,18.02
65,66,300456,赛微电子,21.16,1.78,0.37,,,0.0,,,,20.79,0.0,-98.67,3.08
66,67,688439,振华风光,63.4,1.75,1.09,,,0.0,,,,62.31,0.0,38.28,2.62
67,68,301536,星宸科技,49.0,1.7,0.82,,,0.0,,,,48.18,0.0,78.85,7.13
68,69,300327,中颖电子,27.95,1.6,0.44,,,0.0,,,,27.51,0.0,79.55,5.62
69,70,688458,美芯晟,40.0,1.52,0.6,,,0.0,,,,39.4,0.0,-103.76,2.29
70,71,688396,华润微,53.91,1.45,0.77,,,0.0,,,,53.14,0.0,107.18,3.23
71,72,688486,龙迅股份,62.33,1.43,0.88,,,0.0,,,,61.45,0.0,50.87,4.63
72,73,688138,清溢光电,28.38,1.43,0.4,,,0.0,,,,27.98,0.0,47.14,5.29
73,74,688620,安凯微,9.97,1.42,0.14,,,0.0,,,,9.83,0.0,-130.97,2.65
74,75,688200,华峰测控,129.0,1.42,1.8,,,0.0,,,,127.2,0.0,61.49,5.08
75,76,688110,东芯股份,24.88,1.39,0.34,,,0.0,,,,24.54,0.0,-63.31,3.38
76,77,688130,晶华微,33.0,1.38,0.45,,,0.0,,,,32.55,0.0,-321.47,2.42
77,78,688381,帝奥微,22.05,1.38,0.3,,,0.0,,,,21.75,0.0,223.28,1.91
78,79,688391,钜泉科技,34.67,1.37,0.47,,,0.0,,,,34.2,0.0,41.68,2.15
79,80,688591,泰凌微,29.39,1.34,0.39,,,0.0,,,,29.0,0.0,82.31,3.02
80,81,688385,复旦微电,45.6,1.33,0.6,,,0.0,,,,45.0,0.0,65.56,6.54
81,82,688589,力合微,29.98,1.32,0.39,,,0.0,,,,29.59,0.0,53.88,3.9
82,83,300672,国科微,73.0,1.3,0.94,,,0.0,,,,72.06,0.0,169.78,3.89
83,84,002185,华天科技,13.37,1.29,0.17,,,0.0,,,,13.2,0.0,90.0,2.6
84,85,688601,力芯微,46.8,1.25,0.58,,,0.0,,,,46.22,0.0,46.71,4.93
85,86,688141,杰华特,25.1,1.21,0.3,,,0.0,,,,24.8,0.0,-16.59,5.0
86,87,688380,中微半导,30.72,1.19,0.36,,,0.0,,,,30.36,0.0,82.85,4.14
87,88,688220,翱捷科技-U,42.99,1.18,0.5,,,0.0,,,,42.49,0.0,-32.7,3.06
88,89,300666,江丰电子,76.07,1.16,0.87,,,0.0,,,,75.2,0.0,52.78,4.58
89,90,688082,盛美上海,116.99,1.13,1.31,,,0.0,,,,115.68,0.0,50.47,7.11
90,91,688416,恒烁股份,35.38,1.11,0.39,,,0.0,,,,34.99,0.0,-20.97,2.04
91,92,301095,广立微,73.5,1.1,0.8,,,0.0,,,,72.7,0.0,1430.02,4.8
92,93,301369,联动科技,64.5,1.1,0.7,,,0.0,,,,63.8,0.0,222.25,3.05
93,94,688432,有研硅,13.13,1.08,0.14,,,0.0,,,,12.99,0.0,63.11,3.81
94,95,001309,德明利,87.48,0.91,0.79,,,0.0,,,,86.69,0.0,23.14,8.35
95,96,688661,和林微纳,39.75,0.89,0.35,,,0.0,,,,39.4,0.0,-328.72,3.84
96,97,688702,盛科通信-U,71.0,0.88,0.62,,,0.0,,,,70.38,0.0,-286.53,12.56
97,98,603061,金海通,88.01,0.81,0.71,,,0.0,,,,87.3,0.0,88.15,4.13
98,99,300671,富满微,43.85,0.8,0.35,,,0.0,,,,43.5,0.0,-110.49,5.41
99,100,605111,新洁能,38.99,0.8,0.31,,,0.0,,,,38.68,0.0,36.56,4.21
100,101,688061,灿瑞科技,32.18,0.56,0.18,,,0.0,,,,32.0,0.0,-120.38,1.49
101,102,003026,中晶科技,39.92,0.53,0.21,,,0.0,,,,39.71,0.0,302.89,8.06
102,103,688126,沪硅产业,23.23,0.52,0.12,,,0.0,,,,23.11,0.0,-89.22,4.93
103,104,300458,全志科技,39.76,0.51,0.2,,,0.0,,,,39.56,0.0,125.1,8.34
104,105,688766,普冉股份,86.88,0.45,0.39,,,0.0,,,,86.49,0.0,30.62,4.25
105,106,688689,银河微电,25.06,0.44,0.11,,,0.0,,,,24.95,0.0,53.92,2.76
106,107,688325,赛微微电,50.5,0.44,0.22,,,0.0,,,,50.28,0.0,53.57,2.54
107,108,688099,晶晨股份,72.48,0.43,0.31,,,0.0,,,,72.17,0.0,38.31,4.93
108,109,688216,气派科技,24.7,0.41,0.1,,,0.0,,,,24.6,0.0,-32.58,3.82
109,110,688652,京仪装备,58.92,0.37,0.22,,,0.0,,,,58.7,0.0,57.2,4.83
110,111,688233,神工股份,27.08,0.37,0.1,,,0.0,,,,26.98,0.0,125.84,2.59
111,112,300042,朗科科技,22.96,0.35,0.08,,,0.0,,,,22.88,0.0,-50.6,4.34
112,113,300613,富瀚微,51.91,0.23,0.12,,,0.0,,,,51.79,0.0,48.41,4.69
113,114,603933,睿能科技,15.85,0.19,0.03,,,0.0,,,,15.82,0.0,40.73,2.51
114,115,002049,紫光国微,71.26,0.15,0.11,,,0.0,,,,71.15,0.0,44.96,5.04
115,116,600877,电科芯片,15.57,0.13,0.02,,,0.0,,,,15.55,0.0,234.55,7.52
116,117,688728,格科微,16.95,0.12,0.02,,,0.0,,,,16.93,0.0,4075.76,5.79
117,118,688234,天岳先进,66.77,0.09,0.06,,,0.0,,,,66.71,0.0,150.45,5.43
118,119,002213,大为股份,12.42,0.08,0.01,,,0.0,,,,12.41,0.0,-83.46,5.03
119,120,688409,富创精密,74.14,0.05,0.04,,,0.0,,,,74.1,0.0,90.27,5.07
120,121,300223,北京君正,73.0,0.04,0.03,,,0.0,,,,72.97,0.0,86.61,2.95
121,122,688699,明微电子,40.14,0.02,0.01,,,0.0,,,,40.13,0.0,596.76,3.57
122,123,603986,兆易创新,95.5,0.02,0.02,,,0.0,,,,95.48,0.0,57.32,3.98
123,124,300373,扬杰科技,49.4,0.02,0.01,,,0.0,,,,49.39,0.0,30.09,3.19
124,125,603160,汇顶科技,93.01,0.01,0.01,,,0.0,,,,93.0,0.0,71.34,5.05
125,126,603501,韦尔股份,111.67,0.01,0.01,,,0.0,,,,111.66,0.0,42.82,6.05
126,127,688711,宏微科技,19.77,0.0,0.0,,,0.0,,,,19.77,0.0,781.15,3.88
127,128,688259,创耀科技,43.34,0.0,0.0,,,0.0,,,,43.34,0.0,77.44,3.21
128,129,688173,希荻微,,,,,,,,,,11.8,0.0,-18.58,3.06
129,130,688123,聚辰股份,61.56,0.0,0.0,,,0.0,,,,61.56,0.0,34.39,4.59
130,131,605358,立昂微,28.42,0.0,0.0,,,0.0,,,,28.42,0.0,-263.34,2.55
131,132,002119,康强电子,15.48,0.0,0.0,,,0.0,,,,15.48,0.0,54.86,4.26
132,133,002079,苏州固锝,11.57,0.0,0.0,,,0.0,,,,11.57,0.0,173.54,3.14
133,134,688484,南芯科技,36.03,-0.03,-0.01,,,0.0,,,,36.04,0.0,42.3,3.96
134,135,603290,斯达半导,106.6,-0.05,-0.05,,,0.0,,,,106.65,0.0,45.21,3.87
135,136,688045,必易微,38.18,-0.05,-0.02,,,0.0,,,,38.2,0.0,-97.02,1.95
136,137,603893,瑞芯微,89.59,-0.11,-0.1,,,0.0,,,,89.69,0.0,79.91,11.12
137,138,688332,中科蓝讯,79.0,-0.16,-0.13,,,0.0,,,,79.13,0.0,34.48,2.44
138,139,300623,捷捷微电,41.31,-0.29,-0.12,,,0.0,,,,41.43,0.0,72.3,5.99
139,140,300831,派瑞股份,16.52,-0.42,-0.07,,,0.0,,,,16.59,0.0,75.46,5.79
140,141,688018,乐鑫科技,130.68,-0.43,-0.57,,,0.0,,,,131.25,0.0,43.79,7.2
141,142,300782,卓胜微,102.3,-0.45,-0.46,,,0.0,,,,102.76,0.0,96.4,5.36
142,143,688213,思特威-W,75.88,-0.55,-0.42,,,0.0,,,,76.3,0.0,83.31,7.51
143,144,688368,晶丰明源,108.0,-0.64,-0.7,,,0.0,,,,108.7,0.0,-131.01,7.27
144,145,688608,恒玄科技,234.0,-0.72,-1.7,,,0.0,,,,235.7,0.0,72.87,4.38
145,146,300661,圣邦股份,93.98,-0.75,-0.71,,,0.0,,,,94.69,0.0,116.77,10.33
146,147,300077,国民技术,35.2,-0.9,-0.32,,,0.0,,,,35.52,0.0,-103.07,19.07
147,148,688512,慧智微-U,11.7,-1.1,-0.13,,,0.0,,,,11.83,0.0,-13.55,2.78
148,149,688252,天德钰,24.3,-1.14,-0.28,,,0.0,,,,24.58,0.0,38.83,4.77
149,150,600171,上海贝岭,43.9,-1.24,-0.55,,,0.0,,,,44.45,0.0,97.84,7.32
150,151,600360,ST华微,5.13,-1.54,-0.08,,,0.0,,,,5.21,0.0,36.32,1.47
151,152,301297,富乐德,58.54,-1.75,-1.04,,,0.0,,,,59.58,0.0,187.06,13.53
152,153,688041,海光信息,133.82,-2.31,-3.17,,,0.0,,,,136.99,0.0,152.9,15.69
153,154,688153,唯捷创芯,38.03,-2.46,-0.96,,,0.0,,,,38.99,0.0,-381.81,4.06
154,155,688693,锴威特,40.0,-2.68,-1.1,,,0.0,,,,41.1,0.0,-58.46,3.03
155,156,688286,敏芯股份,53.27,-2.74,-1.5,,,0.0,,,,54.77,0.0,-46.51,2.94
156,157,300046,台基股份,43.5,-2.82,-1.26,,,0.0,,,,44.76,0.0,416.0,9.23
157,158,688256,寒武纪-U,418.0,-3.02,-13.0,,,0.0,,,,431.0,0.0,-180.64,33.96
