,序号,代码,名称,最新价,涨跌幅,涨跌额,成交量,成交额,振幅,最高,最低,今开,昨收,换手率,市盈率-动态,市净率
0,1,832145,恒合股份,18.6,29.53,4.24,,,0.0,,,,14.36,0.0,-103.46,4.92
1,2,002717,岭南股份,3.36,10.16,0.31,,,0.0,,,,3.05,0.0,-11.38,3.07
2,3,600292,远达环保,11.62,10.04,1.06,,,0.0,,,,10.56,0.0,77.01,1.75
3,4,832802,保丽洁,25.72,10.01,2.34,,,0.0,,,,23.38,0.0,95.94,3.93
4,5,605069,正和生态,9.57,10.0,0.87,,,0.0,,,,8.7,0.0,381.8,1.94
5,6,300152,新动力,5.85,6.95,0.38,,,0.0,,,,5.47,0.0,-1641.76,12.97
6,7,002310,*ST东园,1.68,5.0,0.08,,,0.0,,,,1.6,0.0,-1.98,-3.39
7,8,688021,奥福环保,11.5,2.86,0.32,,,0.0,,,,11.18,0.0,-23.7,1.0
8,9,000551,创元科技,13.81,2.75,0.37,,,0.0,,,,13.44,0.0,19.77,2.21
9,10,000885,城发环境,12.57,2.44,0.3,,,0.0,,,,12.27,0.0,7.0,0.98
10,11,300692,中环环保,5.55,2.4,0.13,,,0.0,,,,5.42,0.0,23.74,1.09
11,12,301305,朗坤环境,19.3,2.22,0.42,,,0.0,,,,18.88,0.0,18.23,1.33
12,13,301259,艾布鲁,52.52,2.14,1.1,,,0.0,,,,51.42,0.0,-183.25,9.85
13,14,603177,德创环保,8.38,1.82,0.15,,,0.0,,,,8.23,0.0,53.52,4.58
14,15,831370,新安洁,4.49,1.35,0.06,,,0.0,,,,4.43,0.0,-37.69,2.01
15,16,300355,蒙草生态,5.7,1.24,0.07,,,0.0,,,,5.63,0.0,137.18,2.09
16,17,836263,中航泰达,8.6,1.18,0.1,,,0.0,,,,8.5,0.0,20.63,2.13
17,18,301372,科净源,23.05,1.1,0.25,,,0.0,,,,22.8,0.0,-30.47,1.83
18,19,301265,华新环保,9.48,1.07,0.1,,,0.0,,,,9.38,0.0,53.21,1.4
19,20,300958,建工修复,12.63,0.96,0.12,,,0.0,,,,12.51,0.0,174.16,1.44
20,21,688701,卓锦股份,6.37,0.95,0.06,,,0.0,,,,6.31,0.0,-15.13,3.58
21,22,688057,金达莱,11.62,0.78,0.09,,,0.0,,,,11.53,0.0,23.83,1.0
22,23,002479,富春环保,4.74,0.64,0.03,,,0.0,,,,4.71,0.0,11.87,1.0
23,24,300929,华骐环保,9.57,0.63,0.06,,,0.0,,,,9.51,0.0,-77.27,1.52
24,25,600874,创业环保,5.98,0.5,0.03,,,0.0,,,,5.95,0.0,10.4,0.98
25,26,300335,迪森股份,4.94,0.41,0.02,,,0.0,,,,4.92,0.0,27.32,1.22
26,27,603588,高能环境,5.25,0.19,0.01,,,0.0,,,,5.24,0.0,10.77,0.84
27,28,603817,海峡环保,5.56,0.18,0.01,,,0.0,,,,5.55,0.0,13.04,1.09
28,29,600539,狮头股份,6.3,0.16,0.01,,,0.0,,,,6.29,0.0,-123.61,4.19
29,30,300140,节能环境,6.41,0.16,0.01,,,0.0,,,,6.4,0.0,22.44,1.44
30,31,600217,中再资环,6.74,0.15,0.01,,,0.0,,,,6.73,0.0,34.44,3.07
31,32,603686,福龙马,8.73,0.11,0.01,,,0.0,,,,8.72,0.0,19.16,1.1
32,33,301049,超越科技,28.8,0.1,0.03,,,0.0,,,,28.77,0.0,-57.73,3.78
33,34,300203,聚光科技,17.43,0.06,0.01,,,0.0,,,,17.42,0.0,49.86,2.58
34,35,688376,美埃科技,,,,,,,,,,38.13,0.0,25.87,2.92
35,36,688370,丛麟科技,,,,,,,,,,19.33,0.0,26.73,1.01
36,37,688309,恒誉环保,,,,,,,,,,14.99,0.0,-11059.09,1.67
37,38,688178,万德斯,,,,,,,,,,11.93,0.0,-117.7,0.92
38,39,688096,京源环保,9.3,0.0,0.0,,,0.0,,,,9.3,0.0,-174.65,1.87
39,40,601330,绿色动力,6.28,0.0,0.0,,,0.0,,,,6.28,0.0,14.44,1.14
40,41,600323,瀚蓝环境,22.54,0.0,0.0,,,0.0,,,,22.54,0.0,9.95,1.4
41,42,301203,国泰环保,,,,,,,,,,29.99,0.0,17.78,1.69
42,43,301148,嘉戎技术,,,,,,,,,,19.54,0.0,32.52,1.3
43,44,301109,军信股份,17.12,0.0,0.0,,,0.0,,,,17.12,0.0,12.93,1.35
44,45,301081,严牌股份,,,,,,,,,,8.44,0.0,31.0,1.79
45,46,300948,冠中生态,10.73,0.0,0.0,,,0.0,,,,10.73,0.0,-158.2,1.79
46,47,300899,上海凯鑫,,,,,,,,,,22.02,0.0,147.91,2.18
47,48,300867,圣元环保,,,,,,,,,,13.62,0.0,18.81,1.02
48,49,300864,南大环境,,,,,,,,,,23.03,0.0,20.54,2.82
49,50,300800,力合科技,11.05,0.0,0.0,,,0.0,,,,11.05,0.0,91.18,1.3
50,51,300614,百川畅银,10.79,0.0,0.0,,,0.0,,,,10.79,0.0,-17.47,1.29
51,52,300425,中建环能,5.79,0.0,0.0,,,0.0,,,,5.79,0.0,126.44,1.71
52,53,300385,雪浪环境,4.89,0.0,0.0,,,0.0,,,,4.89,0.0,-8.08,2.95
53,54,300197,节能铁汉,2.54,0.0,0.0,,,0.0,,,,2.54,0.0,-8.92,2.03
54,55,300187,永清环保,,,,,,,,,,5.28,0.0,30.54,3.17
55,56,300137,先河环保,,,,,,,,,,5.8,0.0,433.08,1.75
56,57,002887,绿茵生态,6.78,0.0,0.0,,,0.0,,,,6.78,0.0,30.13,0.83
57,58,000711,*ST京蓝,1.69,0.0,0.0,,,0.0,,,,1.69,0.0,-55.34,7.16
58,59,000035,中国天楹,4.7,0.0,0.0,,,0.0,,,,4.7,0.0,16.32,1.09
59,60,605081,太和水,14.14,-0.07,-0.01,,,0.0,,,,14.15,0.0,-33.38,1.26
60,61,300854,中兰环保,13.49,-0.07,-0.01,,,0.0,,,,13.5,0.0,75.48,1.37
61,62,300774,倍杰特,8.87,-0.11,-0.01,,,0.0,,,,8.88,0.0,17.61,2.41
62,63,601200,上海环境,8.29,-0.12,-0.01,,,0.0,,,,8.3,0.0,17.77,1.02
63,64,002645,华宏科技,7.83,-0.13,-0.01,,,0.0,,,,7.84,0.0,1253.01,1.27
64,65,688659,元琛科技,7.74,-0.13,-0.01,,,0.0,,,,7.75,0.0,86.93,2.0
65,66,300388,节能国祯,7.33,-0.14,-0.01,,,0.0,,,,7.34,0.0,14.49,1.14
66,67,300334,津膜科技,6.48,-0.15,-0.01,,,0.0,,,,6.49,0.0,-123.53,3.52
67,68,300055,万邦达,5.26,-0.19,-0.01,,,0.0,,,,5.27,0.0,647.81,0.86
68,69,002672,东江环保,5.08,-0.2,-0.01,,,0.0,,,,5.09,0.0,-11.89,1.38
69,70,603126,中材节能,6.12,-0.33,-0.02,,,0.0,,,,6.14,0.0,56.58,1.8
70,71,000546,金圆股份,5.47,-0.36,-0.02,,,0.0,,,,5.49,0.0,12.25,0.99
71,72,300172,中电环保,5.39,-0.37,-0.02,,,0.0,,,,5.41,0.0,32.36,1.93
72,73,300056,中创环保,17.7,-0.39,-0.07,,,0.0,,,,17.77,0.0,-466.27,23.45
73,74,300266,兴源环境,2.46,-0.4,-0.01,,,0.0,,,,2.47,0.0,-18.59,30.7
74,75,300664,鹏鹞环保,4.9,-0.41,-0.02,,,0.0,,,,4.92,0.0,13.33,0.87
75,76,600796,钱江生化,4.87,-0.41,-0.02,,,0.0,,,,4.89,0.0,24.56,1.3
76,77,688335,复洁环保,9.65,-0.41,-0.04,,,0.0,,,,9.69,0.0,-70.4,1.19
77,78,601033,永兴股份,14.05,-0.43,-0.06,,,0.0,,,,14.11,0.0,14.63,1.22
78,79,600526,菲达环保,4.43,-0.45,-0.02,,,0.0,,,,4.45,0.0,18.57,0.92
79,80,002210,飞马国际,2.07,-0.48,-0.01,,,0.0,,,,2.08,0.0,82.53,17.42
80,81,300190,维尔利,3.69,-0.54,-0.02,,,0.0,,,,3.71,0.0,161.97,0.82
81,82,301175,中科环保,5.47,-0.55,-0.03,,,0.0,,,,5.5,0.0,22.9,2.29
82,83,000920,沃顿科技,8.87,-0.56,-0.05,,,0.0,,,,8.92,0.0,20.8,2.28
83,84,300961,深水海纳,10.31,-0.58,-0.06,,,0.0,,,,10.37,0.0,-719.45,1.82
84,85,000967,盈峰环境,4.69,-0.64,-0.03,,,0.0,,,,4.72,0.0,18.45,0.86
85,86,300422,博世科,5.1,-0.78,-0.04,,,0.0,,,,5.14,0.0,-35.68,1.28
86,87,002034,旺能环境,15.19,-0.78,-0.12,,,0.0,,,,15.31,0.0,9.55,0.98
87,88,688069,德林海,16.41,-0.79,-0.13,,,0.0,,,,16.54,0.0,49.32,1.37
88,89,000826,启迪环境,2.27,-0.87,-0.02,,,0.0,,,,2.29,0.0,-7.39,0.8
89,90,601827,三峰环境,8.94,-0.89,-0.08,,,0.0,,,,9.02,0.0,11.14,1.36
90,91,002266,浙富控股,3.3,-0.9,-0.03,,,0.0,,,,3.33,0.0,17.77,1.58
91,92,003027,同兴环保,13.73,-0.94,-0.13,,,0.0,,,,13.86,0.0,45.5,1.05
92,93,000068,华控赛格,4.19,-0.95,-0.04,,,0.0,,,,4.23,0.0,-42.12,6.76
93,94,688466,金科环境,13.44,-0.96,-0.13,,,0.0,,,,13.57,0.0,27.42,1.45
94,95,300815,玉禾田,15.41,-0.96,-0.15,,,0.0,,,,15.56,0.0,9.29,1.52
95,96,688101,三达膜,14.36,-0.97,-0.14,,,0.0,,,,14.5,0.0,16.92,1.22
96,97,688565,力源科技,6.0,-0.99,-0.06,,,0.0,,,,6.06,0.0,-50.75,1.89
97,98,603324,盛剑科技,24.5,-1.01,-0.25,,,0.0,,,,24.75,0.0,30.02,2.22
98,99,301068,大地海洋,33.8,-1.08,-0.37,,,0.0,,,,34.17,0.0,57.3,4.42
99,100,301500,飞南资源,20.0,-1.09,-0.22,,,0.0,,,,20.22,0.0,33.34,1.75
100,101,688480,赛恩斯,32.21,-1.11,-0.36,,,0.0,,,,32.57,0.0,16.07,2.94
101,102,300210,森远股份,15.64,-1.2,-0.19,,,0.0,,,,15.83,0.0,-148.5,18.17
102,103,603903,中持股份,6.49,-1.22,-0.08,,,0.0,,,,6.57,0.0,103.12,1.01
103,104,001230,劲旅环境,17.31,-1.25,-0.22,,,0.0,,,,17.53,0.0,15.18,1.27
104,105,603797,联泰环保,3.75,-1.32,-0.05,,,0.0,,,,3.8,0.0,10.04,0.7
105,106,002973,侨银股份,11.23,-1.4,-0.16,,,0.0,,,,11.39,0.0,13.32,2.0
106,107,688485,九州一轨,9.16,-1.51,-0.14,,,0.0,,,,9.3,0.0,-43.13,1.11
107,108,600388,龙净环保,13.52,-1.67,-0.23,,,0.0,,,,13.75,0.0,16.93,1.85
108,109,300786,国林科技,15.98,-1.78,-0.29,,,0.0,,,,16.27,0.0,-62.42,2.51
109,110,300070,碧水源,4.83,-1.83,-0.09,,,0.0,,,,4.92,0.0,-305.71,0.65
110,111,300779,惠城环保,86.0,-1.85,-1.62,,,0.0,,,,87.62,0.0,289.49,12.77
111,112,000820,神雾节能,4.23,-1.86,-0.08,,,0.0,,,,4.31,0.0,-119.23,35.36
112,113,603359,东珠生态,4.22,-1.86,-0.08,,,0.0,,,,4.3,0.0,107.85,0.57
113,114,002573,清新环境,4.18,-1.88,-0.08,,,0.0,,,,4.26,0.0,41.66,0.94
114,115,603568,伟明环保,20.35,-1.88,-0.39,,,0.0,,,,20.74,0.0,12.33,2.76
115,116,603200,上海洗霸,20.03,-1.91,-0.39,,,0.0,,,,20.42,0.0,54.45,3.67
116,117,688679,通源环境,9.36,-2.09,-0.2,,,0.0,,,,9.56,0.0,135.32,1.09
117,118,300631,久吾高科,22.6,-2.16,-0.5,,,0.0,,,,23.1,0.0,104.39,2.35
118,119,301127,天源环保,10.92,-2.5,-0.28,,,0.0,,,,11.2,0.0,26.88,2.45
119,120,301288,清研环境,16.01,-3.44,-0.57,,,0.0,,,,16.58,0.0,-99.68,2.13
