,序号,代码,名称,最新价,涨跌幅,涨跌额,成交量,成交额,振幅,最高,最低,今开,昨收,换手率,市盈率-动态,市净率
0,1,833075,柏星龙,34.67,30.0,8.0,,,0.0,,,,26.67,0.0,43.45,5.57
1,2,873223,荣亿精密,12.7,29.99,2.93,,,0.0,,,,9.77,0.0,-72.59,7.33
2,3,832000,安徽凤凰,17.99,25.8,3.69,,,0.0,,,,14.3,0.0,23.52,2.78
3,4,832145,恒合股份,18.0,25.35,3.64,,,0.0,,,,14.36,0.0,-100.12,4.76
4,5,831641,格利尔,21.5,20.72,3.69,,,0.0,,,,17.81,0.0,-206.6,4.71
5,6,300968,格林精密,16.15,19.99,2.69,,,0.0,,,,13.46,0.0,106.08,3.54
6,7,300271,华宇软件,9.98,18.81,1.58,,,0.0,,,,8.4,0.0,-23.19,2.01
7,8,300278,华昌达,6.6,18.28,1.02,,,0.0,,,,5.58,0.0,90.7,5.24
8,9,839946,华阳变速,11.13,15.1,1.46,,,0.0,,,,9.67,0.0,-81.79,6.73
9,10,870204,沪江材料,25.0,13.64,3.0,,,0.0,,,,22.0,0.0,67.59,5.02
10,11,301077,星华新材,29.0,11.2,2.92,,,0.0,,,,26.08,0.0,24.64,2.74
11,12,600370,三房巷,2.15,10.26,0.2,,,0.0,,,,1.95,0.0,-29.51,1.46
12,13,835670,数字人,23.0,10.21,2.13,,,0.0,,,,20.87,0.0,-248.54,10.25
13,14,002717,岭南股份,3.36,10.16,0.31,,,0.0,,,,3.05,0.0,-11.38,3.07
14,15,000692,惠天热电,4.24,10.13,0.39,,,0.0,,,,3.85,0.0,-3.73,-8.14
15,16,601996,丰林集团,2.61,10.13,0.24,,,0.0,,,,2.37,0.0,-88.27,1.08
16,17,834770,艾能聚,33.89,10.1,3.11,,,0.0,,,,30.78,0.0,80.47,7.49
17,18,000701,厦门信达,5.78,10.1,0.53,,,0.0,,,,5.25,0.0,-20.95,16.05
18,19,600653,申华控股,2.51,10.09,0.23,,,0.0,,,,2.28,0.0,-65.15,6.72
19,20,600130,波导股份,5.46,10.08,0.5,,,0.0,,,,4.96,0.0,344.03,4.09
20,21,002178,延华智能,6.67,10.07,0.61,,,0.0,,,,6.06,0.0,-406.55,10.76
21,22,000536,华映科技,5.04,10.04,0.46,,,0.0,,,,4.58,0.0,-12.32,8.84
22,23,600439,瑞贝卡,5.15,10.04,0.47,,,0.0,,,,4.68,0.0,358.48,2.13
23,24,002451,摩恩电气,8.0,10.04,0.73,,,0.0,,,,7.27,0.0,224.26,4.64
24,25,603626,科森科技,11.52,10.03,1.05,,,0.0,,,,10.47,0.0,-20.49,2.56
25,26,603958,哈森股份,18.01,10.02,1.64,,,0.0,,,,16.37,0.0,-71.51,5.18
26,27,600203,福日电子,12.85,10.02,1.17,,,0.0,,,,11.68,0.0,-40.75,3.91
27,28,002416,爱施德,13.29,10.02,1.21,,,0.0,,,,12.08,0.0,23.53,2.75
28,29,002456,欧菲光,16.04,10.01,1.46,,,0.0,,,,14.58,0.0,678.13,14.96
29,30,603697,有友食品,8.9,10.01,0.81,,,0.0,,,,8.09,0.0,23.54,2.14
30,31,832802,保丽洁,25.72,10.01,2.34,,,0.0,,,,23.38,0.0,95.94,3.93
31,32,300075,数字政通,22.0,10.0,2.0,,,0.0,,,,20.0,0.0,94.95,3.41
32,33,002692,远程股份,5.28,10.0,0.48,,,0.0,,,,4.8,0.0,55.35,3.28
33,34,002312,川发龙蟒,17.16,10.0,1.56,,,0.0,,,,15.6,0.0,57.23,3.45
34,35,000555,神州信息,14.3,10.0,1.3,,,0.0,,,,13.0,0.0,-91.16,2.29
35,36,002185,华天科技,14.2,9.99,1.29,,,0.0,,,,12.91,0.0,95.58,2.77
36,37,600343,航天动力,12.77,9.99,1.16,,,0.0,,,,11.61,0.0,-73.41,5.2
37,38,002869,金溢科技,35.45,9.99,3.22,,,0.0,,,,32.23,0.0,153.55,2.96
38,39,002657,中科金财,20.37,9.99,1.85,,,0.0,,,,18.52,0.0,-66.32,3.83
39,40,001267,汇绿生态,7.6,9.99,0.69,,,0.0,,,,6.91,0.0,169.22,3.89
40,41,600610,中毅达,6.17,9.98,0.56,,,0.0,,,,5.61,0.0,-328.69,102.04
41,42,600865,百大集团,10.47,9.98,0.95,,,0.0,,,,9.52,0.0,22.46,1.68
42,43,002173,创新医疗,9.26,9.98,0.84,,,0.0,,,,8.42,0.0,-110.07,2.22
43,44,300337,银邦股份,21.62,9.97,1.96,,,0.0,,,,19.66,0.0,121.73,10.27
44,45,603789,星光农机,10.15,9.97,0.92,,,0.0,,,,9.23,0.0,-26.13,7.98
45,46,002654,万润科技,18.0,9.96,1.63,,,0.0,,,,16.37,0.0,264.08,10.12
46,47,000592,平潭发展,2.54,9.96,0.23,,,0.0,,,,2.31,0.0,112.61,2.36
47,48,002423,中粮资本,20.56,9.95,1.86,,,0.0,,,,18.7,0.0,27.82,2.17
48,49,002273,水晶光电,23.35,9.93,2.11,,,0.0,,,,21.24,0.0,28.27,3.67
49,50,000903,云内动力,3.21,9.93,0.29,,,0.0,,,,2.92,0.0,-14.47,2.37
50,51,002153,石基信息,8.87,9.91,0.8,,,0.0,,,,8.07,0.0,489.58,3.31
51,52,002912,中新赛克,29.8,9.8,2.66,,,0.0,,,,27.14,0.0,-81.26,3.23
52,53,600363,联创光电,42.3,9.53,3.68,,,0.0,,,,38.62,0.0,42.12,4.63
53,54,600609,金杯汽车,5.76,9.51,0.5,,,0.0,,,,5.26,0.0,19.05,6.01
54,55,600839,四川长虹,14.87,9.18,1.25,,,0.0,,,,13.62,0.0,149.41,4.82
55,56,603708,家家悦,11.7,9.04,0.97,,,0.0,,,,10.73,0.0,29.8,3.08
56,57,601727,上海电气,8.4,8.67,0.67,,,0.0,,,,7.73,0.0,108.74,2.45
57,58,600698,湖南天雁,6.55,8.62,0.52,,,0.0,,,,6.03,0.0,3106.25,9.17
58,59,002611,东方精工,7.7,8.45,0.6,,,0.0,,,,7.1,0.0,21.33,1.94
59,60,601933,永辉超市,4.97,8.04,0.37,,,0.0,,,,4.6,0.0,81.91,7.33
60,61,000901,航天科技,13.94,7.81,1.01,,,0.0,,,,12.93,0.0,1414.47,2.68
61,62,000721,西安饮食,9.8,7.34,0.67,,,0.0,,,,9.13,0.0,-47.59,16.89
62,63,000062,深圳华强,37.99,7.23,2.56,,,0.0,,,,35.43,0.0,111.93,5.53
63,64,300520,科大国创,25.58,7.16,1.71,,,0.0,,,,23.87,0.0,-117.63,4.05
64,65,871694,中裕科技,21.82,7.12,1.45,,,0.0,,,,20.37,0.0,21.94,2.81
65,66,002346,柘中股份,10.78,6.94,0.7,,,0.0,,,,10.08,0.0,-24.18,1.77
66,67,002602,世纪华通,5.0,6.84,0.32,,,0.0,,,,4.68,0.0,16.08,1.44
67,68,600811,东方集团,2.98,6.81,0.19,,,0.0,,,,2.79,0.0,59.41,0.65
68,69,831856,浩淼科技,13.4,6.52,0.82,,,0.0,,,,12.58,0.0,-284.8,2.64
69,70,300578,会畅通讯,25.01,6.34,1.49,,,0.0,,,,23.52,0.0,161.72,4.22
70,71,301365,矩阵股份,20.72,6.31,1.23,,,0.0,,,,19.49,0.0,62.56,2.08
71,72,002570,贝因美,5.32,5.35,0.27,,,0.0,,,,5.05,0.0,55.74,3.73
72,73,002141,*ST贤丰,1.41,5.22,0.07,,,0.0,,,,1.34,0.0,133.77,1.56
73,74,603959,ST百利,2.42,5.22,0.12,,,0.0,,,,2.3,0.0,-4.42,2.92
74,75,600083,*ST博信,2.44,5.17,0.12,,,0.0,,,,2.32,0.0,-12.37,-16.95
75,76,600360,ST华微,5.36,5.1,0.26,,,0.0,,,,5.1,0.0,37.95,1.54
76,77,603559,*ST通脉,9.98,5.05,0.48,,,0.0,,,,9.5,0.0,-12.72,42.45
77,78,600599,ST熊猫,13.17,5.02,0.63,,,0.0,,,,12.54,0.0,44.46,3.64
78,79,603007,*ST花王,10.78,4.97,0.51,,,0.0,,,,10.27,0.0,-37.34,12.3
79,80,600234,*ST科新,4.47,4.93,0.21,,,0.0,,,,4.26,0.0,76.69,2.66
80,81,603890,春秋电子,13.25,4.41,0.56,,,0.0,,,,12.69,0.0,30.96,2.13
81,82,871478,巨能股份,24.02,4.3,0.99,,,0.0,,,,23.03,0.0,-254.5,7.01
82,83,601777,力帆科技,8.16,4.21,0.33,,,0.0,,,,7.83,0.0,692.64,3.53
83,84,000045,深纺织Ａ,13.31,3.98,0.51,,,0.0,,,,12.8,0.0,76.8,2.33
84,85,603341,龙旗科技,48.5,3.83,1.79,,,0.0,,,,46.71,0.0,39.27,4.08
85,86,300102,乾照光电,17.6,3.77,0.64,,,0.0,,,,16.96,0.0,248.86,3.99
86,87,603297,永新光学,84.5,3.77,3.07,,,0.0,,,,81.43,0.0,50.22,5.05
87,88,002474,榕基软件,6.73,3.7,0.24,,,0.0,,,,6.49,0.0,-158.98,2.85
88,89,837748,路桥信息,33.0,3.25,1.04,,,0.0,,,,31.96,0.0,-245.66,8.71
89,90,000665,湖北广电,4.8,3.23,0.15,,,0.0,,,,4.65,0.0,-11.71,1.13
90,91,000572,海马汽车,4.53,3.19,0.14,,,0.0,,,,4.39,0.0,99.59,3.82
91,92,000909,ST数源,5.17,2.78,0.14,,,0.0,,,,5.03,0.0,15.9,1.86
92,93,600776,东方通信,13.42,2.68,0.35,,,0.0,,,,13.07,0.0,121.98,4.88
93,94,001283,豪鹏科技,49.12,2.59,1.24,,,0.0,,,,47.88,0.0,39.03,1.78
94,95,603173,福斯达,23.29,1.97,0.45,,,0.0,,,,22.84,0.0,13.46,2.33
95,96,002246,北化股份,12.09,1.85,0.22,,,0.0,,,,11.87,0.0,-106.98,2.36
96,97,600371,万向德农,10.44,1.66,0.17,,,0.0,,,,10.27,0.0,44.26,5.33
97,98,300147,香雪制药,14.5,1.54,0.22,,,0.0,,,,14.28,0.0,-33.02,5.62
98,99,300417,南华仪器,15.08,1.28,0.19,,,0.0,,,,14.89,0.0,82.23,4.38
99,100,002528,ST英飞拓,3.17,0.96,0.03,,,0.0,,,,3.14,0.0,-27.32,8.97
100,101,000058,深 赛 格,9.9,0.81,0.08,,,0.0,,,,9.82,0.0,239.77,6.07
101,102,002647,仁东控股,9.0,0.78,0.07,,,0.0,,,,8.93,0.0,-22.24,-65.62
102,103,600603,ST广物,8.15,0.37,0.03,,,0.0,,,,8.12,0.0,19.03,1.47
103,104,000668,荣丰控股,9.17,0.33,0.03,,,0.0,,,,9.14,0.0,-29.42,1.26
104,105,002725,跃岭股份,16.01,0.25,0.04,,,0.0,,,,15.97,0.0,639.0,4.23
105,106,605333,沪光股份,33.44,0.0,0.0,,,0.0,,,,33.44,0.0,24.99,7.45
106,107,603985,恒润股份,15.08,0.0,0.0,,,0.0,,,,15.08,0.0,-67.67,2.03
107,108,603676,卫信康,10.41,0.0,0.0,,,0.0,,,,10.41,0.0,13.97,3.06
108,109,002700,ST浩源,9.25,0.0,0.0,,,0.0,,,,9.25,0.0,34.95,4.62
109,110,000859,国风新材,6.15,0.0,0.0,,,0.0,,,,6.15,0.0,-65.95,1.95
110,111,000070,ST特信,5.74,0.0,0.0,,,0.0,,,,5.74,0.0,876.14,2.71
111,112,300972,万辰集团,69.47,-0.01,-0.01,,,0.0,,,,69.48,0.0,111.24,13.66
112,113,603499,翔港科技,27.6,-0.11,-0.03,,,0.0,,,,27.63,0.0,134.12,7.55
113,114,600696,岩石股份,18.0,-0.22,-0.04,,,0.0,,,,18.04,0.0,-38.9,11.4
114,115,831445,龙竹科技,8.96,-2.18,-0.2,,,0.0,,,,9.16,0.0,96.19,3.84
115,116,600250,南京商旅,10.0,-2.25,-0.23,,,0.0,,,,10.23,0.0,59.59,5.17
116,117,301008,宏昌科技,23.3,-6.69,-1.67,,,0.0,,,,24.97,0.0,44.62,2.47
117,118,600543,莫高股份,6.81,-9.32,-0.7,,,0.0,,,,7.51,0.0,-118.49,2.57
