,序号,代码,名称,最新价,涨跌幅,涨跌额,成交量,成交额,振幅,最高,最低,今开,昨收,换手率,市盈率-动态,市净率
0,1,832145,恒合股份,14.36,29.95,3.31,49392.0,69391394.52,9.95,14.36,13.26,13.9,11.05,11.02,-89.45,3.74
1,2,834770,艾能聚,28.0,18.24,4.32,108503.0,299079327.23,18.07,29.88,25.6,25.92,23.68,13.25,95.02,6.42
2,3,839493,并行科技,93.61,16.52,13.27,46201.0,442099445.95,13.26,99.65,89.0,90.32,80.34,17.78,1355.58,15.72
3,4,430489,佳先股份,38.38,16.2,5.35,119939.0,463712535.59,16.56,41.44,35.97,37.99,33.03,14.0,142.85,10.39
4,5,839273,一致魔芋,22.17,15.83,3.03,36602.0,77096164.16,15.57,22.78,19.8,19.88,19.14,11.14,19.76,2.76
5,6,839792,东和新材,16.41,14.59,2.09,69479.0,110725773.48,21.65,17.6,14.5,15.0,14.32,11.65,42.97,2.82
6,7,300338,*ST开元,4.31,14.32,0.54,357105.0,155387947.6,13.0,4.52,4.03,4.36,3.77,10.36,-36.04,-11.71
7,8,300688,创业黑马,37.95,14.2,4.72,307824.0,1158635164.51,10.89,39.22,35.6,36.07,33.23,21.69,-110.38,13.08
8,9,688237,超卓航科,31.67,12.62,3.55,38806.0,118977222.0,19.06,33.71,28.35,28.96,28.12,8.8,92.46,2.3
9,10,300152,新动力,6.07,12.62,0.68,1122822.0,705766184.67,10.02,6.47,5.93,6.1,5.39,15.76,-296.5,13.69
10,11,836149,旭杰科技,24.78,12.08,2.67,70749.0,176295886.12,20.26,26.98,22.5,22.8,22.11,14.78,95.38,9.62
11,12,300087,荃银高科,12.91,11.68,1.35,1018826.0,1272904793.25,7.53,13.07,12.2,12.24,11.56,11.37,-108.77,6.95
12,13,831856,浩淼科技,10.8,11.57,1.12,64109.0,72649475.86,16.84,12.23,10.6,10.88,9.68,13.38,-45.16,2.16
13,14,000903,云内动力,2.92,10.19,0.27,1442695.0,418678914.94,4.53,2.92,2.8,2.92,2.65,7.51,-13.16,2.16
14,15,600172,黄河旋风,3.59,10.12,0.33,538717.0,192969394.0,3.07,3.59,3.49,3.59,3.26,4.22,-10.42,2.31
15,16,600622,光大嘉宝,4.68,10.12,0.43,430774.0,198909300.0,4.24,4.68,4.5,4.58,4.25,2.87,-15.85,1.46
16,17,600439,瑞贝卡,4.68,10.12,0.43,1103628.0,512158397.0,7.06,4.68,4.38,4.68,4.25,9.75,325.77,1.94
17,18,002717,岭南股份,3.05,10.11,0.28,1480128.0,447473307.41,6.5,3.05,2.87,3.05,2.77,9.62,-10.33,2.78
18,19,000536,华映科技,4.58,10.1,0.42,1115811.0,505109604.1,7.21,4.58,4.28,4.58,4.16,4.04,-11.2,8.04
19,20,002094,青岛金王,7.76,10.07,0.71,58078.0,45068528.0,0.0,7.76,7.76,7.76,7.05,0.84,66.05,3.62
20,21,002542,中化岩土,3.5,10.06,0.32,102979.0,36042681.5,0.0,3.5,3.5,3.5,3.18,0.64,-24.6,3.14
21,22,002685,华东重机,9.19,10.06,0.84,460827.0,420849625.85,4.67,9.19,8.8,9.19,8.35,4.57,205.28,6.33
22,23,600604,市北高新,5.69,10.06,0.52,472486.0,263163535.0,6.96,5.69,5.33,5.4,5.17,3.36,-39.14,1.7
23,24,600865,百大集团,9.52,10.06,0.87,143367.0,135728726.0,3.7,9.52,9.2,9.47,8.65,3.81,34.25,1.58
24,25,002529,海源复材,11.06,10.05,1.01,164786.0,181483000.0,2.59,11.06,10.8,11.05,10.05,6.34,-28.65,7.19
25,26,603021,山东华鹏,6.9,10.05,0.63,325377.0,221351494.0,6.22,6.9,6.51,6.6,6.27,10.17,-17.02,21.04
26,27,600246,万通发展,12.38,10.04,1.13,63238.0,78289201.0,0.0,12.38,12.38,12.38,11.25,0.32,-155.45,4.43
27,28,002272,川润股份,15.36,10.03,1.4,279744.0,428610853.44,2.58,15.36,15.0,15.36,13.96,7.37,-65.8,4.66
28,29,600198,大唐电信,14.38,10.02,1.31,1013140.0,1438296975.0,5.97,14.38,13.6,13.88,13.07,11.51,-151.62,75.46
29,30,002253,川大智胜,19.98,10.02,1.82,37059.0,74044661.22,0.0,19.98,19.98,19.98,18.16,1.78,-125.05,3.83
30,31,002570,贝因美,5.05,10.02,0.46,1576818.0,793924873.06,3.49,5.05,4.89,5.05,4.59,14.6,52.92,3.54
31,32,603887,城地香江,19.22,10.02,1.75,710610.0,1332233054.0,6.98,19.22,18.0,18.3,17.47,13.37,-75.61,3.3
32,33,600839,四川长虹,13.62,10.02,1.24,3938836.0,5336800431.0,5.98,13.62,12.88,13.62,12.38,8.53,136.85,4.42
33,34,002312,川发龙蟒,15.6,10.01,1.42,982487.0,1523530924.83,4.23,15.6,15.0,15.6,14.18,5.6,52.03,3.14
34,35,002583,海能达,23.31,10.0,2.12,75934.0,177002993.16,0.0,23.31,23.31,23.31,21.19,0.59,126.41,6.95
35,36,002712,思美传媒,5.72,10.0,0.52,24707.0,14132404.0,0.0,5.72,5.72,5.72,5.2,0.46,1343.51,2.2
36,37,603106,恒银科技,14.42,9.99,1.31,185735.0,267204094.0,3.2,14.42,14.0,14.42,13.11,3.57,-157.23,6.1
37,38,603038,华立股份,28.52,9.99,2.59,103757.0,295420933.0,3.05,28.52,27.73,28.52,25.93,3.86,208.36,5.66
38,39,605069,正和生态,8.7,9.99,0.79,7403.0,6440723.0,0.0,8.7,8.7,8.7,7.91,0.88,347.09,1.76
39,40,600481,双良节能,5.95,9.98,0.54,111934.0,66600534.0,0.0,5.95,5.95,5.95,5.41,0.6,-4.43,2.05
40,41,600336,澳柯玛,11.35,9.98,1.03,463756.0,519151896.0,6.2,11.35,10.71,11.33,10.32,5.81,90.49,3.59
41,42,002657,中科金财,18.52,9.98,1.68,189239.0,345441519.61,5.17,18.52,17.65,17.85,16.84,5.63,-60.29,3.48
42,43,600178,东安动力,12.68,9.97,1.15,43093.0,54642520.0,0.0,12.68,12.68,12.68,11.53,0.92,-2802.68,2.35
43,44,000520,凤凰航运,5.3,9.96,0.48,107295.0,56866588.5,0.0,5.3,5.3,5.3,4.82,1.06,-182.18,10.27
44,45,601727,上海电气,7.73,9.96,0.7,4405458.0,3394713422.0,4.69,7.73,7.4,7.73,7.03,3.48,100.07,2.26
45,46,600340,华夏幸福,1.88,9.94,0.17,226481.0,42578432.0,0.0,1.88,1.88,1.88,1.71,0.58,-0.76,1.58
46,47,600825,新华传媒,7.3,9.94,0.66,86323.0,63016016.0,0.0,7.3,7.3,7.3,6.64,0.83,128.86,3.06
47,48,002865,钧达股份,72.07,9.9,6.49,80407.0,576039283.33,3.8,72.14,69.65,69.65,65.58,3.59,-49.51,3.85
48,49,002622,皓宸医疗,2.89,9.89,0.26,521470.0,143858848.92,9.89,2.89,2.63,2.8,2.63,6.21,2193.01,5.58
49,50,000677,恒天海龙,6.13,9.86,0.55,682612.0,413421599.36,6.09,6.14,5.8,5.99,5.58,7.9,101.19,10.58
50,51,000599,青岛双星,6.29,9.77,0.56,483260.0,294935254.09,9.77,6.3,5.74,5.85,5.73,5.92,-44.99,2.46
51,52,300085,银之杰,54.5,9.59,4.77,865359.0,4664653765.77,11.86,56.9,51.0,51.11,49.73,13.63,-384.91,62.19
52,53,300147,香雪制药,13.01,9.33,1.11,804286.0,1045953705.11,10.5,13.52,12.27,12.73,11.9,12.23,-29.63,5.04
53,54,603958,哈森股份,16.18,8.74,1.3,107208.0,169660898.0,9.88,16.37,14.9,15.18,14.88,4.89,-149.77,4.48
54,55,002694,顾地科技,4.73,8.74,0.38,141791.0,66369726.06,8.05,4.79,4.44,4.57,4.35,2.56,-44.93,6.92
55,56,601777,力帆科技,7.74,8.71,0.62,923309.0,707156567.0,7.72,7.83,7.28,7.6,7.12,2.04,656.99,3.35
56,57,601933,永辉超市,4.53,8.37,0.35,2822060.0,1230958041.0,8.13,4.54,4.2,4.27,4.18,3.11,74.66,6.68
57,58,872541,铁大科技,12.92,8.21,0.98,65492.0,85165841.23,16.58,13.99,12.01,12.2,11.94,7.27,57.05,4.7
58,59,000158,常山北明,30.49,8.16,2.3,1690396.0,4916220114.22,12.52,30.68,27.15,28.19,28.19,10.65,-128.48,8.75
59,60,600371,万向德农,10.1,8.14,0.76,231639.0,228184138.0,7.17,10.2,9.53,9.74,9.34,7.92,36.07,5.26
60,61,600770,综艺股份,6.14,8.1,0.46,720520.0,439975261.0,8.1,6.25,5.79,5.9,5.68,5.54,82.98,2.41
61,62,688560,明冠新材,19.5,7.97,1.44,163879.0,329460880.0,11.02,21.0,19.01,21.0,18.06,8.14,228.48,1.39
62,63,600745,闻泰科技,42.9,7.82,3.11,447338.0,1903525224.0,5.83,43.55,41.23,42.0,39.79,3.6,96.46,1.48
63,64,301211,亨迪药业,22.1,7.7,1.58,172753.0,374400449.83,16.91,23.47,20.0,20.53,20.52,23.99,63.94,2.77
64,65,872392,佳合科技,20.01,7.64,1.42,25975.0,52012781.63,11.24,20.99,18.9,20.99,18.59,9.25,27.63,3.68
65,66,000793,华闻集团,2.98,7.58,0.21,1709901.0,498062824.77,11.19,3.0,2.69,2.93,2.77,8.72,-42.57,7.14
66,67,000702,正虹科技,10.29,7.3,0.7,167555.0,169251990.54,8.24,10.49,9.7,9.87,9.59,6.28,-158.92,8.59
67,68,600881,亚泰集团,2.24,7.18,0.15,1456974.0,316708941.0,8.13,2.27,2.1,2.14,2.09,4.48,-3.92,1.5
68,69,603063,禾望电气,17.94,7.17,1.2,223785.0,392214593.0,8.0,18.08,16.74,17.0,16.74,5.05,23.54,1.94
69,70,600203,福日电子,11.38,7.16,0.76,641831.0,722465016.0,7.16,11.56,10.8,11.36,10.62,10.82,-36.08,3.47
70,71,603788,宁波高发,16.19,7.15,1.08,130262.0,211340114.0,5.96,16.6,15.7,16.01,15.11,5.84,17.77,1.78
71,72,000820,神雾节能,4.46,6.95,0.29,237724.0,106968979.9,7.19,4.59,4.29,4.59,4.17,8.26,-125.71,37.28
72,73,300197,节能铁汉,2.62,6.94,0.17,1961123.0,496229367.99,13.06,2.68,2.36,2.45,2.45,6.61,-9.45,1.97
73,74,600705,中航产融,4.03,6.9,0.26,2339236.0,934580701.0,7.16,4.1,3.83,4.0,3.77,2.66,75.1,0.97
74,75,002725,跃岭股份,15.51,6.82,0.99,260991.0,390056256.73,9.64,15.65,14.25,14.6,14.52,12.32,619.04,4.1
75,76,000652,泰达股份,4.96,6.67,0.31,669154.0,325489447.86,7.53,5.07,4.72,4.79,4.65,4.54,39.94,1.27
76,77,002348,高乐股份,3.41,6.56,0.21,478141.0,161030484.82,7.81,3.47,3.22,3.3,3.2,5.38,-70.75,6.74
77,78,002628,成都路桥,6.38,6.33,0.38,1022494.0,647249649.49,9.67,6.58,6.0,6.34,6.0,13.54,-86.63,1.63
78,79,300846,首都在线,15.82,6.32,0.94,777114.0,1276392198.38,8.87,17.12,15.8,16.78,14.88,19.91,-40.55,7.38
79,80,600696,岩石股份,17.39,6.04,0.99,137362.0,234155810.0,8.17,17.64,16.3,16.92,16.4,4.11,-37.58,11.02
80,81,002313,日海智能,9.85,5.8,0.54,323065.0,323782266.01,7.84,10.24,9.51,10.03,9.31,8.63,-48.5,22.86
81,82,603985,恒润股份,14.5,5.76,0.79,245369.0,356531396.0,6.42,14.9,14.02,14.3,13.71,5.57,-65.07,1.95
82,83,300061,旗天科技,21.02,5.73,1.14,731403.0,1501089209.62,14.29,21.64,18.8,20.01,19.88,11.79,-469.31,18.4
83,84,603790,雅运股份,12.05,5.7,0.65,120686.0,146971326.0,7.37,12.54,11.7,12.54,11.4,6.31,26.44,1.93
84,85,000821,京山轻机,15.48,5.67,0.83,616354.0,967815168.16,6.83,16.12,15.12,15.43,14.65,10.18,16.7,2.39
85,86,002406,远东传动,7.48,5.65,0.4,836345.0,641374700.1,6.07,7.79,7.36,7.79,7.08,13.89,51.39,1.38
86,87,688207,格灵深瞳,18.16,5.58,0.96,145606.0,270126339.0,7.21,19.04,17.8,18.51,17.2,8.15,-25.63,2.2
87,88,003013,地铁设计,16.39,5.54,0.86,68270.0,111120657.13,4.31,16.5,15.83,16.2,15.53,1.71,16.93,2.63
88,89,603305,旭升集团,13.1,5.48,0.68,277022.0,358239388.0,5.39,13.19,12.52,12.52,12.42,2.97,23.09,1.95
89,90,600619,海立股份,11.47,5.42,0.59,592418.0,677418516.0,7.08,11.77,11.0,11.29,10.88,7.51,1464.89,2.03
90,91,600712,南宁百货,5.88,5.38,0.3,478142.0,283078251.0,10.04,6.14,5.58,6.14,5.58,8.88,426.47,3.84
91,92,000995,皇台酒业,14.55,5.36,0.74,112183.0,162746303.98,5.65,14.79,14.01,14.29,13.81,6.32,85.57,17.76
92,93,002169,智光电气,8.77,5.16,0.43,439138.0,389484863.08,6.71,9.07,8.51,8.88,8.34,5.79,-38.04,2.35
93,94,001332,锡装股份,35.56,5.11,1.73,18107.0,64190339.39,2.57,35.88,35.01,35.39,33.83,6.71,14.12,1.66
94,95,000638,万方发展,5.38,5.08,0.26,293923.0,160840677.65,6.45,5.63,5.3,5.63,5.12,9.48,799.92,9.9
95,96,603959,ST百利,2.3,5.02,0.11,44109.0,10144570.0,0.46,2.3,2.29,2.3,2.19,0.9,-4.2,2.77
96,97,002427,尤夫股份,4.19,5.01,0.2,273120.0,115152548.06,3.51,4.3,4.16,4.19,3.99,2.77,-52.65,4.51
97,98,000909,ST数源,5.03,5.01,0.24,38252.0,19090052.5,2.51,5.03,4.91,4.97,4.79,0.87,15.47,1.81
98,99,002700,ST浩源,9.25,4.99,0.44,16812.0,15405351.5,2.95,9.25,8.99,9.0,8.81,0.5,37.0,4.6
99,100,600083,*ST博信,2.32,4.98,0.11,55043.0,12737572.0,3.17,2.32,2.25,2.32,2.21,2.41,-11.76,-16.12
100,101,603559,*ST通脉,9.5,4.97,0.45,7051.0,6698450.0,0.0,9.5,9.5,9.5,9.05,0.49,-11.46,23.38
101,102,002251,ST步步高,3.38,4.97,0.16,255665.0,86178955.53,2.17,3.38,3.31,3.38,3.22,1.69,3.37,1.06
102,103,870204,沪江材料,17.77,4.96,0.84,57748.0,98556275.79,27.76,19.7,15.0,16.5,16.93,11.58,48.04,3.57
103,104,603377,ST东时,1.7,4.94,0.08,11597.0,1971429.0,0.0,1.7,1.7,1.7,1.62,0.16,-8.43,0.71
104,105,000584,*ST工智,2.55,4.94,0.12,10478.0,2671890.0,0.0,2.55,2.55,2.55,2.43,0.14,77.26,3.45
105,106,002786,银宝山新,14.09,4.91,0.66,475103.0,670021855.32,4.99,14.37,13.7,13.8,13.43,9.62,-48.69,16.39
106,107,000025,特  力Ａ,20.78,4.9,0.97,271563.0,577164155.82,6.36,21.79,20.53,21.79,19.81,6.91,62.16,5.27
107,108,002212,天融信,6.89,4.87,0.32,640390.0,447898854.68,5.78,7.23,6.85,7.23,6.57,5.49,-36.01,0.88
108,109,002247,聚力文化,2.37,4.87,0.11,571621.0,136364152.13,6.19,2.46,2.32,2.46,2.26,8.88,6.86,3.22
109,110,600689,上海三毛,10.03,4.81,0.46,95900.0,93653754.0,7.31,10.1,9.4,9.8,9.57,6.3,92.54,4.44
110,111,600579,克劳斯,8.53,4.79,0.39,323342.0,282601262.0,8.85,8.95,8.23,8.95,8.14,6.51,-7.38,14.14
111,112,600067,冠城大通,2.88,4.73,0.13,287793.0,82021388.0,5.82,2.92,2.76,2.86,2.75,2.07,-74.3,0.62
112,113,003001,中岩大地,38.2,4.69,1.71,23057.0,88192366.38,6.08,39.12,36.9,38.4,36.49,3.15,119.81,4.19
113,114,600234,*ST科新,4.25,4.68,0.19,20205.0,8569309.0,1.48,4.26,4.2,4.2,4.06,0.77,-79.16,2.64
114,115,603214,爱婴室,19.7,4.68,0.88,142752.0,288759484.0,6.96,20.7,19.39,20.7,18.82,10.3,42.74,2.49
115,116,000953,河化股份,5.18,4.65,0.23,323240.0,171206726.86,5.66,5.45,5.17,5.34,4.95,8.83,17.94,13.11
116,117,000826,启迪环境,2.48,4.64,0.11,644772.0,157578376.0,5.91,2.52,2.38,2.44,2.37,4.52,-8.07,0.88
117,118,000626,远大控股,7.06,4.59,0.31,153309.0,108348317.33,5.33,7.24,6.88,6.92,6.75,3.05,-44.51,1.38
118,119,600192,长城电工,7.25,4.32,0.3,236608.0,170136169.0,8.2,7.45,6.88,6.97,6.95,5.36,-19.77,2.4
119,120,600719,大连热电,8.2,4.19,0.33,419500.0,346647921.0,6.73,8.53,8.0,8.4,7.87,10.37,-21.38,7.63
120,121,601865,福莱特,29.0,4.17,1.16,290908.0,857655533.0,7.0,30.31,28.36,29.28,27.84,1.53,22.67,3.09
121,122,600589,广东榕泰,4.53,4.14,0.18,364056.0,165534559.0,6.44,4.7,4.42,4.7,4.35,2.46,-89.64,11.23
122,123,001211,双枪科技,21.93,3.98,0.84,54875.0,122356475.35,9.72,23.2,21.15,23.2,21.09,7.92,59.15,1.84
123,124,600581,八一钢铁,3.69,3.94,0.14,997734.0,373435536.0,5.63,3.84,3.64,3.77,3.55,6.51,-3.94,5.32
124,125,300975,商络电子,14.04,3.92,0.53,671701.0,905628008.45,10.81,14.15,12.69,13.51,13.51,14.34,135.26,4.6
125,126,002248,华东数控,11.05,3.85,0.41,291684.0,329616405.69,9.02,11.68,10.72,10.88,10.64,9.49,277.5,47.58
126,127,000068,华控赛格,4.37,3.8,0.16,703563.0,303436847.33,8.08,4.45,4.11,4.22,4.21,6.99,-43.93,7.05
127,128,002642,荣联科技,8.62,3.73,0.31,597142.0,517842635.94,4.69,8.93,8.54,8.67,8.31,9.87,246.03,4.95
128,129,003005,竞业达,29.22,3.73,1.05,78020.0,232026948.24,3.87,30.09,29.0,29.93,28.17,10.57,133.62,2.86
129,130,003032,传智教育,11.84,3.68,0.42,375629.0,457109790.0,5.69,12.49,11.84,12.49,11.42,13.74,-69.61,3.52
130,131,600113,浙江东日,11.51,3.6,0.4,89125.0,102680027.0,5.76,11.75,11.11,11.18,11.11,2.17,39.5,2.09
131,132,002021,中捷资源,2.32,3.57,0.08,624427.0,144870834.3,4.91,2.36,2.25,2.3,2.24,5.18,78.46,4.4
132,133,000410,沈阳机床,8.51,3.53,0.29,569074.0,484067852.45,6.45,8.76,8.23,8.37,8.22,3.39,-106.92,19.03
133,134,600603,ST广物,8.0,3.49,0.27,49281.0,39299505.0,2.33,8.03,7.85,7.85,7.73,0.4,18.67,1.45
134,135,600187,国中水务,4.48,3.46,0.15,1194947.0,532365468.0,4.62,4.55,4.35,4.4,4.33,7.4,697.86,2.29
135,136,000561,烽火电子,10.05,3.4,0.33,466863.0,490337078.71,6.89,10.69,10.02,10.29,9.72,7.75,-61.22,3.31
136,137,000519,中兵红箭,17.38,3.33,0.56,847441.0,1468425644.54,5.53,17.83,16.9,17.0,16.82,6.09,-301.51,2.34
137,138,603429,集友股份,6.78,3.2,0.21,113144.0,76157671.0,5.33,6.9,6.55,6.88,6.57,2.16,-25.71,2.74
138,139,300768,迪普科技,24.37,3.18,0.75,176573.0,424130237.89,9.65,24.8,22.52,24.0,23.62,4.2,127.38,4.84
139,140,603188,亚邦股份,4.72,3.06,0.14,351650.0,168709888.0,9.61,5.04,4.6,5.04,4.58,6.17,169.58,2.64
140,141,000635,英 力 特,8.43,3.06,0.25,132300.0,113901693.12,7.58,8.9,8.28,8.5,8.18,4.37,-10.35,1.73
141,142,600981,汇鸿集团,3.05,3.04,0.09,606439.0,188545556.0,5.41,3.18,3.02,3.16,2.96,2.7,-10.35,1.53
142,143,600171,上海贝岭,48.04,2.98,1.39,688896.0,3231307233.0,9.0,48.8,44.6,46.64,46.65,9.72,129.79,8.22
143,144,002808,ST恒久,2.78,2.96,0.08,97690.0,27323707.76,4.44,2.84,2.72,2.83,2.7,5.24,-32.87,2.33
144,145,600691,阳煤化工,2.5,2.88,0.07,358674.0,90086425.0,7.82,2.63,2.44,2.46,2.43,1.51,-10.37,1.36
145,146,600898,*ST美讯,1.85,2.78,0.05,30997.0,5778892.0,3.89,1.89,1.82,1.83,1.8,1.23,-11.85,-5.0
146,147,601005,重庆钢铁,1.49,2.76,0.04,2687754.0,402235762.0,4.83,1.54,1.47,1.5,1.45,3.21,-9.64,0.7
147,148,603079,圣达生物,15.03,2.73,0.4,117230.0,179798286.0,5.13,15.66,14.91,15.2,14.63,6.85,89.01,2.05
148,149,001696,宗申动力,28.2,2.73,0.75,1097707.0,3201435464.87,8.05,30.09,27.88,28.0,27.45,12.32,57.27,6.71
149,150,600239,云南城投,3.06,2.68,0.08,837427.0,256073487.0,6.38,3.15,2.96,3.08,2.98,5.22,205.08,3.55
150,151,600939,重庆建工,4.24,2.66,0.11,471174.0,202697041.0,5.81,4.44,4.2,4.31,4.13,2.48,-213.97,1.01
151,152,600509,天富能源,7.85,2.61,0.2,1379725.0,1098610880.0,5.23,8.18,7.78,8.0,7.65,10.01,16.44,1.41
152,153,002640,跨境通,3.31,2.48,0.08,1618400.0,554167059.92,5.26,3.48,3.31,3.48,3.23,11.34,-226.5,3.87
153,154,002490,ST墨龙,2.49,2.47,0.06,121039.0,30360409.0,4.12,2.55,2.45,2.51,2.43,2.23,5.84,3.34
154,155,600666,奥瑞德,2.52,2.44,0.06,1239411.0,310267681.0,9.35,2.63,2.4,2.46,2.46,5.12,-189.78,7.09
155,156,000936,华西股份,7.99,2.44,0.19,545880.0,446077334.77,8.08,8.53,7.9,8.53,7.8,6.16,44.59,1.37
156,157,002713,东易日盛,5.21,2.36,0.12,300605.0,161129372.32,8.84,5.55,5.1,5.17,5.09,7.31,-2.02,-4.6
157,158,600613,神奇制药,8.36,2.33,0.19,267881.0,223880401.0,9.67,8.87,8.08,8.29,8.17,5.59,59.0,1.93
158,159,002181,粤 传 媒,4.47,2.29,0.1,370256.0,168091246.82,6.18,4.68,4.41,4.68,4.37,3.26,-54.14,1.25
159,160,002047,宝鹰股份,2.26,2.26,0.05,376820.0,85367396.0,4.98,2.32,2.21,2.32,2.21,2.81,-7.66,137.47
160,161,002693,双成药业,38.17,2.0,0.75,509877.0,1903103201.36,10.15,39.0,35.2,36.01,37.42,12.39,-467.03,34.81
161,162,603557,ST起步,2.13,1.91,0.04,88716.0,19196993.0,3.35,2.19,2.12,2.14,2.09,1.65,-18.57,-578.98
162,163,300621,维业股份,12.35,1.9,0.23,201795.0,247381941.37,9.41,12.79,11.65,12.3,12.12,10.29,144.76,2.88
163,164,600732,爱旭股份,12.42,1.8,0.22,551021.0,700053366.0,7.7,13.24,12.3,12.6,12.2,3.45,-6.51,3.14
164,165,600756,浪潮软件,18.77,1.73,0.32,287094.0,545504726.0,7.32,19.8,18.45,19.05,18.45,8.86,-34.33,2.74
165,166,603336,宏辉果蔬,5.28,1.73,0.09,357241.0,193638744.0,9.63,5.7,5.2,5.7,5.19,6.26,116.34,2.65
166,167,002569,ST步森,7.86,1.68,0.13,9539.0,7669912.0,4.01,8.12,7.81,7.92,7.73,0.68,-90.31,13.22
167,168,002141,*ST贤丰,1.3,1.56,0.02,180098.0,23934036.76,3.13,1.34,1.3,1.32,1.28,1.74,123.34,1.43
168,169,601929,吉视传媒,1.99,1.53,0.03,1520514.0,301990380.0,6.63,2.06,1.93,2.06,1.96,4.36,-16.82,1.25
169,170,600724,宁波富达,5.35,1.52,0.08,427159.0,237295018.0,9.87,5.8,5.28,5.79,5.27,2.96,32.75,2.77
170,171,000981,山子高科,1.35,1.5,0.02,2619381.0,353141929.59,5.26,1.39,1.32,1.34,1.33,4.01,-10.71,5.84
171,172,600807,济南高新,5.04,1.41,0.07,507083.0,259245757.0,5.43,5.26,4.99,5.01,4.97,6.44,-75.23,22.36
172,173,002676,顺威股份,6.6,1.38,0.09,544626.0,379354497.08,9.37,7.16,6.55,6.79,6.51,7.56,83.5,3.85
173,174,603045,福达合金,14.3,1.35,0.19,113005.0,161925916.0,9.57,15.03,13.68,14.11,14.11,8.34,26.51,2.01
174,175,002351,漫步者,15.16,1.34,0.2,366094.0,559865044.34,4.01,15.6,15.0,15.16,14.96,7.03,29.89,5.11
175,176,831087,秋乐种业,12.7,1.28,0.16,89965.0,108158047.72,9.17,12.75,11.6,12.0,12.54,5.6,170.75,4.04
176,177,600107,美尔雅,5.33,1.14,0.06,116022.0,63314638.0,5.12,5.6,5.33,5.38,5.27,3.22,-34.91,3.6
177,178,000595,宝塔实业,11.11,1.09,0.12,582487.0,650802826.2,7.1,11.5,10.72,11.3,10.99,5.12,-196.81,26.9
178,179,600569,安阳钢铁,1.89,1.07,0.02,718290.0,140645503.0,9.09,2.05,1.88,2.05,1.87,2.5,-2.15,1.17
179,180,600520,文一科技,53.5,1.04,0.55,191702.0,997035978.0,9.42,55.55,50.56,50.6,52.95,12.1,355.81,22.63
180,181,688400,凌云光,25.16,0.96,0.24,161686.0,420513838.0,7.5,26.68,24.81,26.68,24.92,6.74,66.82,2.94
181,182,603030,全筑股份,2.37,0.85,0.02,131713.0,31582511.0,3.83,2.46,2.37,2.41,2.35,1.0,-188.02,3.05
182,183,002175,东方智造,2.55,0.79,0.02,612331.0,159263607.44,8.3,2.71,2.5,2.71,2.53,4.8,269.36,5.56
183,184,002005,ST德豪,1.34,0.75,0.01,125470.0,16879586.0,4.51,1.38,1.32,1.33,1.33,0.72,-34.71,7.3
184,185,001215,千味央厨,31.11,0.58,0.18,25045.0,78670843.2,3.88,32.0,30.8,31.9,30.93,2.55,26.03,1.73
185,186,000790,华神科技,4.89,0.41,0.02,372671.0,181714351.68,4.72,5.0,4.77,4.88,4.87,5.98,167.42,2.9
186,187,300292,吴通控股,6.06,0.33,0.02,1228493.0,764656202.04,8.44,6.48,5.97,6.48,6.04,11.01,76.48,5.95
187,188,000839,中信国安,3.48,0.29,0.01,1223643.0,433304404.19,6.63,3.64,3.41,3.64,3.47,3.12,43.42,11.51
188,189,601399,国机重装,3.49,0.29,0.01,726480.0,256419416.0,3.74,3.6,3.47,3.6,3.48,1.01,45.57,1.76
189,190,430198,微创光电,19.73,0.05,0.01,169228.0,357711271.87,21.75,23.2,18.91,21.9,19.72,24.09,-42.82,8.32
190,191,002838,道恩股份,,,,,,,,,,13.3,0.0,45.5,2.0
191,192,002316,ST亚联,3.16,0.0,0.0,130965.0,41769271.16,6.33,3.26,3.06,3.26,3.16,4.16,137.71,19.08
192,193,002024,ST易购,1.69,0.0,0.0,147778.0,25090595.45,2.96,1.73,1.68,1.71,1.69,0.16,530.62,1.36
193,194,000717,中南股份,3.01,0.0,0.0,1063629.0,328248466.99,5.65,3.17,3.0,3.16,3.01,4.39,-8.12,0.84
194,195,688553,汇宇制药-W,15.81,-0.06,-0.01,95657.0,154635876.0,5.06,16.55,15.75,16.25,15.82,3.09,22.09,1.73
195,196,002513,蓝丰生化,5.2,-0.19,-0.01,162439.0,86390126.03,5.76,5.47,5.17,5.34,5.21,6.16,-7.0,-27.65
196,197,002634,棒杰股份,4.41,-0.23,-0.01,277857.0,127225483.76,9.5,4.77,4.35,4.77,4.42,6.22,-7.13,2.22
197,198,603388,ST元成,2.28,-0.44,-0.01,156262.0,36833106.0,6.99,2.4,2.24,2.36,2.29,4.8,-5.7,0.67
198,199,600782,新钢股份,3.97,-0.5,-0.02,477267.0,186561365.0,3.51,3.99,3.85,3.99,3.99,1.52,-82.73,0.48
199,200,000882,华联股份,1.72,-0.58,-0.01,863194.0,150073067.06,6.94,1.8,1.68,1.79,1.73,3.16,97.7,0.68
200,201,600287,ST舜天,3.93,-0.76,-0.03,28972.0,11502591.0,3.54,4.04,3.9,4.0,3.96,0.66,45.7,0.84
201,202,000656,*ST金科,1.23,-0.81,-0.01,926236.0,116241756.7,4.03,1.27,1.22,1.26,1.24,1.74,-0.86,-22.63
202,203,002743,富煌钢构,5.77,-1.03,-0.06,389238.0,225790119.01,7.38,6.04,5.61,5.8,5.83,8.96,33.2,0.78
203,204,000622,*ST恒立,1.85,-1.07,-0.02,46026.0,8627224.0,3.74,1.92,1.85,1.88,1.87,1.08,-33.82,4.6
204,205,600736,苏州高新,5.54,-1.07,-0.06,345505.0,194687540.0,7.5,5.9,5.48,5.9,5.6,3.0,22.37,0.86
205,206,600307,酒钢宏兴,1.73,-1.14,-0.02,1645936.0,297000596.0,8.57,1.85,1.7,1.85,1.75,2.63,-5.59,1.18
206,207,003029,吉大正元,24.95,-1.19,-0.3,98747.0,251134269.29,4.91,25.94,24.7,24.75,25.25,5.78,-50.82,3.96
207,208,002168,ST惠程,2.39,-1.24,-0.03,74050.0,18089410.0,4.55,2.5,2.39,2.46,2.42,0.94,-13.51,-34.74
208,209,600444,国机通用,16.79,-1.29,-0.22,57338.0,99203879.0,6.58,17.87,16.75,17.65,17.01,3.92,62.4,3.52
209,210,603828,ST柯利达,2.91,-1.36,-0.04,118319.0,34827315.0,6.78,3.06,2.86,2.98,2.95,1.99,61.92,2.32
210,211,000040,ST旭蓝,1.3,-1.52,-0.02,291353.0,38619499.0,3.79,1.35,1.3,1.33,1.32,2.75,-10.41,0.18
211,212,600568,ST中珠,1.28,-1.54,-0.02,50796.0,6591275.0,3.08,1.32,1.28,1.31,1.3,0.3,-19.53,1.1
212,213,600792,云煤能源,3.9,-1.76,-0.07,326186.0,128939460.0,5.29,4.08,3.87,4.08,3.97,3.08,-10.44,1.28
213,214,002599,盛通股份,7.7,-1.79,-0.14,204484.0,159813535.68,10.33,8.2,7.39,8.2,7.84,5.08,-128.64,2.9
214,215,603023,*ST威帝,2.51,-1.95,-0.05,65397.0,16778488.0,4.69,2.62,2.5,2.52,2.56,1.16,298.2,1.82
215,216,000021,深科技,20.47,-2.01,-0.42,1006613.0,2102545277.81,6.75,21.6,20.19,21.0,20.89,6.45,44.33,2.89
216,217,600611,大众交通,9.23,-2.12,-0.2,1468134.0,1385438604.0,5.73,9.75,9.21,9.55,9.43,9.39,97.4,2.3
217,218,834765,美之高,16.1,-2.13,-0.35,30751.0,49518963.76,14.53,17.49,15.1,15.1,16.45,6.99,51.54,3.41
218,219,002715,登云股份,18.06,-2.17,-0.4,62505.0,115864717.9,9.05,19.47,17.8,19.0,18.46,4.53,143.88,5.87
219,220,002336,*ST人乐,3.54,-2.21,-0.08,70147.0,25747522.88,9.67,3.8,3.45,3.8,3.62,1.59,-2.74,-2.32
220,221,600355,精伦电子,4.1,-2.38,-0.1,346934.0,147057755.0,7.86,4.41,4.08,4.28,4.2,7.05,-50.16,13.06
221,222,603001,奥康国际,5.72,-2.39,-0.14,24035.0,13916493.0,3.58,5.9,5.69,5.9,5.86,0.6,-57.85,0.81
222,223,600133,东湖高新,13.0,-2.4,-0.32,747889.0,1037103541.0,9.53,14.27,13.0,13.92,13.32,7.01,84.11,1.65
223,224,002848,高斯贝尔,9.7,-2.41,-0.24,124955.0,126325945.52,7.24,10.38,9.66,10.38,9.94,7.65,-17.56,14.74
224,225,601003,柳钢股份,3.21,-2.43,-0.08,238630.0,79126837.0,6.69,3.43,3.21,3.39,3.29,0.93,75.98,0.93
225,226,000935,四川双马,19.47,-2.55,-0.51,120560.0,238107984.83,4.55,20.28,19.37,20.0,19.98,1.58,65.55,2.05
226,227,600082,海泰发展,2.98,-2.61,-0.08,157119.0,46941127.0,5.23,3.1,2.94,3.06,3.06,2.48,-31.41,1.11
227,228,002501,利源股份,1.45,-2.68,-0.04,837290.0,122848739.0,8.72,1.53,1.4,1.53,1.49,2.36,-33.11,5.4
228,229,603608,*ST天创,3.48,-2.79,-0.1,17983.0,6346162.0,4.19,3.61,3.46,3.57,3.58,0.43,-77.37,1.35
229,230,001330,博纳影业,5.56,-2.8,-0.16,134190.0,75678876.0,3.5,5.75,5.55,5.72,5.72,1.27,-27.58,1.27
230,231,603879,ST永悦,2.9,-3.01,-0.09,100341.0,30754284.0,9.7,3.14,2.85,3.13,2.99,2.79,-20.89,2.67
231,232,000518,四环生物,2.86,-3.05,-0.09,488402.0,141940076.22,7.46,3.05,2.83,2.96,2.95,4.74,-133.14,6.26
232,233,002802,洪汇新材,11.73,-3.14,-0.38,52737.0,63338129.81,7.02,12.48,11.63,12.18,12.11,2.9,36.29,3.37
233,234,301100,风光股份,19.0,-3.16,-0.62,85535.0,173111732.65,14.93,21.5,18.57,21.16,19.62,17.11,-68.72,1.84
234,235,605009,豪悦护理,42.45,-3.17,-1.39,23211.0,102443554.0,8.55,46.03,42.28,46.03,43.84,1.5,16.78,2.06
235,236,002592,ST八菱,4.78,-3.24,-0.16,30330.0,14667307.0,3.85,4.96,4.77,4.94,4.94,1.15,19.86,1.5
236,237,600835,上海机电,17.61,-3.29,-0.6,180938.0,328362140.0,5.55,18.62,17.61,18.0,18.21,2.24,18.54,1.33
237,238,000761,本钢板材,3.76,-3.34,-0.13,198275.0,75528148.49,7.71,3.98,3.68,3.95,3.89,0.53,-3.61,1.2
238,239,002077,大港股份,15.18,-3.44,-0.54,282451.0,437677060.36,5.66,15.99,15.1,15.99,15.72,4.87,166.48,2.66
239,240,600831,ST广网,2.51,-3.46,-0.09,80937.0,20621217.0,4.62,2.62,2.5,2.62,2.6,1.14,-2.38,0.69
240,241,000655,金岭矿业,6.4,-3.47,-0.23,109898.0,71238932.2,3.92,6.62,6.36,6.6,6.63,1.85,19.07,1.14
241,242,002431,棕榈股份,2.2,-3.51,-0.08,347590.0,77638681.5,8.33,2.38,2.19,2.34,2.28,1.92,-5.49,1.39
242,243,600231,凌钢股份,1.91,-3.54,-0.07,364829.0,71587532.0,6.06,2.02,1.9,2.02,1.98,1.29,-5.22,0.79
243,244,600421,华嵘控股,10.79,-3.66,-0.41,39038.0,42599952.0,9.55,11.42,10.35,11.2,11.2,2.0,-316.04,222.23
244,245,601798,蓝科高新,6.91,-3.89,-0.28,136656.0,96207527.0,6.4,7.3,6.84,7.29,7.19,3.85,-88.77,1.88
245,246,600615,丰华股份,11.55,-3.91,-0.47,68873.0,81345932.0,5.99,12.17,11.45,12.02,12.02,3.67,350.64,3.38
246,247,002110,三钢闽光,3.41,-3.94,-0.14,252213.0,87001318.45,4.51,3.55,3.39,3.55,3.55,1.04,-4.72,0.44
247,248,000558,莱茵体育,3.12,-4.0,-0.13,546816.0,174856034.62,4.92,3.27,3.11,3.25,3.25,4.24,265.97,3.69
248,249,600237,铜峰电子,8.13,-4.13,-0.35,374568.0,304313337.0,3.42,8.29,8.0,8.1,8.48,6.2,62.03,2.87
249,250,002052,*ST同洲,3.8,-4.28,-0.17,158274.0,61680106.0,5.29,3.99,3.78,3.98,3.97,2.12,-39.28,-106.17
250,251,600769,祥龙电业,11.0,-4.51,-0.52,150033.0,169384605.0,5.9,11.66,10.98,11.2,11.52,4.0,268.02,40.56
251,252,001380,华纬科技,22.16,-4.57,-1.06,28929.0,65612291.9,7.06,23.64,22.0,23.22,23.22,4.86,19.82,2.51
252,253,600353,旭光电子,8.1,-4.59,-0.39,277054.0,228967677.0,4.83,8.48,8.07,8.48,8.49,3.34,62.46,3.75
253,254,600462,*ST九有,1.4,-4.76,-0.07,96226.0,13928864.0,6.12,1.49,1.4,1.48,1.47,1.6,39.38,85.53
254,255,000609,*ST中迪,2.13,-4.91,-0.11,69088.0,15200097.93,6.25,2.27,2.13,2.24,2.24,2.37,-4.49,2.24
255,256,002289,ST宇顺,3.61,-5.0,-0.19,25780.0,9803731.8,8.42,3.93,3.61,3.88,3.8,1.0,-60.42,4.22
256,257,603003,*ST龙宇,5.45,-5.05,-0.29,59701.0,32785911.0,2.61,5.6,5.45,5.59,5.74,1.59,57.14,0.56
257,258,600396,华电辽能,2.83,-5.35,-0.16,332684.0,95497639.0,5.02,2.96,2.81,2.96,2.99,2.26,129.07,10.36
258,259,872374,云里物里,40.1,-7.67,-3.33,33238.0,138462968.85,9.62,43.68,39.5,43.68,43.43,11.38,91.36,13.04
259,260,600658,电子城,5.74,-8.45,-0.53,414904.0,243901361.0,5.1,6.02,5.7,6.0,6.27,3.71,-9.82,0.94
