,序号,代码,名称,最新价,涨跌幅,涨跌额,成交量,成交额,振幅,最高,最低,今开,昨收,换手率,市盈率-动态,市净率
0,1,834021,流金科技,11.99,24.12,2.33,,,0.0,,,,9.66,0.0,903.26,5.59
1,2,301231,荣信文化,24.6,20.0,4.1,,,0.0,,,,20.5,0.0,-84.79,2.32
2,3,301025,读客文化,14.22,20.0,2.37,,,0.0,,,,11.85,0.0,283.36,9.11
3,4,300781,因赛集团,79.82,19.99,13.3,,,0.0,,,,66.52,0.0,181.51,12.3
4,5,300133,华策影视,10.5,17.85,1.59,,,0.0,,,,8.91,0.0,90.06,2.81
5,6,300061,旗天科技,22.6,13.68,2.72,,,0.0,,,,19.88,0.0,-504.59,19.78
6,7,601929,吉视传媒,2.16,10.2,0.2,,,0.0,,,,1.96,0.0,-18.26,1.36
7,8,002181,粤 传 媒,4.81,10.07,0.44,,,0.0,,,,4.37,0.0,-58.26,1.35
8,9,601801,皖新传媒,8.32,10.05,0.76,,,0.0,,,,7.56,0.0,14.08,1.43
9,10,002654,万润科技,16.37,10.01,1.49,,,0.0,,,,14.88,0.0,240.16,9.2
10,11,000917,电广传媒,8.35,10.01,0.76,,,0.0,,,,7.59,0.0,145.56,1.15
11,12,002712,思美传媒,5.72,10.0,0.52,,,0.0,,,,5.2,0.0,1343.51,2.2
12,13,600825,新华传媒,7.3,9.94,0.66,,,0.0,,,,6.64,0.0,128.86,3.06
13,14,601921,浙版传媒,9.43,9.78,0.84,,,0.0,,,,8.59,0.0,20.69,1.61
14,15,002400,省广集团,6.8,9.68,0.6,,,0.0,,,,6.2,0.0,97.46,2.41
15,16,600640,国脉文化,14.68,8.1,1.1,,,0.0,,,,13.58,0.0,659.78,2.94
16,17,301052,果麦文化,34.8,8.07,2.6,,,0.0,,,,32.2,0.0,121.62,4.95
17,18,300364,中文在线,35.0,6.54,2.15,,,0.0,,,,32.85,0.0,-101.86,24.55
18,19,603888,新华网,25.99,6.52,1.59,,,0.0,,,,24.4,0.0,64.93,3.88
19,20,600556,天下秀,4.99,6.17,0.29,,,0.0,,,,4.7,0.0,103.42,2.33
20,21,000793,华闻集团,2.93,5.78,0.16,,,0.0,,,,2.77,0.0,-41.86,7.02
21,22,300788,中信出版,35.71,5.43,1.84,,,0.0,,,,33.87,0.0,36.55,3.17
22,23,001330,博纳影业,6.01,5.07,0.29,,,0.0,,,,5.72,0.0,-29.81,1.37
23,24,600088,中视传媒,19.88,4.85,0.92,,,0.0,,,,18.96,0.0,-214.44,6.48
24,25,601858,中国科传,23.06,4.82,1.06,,,0.0,,,,22.0,0.0,62.73,3.53
25,26,300027,华谊兄弟,3.17,4.62,0.14,,,0.0,,,,3.03,0.0,177.92,12.46
26,27,000607,华媒控股,4.04,4.12,0.16,,,0.0,,,,3.88,0.0,94.09,2.51
27,28,300654,世纪天鸿,11.32,4.04,0.44,,,0.0,,,,10.88,0.0,98.71,4.92
28,29,002343,慈文传媒,7.06,3.67,0.25,,,0.0,,,,6.81,0.0,117.75,3.42
29,30,002292,奥飞娱乐,7.5,3.45,0.25,,,0.0,,,,7.25,0.0,100.81,3.27
30,31,300987,川网传媒,17.6,3.41,0.58,,,0.0,,,,17.02,0.0,220.55,3.86
31,32,002878,元隆雅图,13.0,3.26,0.41,,,0.0,,,,12.59,0.0,65.79,2.2
32,33,300860,锋尚文化,27.5,3.11,0.83,,,0.0,,,,26.67,0.0,129.6,1.65
33,34,603000,人民网,24.25,3.06,0.72,,,0.0,,,,23.53,0.0,838.81,7.54
34,35,600136,ST明诚,1.69,3.05,0.05,,,0.0,,,,1.64,0.0,-79.68,9.8
35,36,603999,读者传媒,6.28,2.95,0.18,,,0.0,,,,6.1,0.0,37.84,1.81
36,37,600831,ST广网,2.67,2.69,0.07,,,0.0,,,,2.6,0.0,-2.53,0.74
37,38,605577,龙版传媒,15.24,1.67,0.25,,,0.0,,,,14.99,0.0,22.7,1.77
38,39,601595,上海电影,27.8,1.61,0.44,,,0.0,,,,27.36,0.0,90.18,7.48
39,40,603721,中广天择,31.97,1.49,0.47,,,0.0,,,,31.5,0.0,-316.68,8.18
40,41,301262,海看股份,28.0,1.49,0.41,,,0.0,,,,27.59,0.0,26.6,3.21
41,42,603598,引力传媒,15.79,1.48,0.23,,,0.0,,,,15.56,0.0,118.72,19.38
42,43,301551,无线传媒,78.88,1.45,1.13,,,0.0,,,,77.75,0.0,125.2,13.01
43,44,000665,湖北广电,4.29,1.42,0.06,,,0.0,,,,4.23,0.0,-10.46,1.01
44,45,600637,东方明珠,7.73,1.31,0.1,,,0.0,,,,7.63,0.0,30.7,0.88
45,46,300291,百纳千成,5.57,1.27,0.07,,,0.0,,,,5.5,0.0,-72.76,1.49
46,47,300251,光线传媒,8.8,1.27,0.11,,,0.0,,,,8.69,0.0,27.3,2.9
47,48,300058,蓝色光标,7.69,1.18,0.09,,,0.0,,,,7.6,0.0,53.05,2.42
48,49,000681,视觉中国,13.6,1.12,0.15,,,0.0,,,,13.45,0.0,87.47,2.72
49,50,603466,风语筑,8.62,1.06,0.09,,,0.0,,,,8.53,0.0,-19.09,2.36
50,51,601811,新华文轩,15.6,1.04,0.16,,,0.0,,,,15.44,0.0,13.45,1.42
51,52,300182,捷成股份,5.88,1.03,0.06,,,0.0,,,,5.82,0.0,32.45,1.89
52,53,601900,南方传媒,14.97,1.01,0.15,,,0.0,,,,14.82,0.0,22.41,1.73
53,54,601949,中国出版,7.13,0.99,0.07,,,0.0,,,,7.06,0.0,43.48,1.44
54,55,601928,凤凰传媒,11.09,0.91,0.1,,,0.0,,,,10.99,0.0,11.53,1.48
55,56,601999,出版传媒,6.7,0.9,0.06,,,0.0,,,,6.64,0.0,136.48,1.45
56,57,002858,力盛体育,11.68,0.86,0.1,,,0.0,,,,11.58,0.0,101.78,3.3
57,58,002238,天威视讯,9.38,0.86,0.08,,,0.0,,,,9.3,0.0,369.19,3.3
58,59,603230,内蒙新华,12.12,0.83,0.1,,,0.0,,,,12.02,0.0,17.6,1.69
59,60,300071,福石控股,4.0,0.76,0.03,,,0.0,,,,3.97,0.0,-96.73,15.07
60,61,603729,龙韵股份,16.82,0.72,0.12,,,0.0,,,,16.7,0.0,447.03,4.29
61,62,002803,吉宏股份,12.8,0.71,0.09,,,0.0,,,,12.71,0.0,34.04,2.28
62,63,600959,江苏有线,3.44,0.58,0.02,,,0.0,,,,3.42,0.0,57.4,0.77
63,64,600037,歌华有线,7.36,0.55,0.04,,,0.0,,,,7.32,0.0,-114.39,0.8
64,65,300242,佳云科技,4.2,0.48,0.02,,,0.0,,,,4.18,0.0,-42.07,7.13
65,66,000156,华数传媒,7.51,0.4,0.03,,,0.0,,,,7.48,0.0,28.66,0.92
66,67,600229,城市传媒,7.69,0.39,0.03,,,0.0,,,,7.66,0.0,16.43,1.59
67,68,600977,中国电影,11.6,0.35,0.04,,,0.0,,,,11.56,0.0,75.35,1.94
68,69,002905,金逸影视,6.87,0.29,0.02,,,0.0,,,,6.85,0.0,-18.66,29.96
69,70,600373,中文传媒,14.77,0.27,0.04,,,0.0,,,,14.73,0.0,16.9,1.12
70,71,600757,长江传媒,8.75,0.23,0.02,,,0.0,,,,8.73,0.0,11.56,1.15
71,72,600551,时代出版,8.77,0.23,0.02,,,0.0,,,,8.75,0.0,17.06,1.04
72,73,301102,兆讯传媒,10.91,0.18,0.02,,,0.0,,,,10.89,0.0,49.42,1.46
73,74,000802,北京文化,6.78,0.15,0.01,,,0.0,,,,6.77,0.0,-74.1,3.98
74,75,002027,分众传媒,7.51,0.13,0.01,,,0.0,,,,7.5,0.0,20.5,6.87
75,76,600158,中体产业,8.23,0.12,0.01,,,0.0,,,,8.22,0.0,255.7,3.04
76,77,601019,山东出版,11.58,0.09,0.01,,,0.0,,,,11.57,0.0,16.02,1.68
77,78,002739,万达电影,11.76,0.09,0.01,,,0.0,,,,11.75,0.0,113.01,3.17
78,79,601098,中南传媒,12.94,0.08,0.01,,,0.0,,,,12.93,0.0,15.02,1.55
79,80,300612,宣亚国际,17.11,0.06,0.01,,,0.0,,,,17.1,0.0,-103.01,6.09
80,81,300770,新媒股份,40.99,0.02,0.01,,,0.0,,,,40.98,0.0,16.47,2.55
81,82,605168,三人行,31.5,0.0,0.0,,,0.0,,,,31.5,0.0,25.73,2.4
82,83,603825,华扬联众,11.33,0.0,0.0,,,0.0,,,,11.33,0.0,-13.98,3.35
83,84,603533,掌阅科技,20.14,0.0,0.0,,,0.0,,,,20.14,0.0,-92.64,3.59
84,85,600986,浙文互联,5.19,0.0,0.0,,,0.0,,,,5.19,0.0,61.99,1.52
85,86,600936,广西广电,2.98,0.0,0.0,,,0.0,,,,2.98,0.0,-6.58,4.3
86,87,300413,芒果超媒,26.58,0.0,0.0,,,0.0,,,,26.58,0.0,25.82,2.2
87,88,300280,紫天科技,15.86,0.0,0.0,,,0.0,,,,15.86,0.0,107.65,2.09
88,89,300063,天龙集团,11.38,0.0,0.0,,,0.0,,,,11.38,0.0,135.4,5.42
89,90,000892,欢瑞世纪,3.4,0.0,0.0,,,0.0,,,,3.4,0.0,103.96,2.93
90,91,000719,中原传媒,11.76,0.0,0.0,,,0.0,,,,11.76,0.0,17.02,1.11
91,92,603096,新经典,18.43,-0.05,-0.01,,,0.0,,,,18.44,0.0,16.8,1.49
92,93,603103,横店影视,12.84,-0.08,-0.01,,,0.0,,,,12.85,0.0,351.26,6.0
93,94,002995,天地在线,21.31,-0.33,-0.07,,,0.0,,,,21.38,0.0,-91.5,3.9
94,95,600996,贵广网络,9.7,-0.51,-0.05,,,0.0,,,,9.75,0.0,-14.01,3.31
95,96,300805,电声股份,8.79,-1.35,-0.12,,,0.0,,,,8.91,0.0,456.75,2.46
96,97,300426,唐德影视,11.05,-2.04,-0.23,,,0.0,,,,11.28,0.0,-49.23,48.22
97,98,300795,米奥会展,21.0,-2.1,-0.45,,,0.0,,,,21.45,0.0,59.38,8.67
98,99,300528,幸福蓝海,8.2,-6.92,-0.61,,,0.0,,,,8.81,0.0,-32.69,4.67
