,序号,代码,名称,最新价,涨跌幅,涨跌额,成交量,成交额,振幅,最高,最低,今开,昨收,换手率,市盈率-动态,市净率
0,1,830896,旺成科技,13.5,29.93,3.11,66871.0,90272587.62,2.02,13.5,13.29,13.5,10.39,15.06,47.28,3.41
1,2,300024,机器人,15.46,20.03,2.58,935989.0,1365839908.78,19.49,15.46,12.95,12.95,12.88,6.11,-182.04,5.57
2,3,301596,瑞迪智驱,106.98,20.0,17.83,34891.0,361620289.94,8.95,106.98,99.0,100.0,89.15,25.32,60.25,7.34
3,4,300607,拓斯达,14.66,19.97,2.44,165645.0,236383522.18,16.45,14.66,12.65,12.65,12.22,5.8,517.64,2.71
4,5,430510,丰光精密,22.42,19.32,3.63,58565.0,129027428.97,20.17,23.79,20.0,20.0,18.79,6.68,140.99,10.3
5,6,920002,万达轴承,69.2,18.68,10.89,8228.0,55555266.2,20.08,71.18,59.47,59.47,58.31,17.32,37.46,3.35
6,7,688017,绿的谐波,102.0,15.25,13.5,39119.0,379034254.0,11.83,102.27,91.8,91.8,88.5,2.32,219.44,8.5
7,8,430418,苏轴股份,24.98,13.19,2.91,23328.0,55389960.04,13.0,25.02,22.15,22.15,22.07,3.26,21.57,4.31
8,9,835579,机科股份,21.29,13.18,2.48,28363.0,58292047.79,16.21,21.95,18.9,19.22,18.81,6.36,255.96,5.33
9,10,300503,昊志机电,18.27,12.85,2.08,258541.0,455600102.74,12.66,18.74,16.69,16.69,16.19,10.81,51.88,4.71
10,11,301368,丰立智能,53.95,12.23,5.88,76827.0,400779355.7,10.63,55.0,49.89,49.98,48.07,11.98,307.11,6.64
11,12,836720,吉冈精密,16.8,12.0,1.8,44771.0,73808296.08,10.27,16.9,15.36,15.82,15.0,9.03,54.25,6.89
12,13,688165,埃夫特-U,10.22,11.33,1.04,53095.0,52874819.0,12.75,10.37,9.2,9.2,9.18,1.02,-37.94,3.14
13,14,300780,德恩精工,16.57,10.61,1.59,68730.0,111697371.0,8.74,16.93,15.62,15.62,14.98,6.55,-49.11,2.12
14,15,301255,通力科技,32.52,10.57,3.11,15575.0,49092944.75,9.69,32.55,29.7,29.7,29.41,5.73,60.81,3.43
15,16,300421,力星股份,10.83,10.06,0.99,144756.0,154899847.8,14.02,11.38,10.0,10.02,9.84,6.28,47.09,2.55
16,17,002747,埃斯顿,16.13,10.03,1.47,224079.0,354704796.14,8.73,16.13,14.85,14.86,14.66,2.85,-157.71,5.41
17,18,001306,夏厦精密,52.03,10.0,4.73,9214.0,47670501.52,9.56,52.03,47.51,47.51,47.3,5.94,50.69,2.45
18,19,002896,中大力德,32.47,9.99,2.95,79536.0,253505870.81,8.4,32.47,29.99,29.99,29.52,5.26,64.66,4.24
19,20,000837,秦川机床,9.37,9.98,0.85,240534.0,219214114.5,9.27,9.37,8.58,8.58,8.52,2.48,126.33,1.97
20,21,600215,派斯林,7.28,9.97,0.66,165189.0,117877466.0,9.06,7.28,6.68,6.68,6.62,3.62,29.58,1.69
21,22,900910,海立Ｂ股,0.433,9.9,0.039,29558.0,1272650.0,3.3,0.433,0.42,0.42,0.394,1.04,107.55,0.53
22,23,601002,晋亿实业,4.74,9.47,0.41,450792.0,210555623.0,10.62,4.76,4.3,4.31,4.33,4.72,41.65,1.09
23,24,603667,五洲新春,18.48,7.38,1.27,70055.0,126796213.0,5.58,18.54,17.58,17.6,17.21,1.91,51.69,2.31
24,25,873570,坤博精工,36.21,7.13,2.41,5797.0,20660531.89,9.62,37.0,33.75,33.75,33.8,4.15,71.33,4.75
25,26,301032,新柴股份,13.03,6.89,0.84,147253.0,188855870.7,6.73,13.22,12.4,12.46,12.19,9.28,50.39,2.76
26,27,300809,华辰装备,23.5,6.62,1.46,25500.0,59009646.8,7.4,23.78,22.15,22.15,22.04,1.82,76.55,3.71
27,28,301261,恒工精密,40.67,6.35,2.43,25598.0,103357534.19,4.45,41.2,39.5,39.8,38.24,6.76,27.89,2.29
28,29,002520,日发精机,5.41,6.29,0.32,152343.0,80400113.5,6.88,5.43,5.08,5.14,5.09,2.36,-49.07,3.92
29,30,603082,北自科技,34.25,6.23,2.01,19256.0,64802235.0,6.27,34.5,32.48,32.5,32.24,5.93,34.22,3.66
30,31,002965,祥鑫科技,28.98,6.19,1.69,31323.0,89996579.34,8.02,29.49,27.3,27.39,27.29,2.05,16.49,1.45
31,32,301603,乔锋智能,44.69,6.15,2.59,13138.0,57874464.85,6.34,44.9,42.23,42.26,42.1,5.73,26.86,2.57
32,33,603915,国茂股份,10.14,6.07,0.58,47993.0,47959679.0,7.11,10.21,9.53,9.56,9.56,0.73,24.03,1.86
33,34,603278,大业股份,6.68,6.03,0.38,48205.0,31123925.0,7.94,6.69,6.19,6.26,6.3,1.41,-15.9,1.05
34,35,300161,华中数控,28.04,5.93,1.57,25272.0,69535608.43,5.97,28.12,26.54,26.81,26.47,1.3,-62.31,3.52
35,36,301107,瑜欣电子,27.2,5.88,1.51,5341.0,14258822.08,7.47,27.63,25.71,25.94,25.69,2.55,32.68,2.16
36,37,300488,恒锋工具,23.6,5.83,1.3,12709.0,29486739.0,6.01,23.65,22.31,22.31,22.3,0.93,30.34,2.81
37,38,002444,巨星科技,31.11,5.6,1.65,97680.0,299881764.02,4.75,31.3,29.9,29.9,29.46,0.85,14.5,2.26
38,39,300992,泰福泵业,20.22,5.59,1.07,13997.0,27929265.54,8.36,20.61,19.01,19.01,19.15,1.93,70.36,2.5
39,40,002931,锋龙股份,11.61,5.55,0.61,39014.0,44681730.8,7.09,11.68,10.9,11.12,11.0,2.09,1504.03,3.37
40,41,873169,七丰精工,14.73,5.52,0.77,13733.0,20073190.77,6.59,14.92,14.0,14.16,13.96,2.72,114.41,3.87
41,42,000410,沈阳机床,8.35,5.43,0.43,227594.0,184854508.58,7.7,8.38,7.77,7.82,7.92,1.35,-104.91,18.67
42,43,300853,申昊科技,17.8,5.33,0.9,24329.0,42654077.0,6.69,17.95,16.82,16.82,16.9,2.21,-16.55,3.04
43,44,300817,双飞集团,14.09,5.31,0.71,27464.0,38400650.58,6.28,14.28,13.44,13.44,13.38,2.21,46.99,3.03
44,45,301279,金道科技,20.16,5.11,0.98,9431.0,18676917.2,7.56,20.59,19.14,19.14,19.18,3.28,46.39,1.54
45,46,300083,创世纪,7.88,5.07,0.38,261298.0,203273540.8,5.87,7.94,7.5,7.51,7.5,1.75,48.8,2.56
46,47,301525,儒竞科技,55.17,5.01,2.63,5885.0,32023999.9,5.22,55.35,52.61,52.61,52.54,1.19,26.23,1.64
47,48,002903,宇环数控,17.51,4.98,0.83,27471.0,47535231.0,5.4,17.59,16.69,16.69,16.68,2.67,153.27,3.46
48,49,830839,万通液压,14.8,4.82,0.68,4381.0,6425137.56,5.24,14.97,14.23,14.23,14.12,0.67,17.52,3.21
49,50,301029,怡合达,25.95,4.64,1.15,25092.0,63767524.6,7.94,26.05,24.08,24.5,24.8,0.62,37.6,4.08
50,51,688577,浙海德曼,34.05,4.45,1.45,3897.0,13051349.0,5.77,34.49,32.61,33.0,32.6,0.51,117.1,2.69
51,52,688558,国盛智科,21.11,4.4,0.89,4345.0,9021176.0,5.69,21.18,20.03,20.03,20.22,0.33,21.04,1.74
52,53,301548,崇德科技,51.25,4.32,2.12,4479.0,22672755.1,7.73,51.68,47.88,47.88,49.13,1.89,39.22,3.06
53,54,002164,宁波东力,5.1,4.29,0.21,60289.0,30227980.0,6.13,5.15,4.85,4.86,4.89,1.26,47.65,1.98
54,55,836699,海达尔,36.76,4.22,1.49,3543.0,12789633.86,5.59,36.95,34.98,35.0,35.27,2.81,23.26,5.98
55,56,600114,东睦股份,17.62,4.2,0.71,129463.0,226359401.0,3.31,17.66,17.1,17.1,16.91,2.1,29.44,4.04
56,57,601882,海天精工,22.5,4.12,0.89,17279.0,38697974.0,4.77,22.74,21.71,21.71,21.61,0.33,21.82,4.55
57,58,300430,诚益通,15.08,4.07,0.59,72077.0,108609278.1,5.18,15.31,14.56,14.56,14.49,2.79,31.49,1.85
58,59,688433,华曙高科,19.24,4.06,0.75,3538.0,6737878.0,4.6,19.36,18.51,18.7,18.49,0.19,136.45,4.15
59,60,002347,泰尔股份,4.67,4.01,0.18,103255.0,47785640.82,4.45,4.7,4.5,4.51,4.49,2.09,-112.04,2.0
60,61,002559,亚威股份,9.4,3.98,0.36,115894.0,107660433.0,5.31,9.46,8.98,8.98,9.04,2.32,38.05,2.89
61,62,688697,纽威数控,17.93,3.94,0.68,15047.0,26640500.0,5.57,18.05,17.09,17.1,17.25,0.46,19.3,3.57
62,63,603699,纽威股份,23.47,3.94,0.89,15183.0,35170237.0,5.09,23.53,22.38,22.52,22.58,0.2,16.18,4.54
63,64,002008,大族激光,25.96,3.88,0.97,122791.0,313166073.1,4.92,26.01,24.78,24.79,24.99,1.25,14.37,1.72
64,65,688028,沃尔德,18.27,3.87,0.68,7054.0,12709550.0,4.09,18.34,17.62,17.7,17.59,0.49,27.22,1.43
65,66,688557,兰剑智能,20.02,3.78,0.73,4111.0,8137515.0,5.13,20.09,19.1,19.1,19.29,0.4,24.15,1.82
66,67,301377,鼎泰高科,20.51,3.59,0.71,9764.0,19866971.0,3.38,20.6,19.93,19.99,19.8,1.37,36.62,3.47
67,68,832885,星辰科技,13.98,3.56,0.48,14568.0,20361318.44,4.67,14.25,13.62,13.75,13.5,1.68,147.67,6.33
68,69,301252,同星科技,27.15,3.55,0.93,5584.0,14998196.59,3.39,27.21,26.32,26.41,26.22,1.71,23.43,2.64
69,70,300946,恒而达,27.88,3.53,0.95,3421.0,9410439.6,4.46,28.0,26.8,27.14,26.93,0.6,31.76,2.86
70,71,300988,津荣天宇,18.88,3.45,0.63,16313.0,30572547.0,5.15,19.0,18.06,18.06,18.25,1.52,32.65,2.23
71,72,301268,铭利达,18.38,3.43,0.61,5965.0,10864196.0,4.78,18.5,17.65,17.65,17.77,0.33,-57.38,3.29
72,73,300971,博亚精工,20.75,3.34,0.67,8369.0,17192755.0,3.49,20.85,20.15,20.25,20.08,1.27,36.16,1.76
73,74,831689,克莱特,17.56,3.29,0.56,4654.0,8190933.21,4.88,17.93,17.1,17.1,17.0,1.33,20.12,2.8
74,75,872808,曙光数创,63.0,3.28,2.0,8271.0,51793025.78,5.56,63.68,60.29,60.31,61.0,0.42,-2057.48,19.41
75,76,300700,岱勒新材,8.21,3.27,0.26,113569.0,91922521.77,10.82,8.55,7.69,7.85,7.95,4.31,-28.22,2.85
76,77,300154,瑞凌股份,6.95,3.27,0.22,24275.0,16712094.0,3.42,6.96,6.73,6.73,6.73,0.77,16.38,1.78
77,78,002046,国机精工,11.39,3.17,0.35,46363.0,52308948.0,3.99,11.44,11.0,11.08,11.04,0.88,22.09,1.78
78,79,301079,邵阳液压,16.4,3.14,0.5,16511.0,26865266.88,3.96,16.46,15.83,15.9,15.9,2.4,79.42,3.66
79,80,003025,思进智能,14.77,3.14,0.45,20254.0,29703717.0,3.77,14.84,14.3,14.37,14.32,1.02,17.15,3.04
80,81,001380,华纬科技,24.17,3.11,0.73,5808.0,13943842.56,4.14,24.32,23.35,23.4,23.44,0.98,21.61,2.74
81,82,688251,井松智能,18.12,3.01,0.53,2920.0,5198083.0,4.38,18.24,17.47,17.58,17.59,0.56,35.83,1.89
82,83,871396,常辅股份,16.64,2.97,0.48,5260.0,8731200.5,3.9,16.88,16.25,16.45,16.16,1.25,29.77,3.21
83,84,601369,陕鼓动力,9.04,2.96,0.26,53822.0,48227984.0,3.64,9.09,8.77,8.81,8.78,0.32,17.56,1.84
84,85,603325,博隆技术,70.1,2.92,1.99,1517.0,10532138.0,3.36,70.4,68.11,68.11,68.11,0.91,20.7,2.0
85,86,603339,四方科技,13.77,2.91,0.39,129430.0,178083250.0,10.99,14.19,12.72,12.72,13.38,4.18,17.32,1.69
86,87,688003,天准科技,36.89,2.9,1.04,6794.0,24869746.0,4.63,37.2,35.54,35.55,35.85,0.35,-391.11,3.98
87,88,603270,金帝股份,18.24,2.88,0.51,7733.0,13963691.0,3.21,18.35,17.78,17.84,17.73,1.41,35.92,1.85
88,89,300095,华伍股份,7.56,2.86,0.21,74133.0,54972627.69,6.39,7.67,7.2,7.32,7.35,2.21,98.75,1.55
89,90,603088,宁波精达,7.77,2.78,0.21,21143.0,16224203.0,3.57,7.78,7.51,7.51,7.56,0.49,21.5,4.66
90,91,002426,胜利精密,2.24,2.75,0.06,266717.0,59259337.0,4.13,2.26,2.17,2.18,2.18,0.78,-199.55,2.31
91,92,002884,凌霄泵业,21.07,2.73,0.56,10425.0,21858069.31,4.49,21.27,20.35,20.37,20.51,0.38,17.13,3.41
92,93,688308,欧科亿,18.98,2.71,0.5,4940.0,9278959.0,3.79,19.05,18.35,18.46,18.48,0.31,25.16,1.17
93,94,000816,智慧农业,2.67,2.69,0.07,180339.0,48058194.0,3.08,2.7,2.62,2.62,2.6,1.26,92.86,1.8
94,95,603131,上海沪工,17.03,2.65,0.44,36451.0,61263916.0,4.16,17.12,16.43,16.52,16.59,1.15,86.43,4.37
95,96,300193,佳士科技,9.3,2.65,0.24,21564.0,19858203.3,2.98,9.32,9.05,9.07,9.06,0.49,19.1,2.02
96,97,870508,丰安股份,12.43,2.64,0.32,1938.0,2388825.21,3.14,12.5,12.12,12.12,12.11,0.47,21.88,1.69
97,98,002158,汉钟精机,18.69,2.64,0.48,27017.0,50186320.8,2.91,18.77,18.24,18.28,18.21,0.51,10.39,2.46
98,99,831855,浙江大农,12.08,2.63,0.31,1369.0,1628875.13,3.48,12.14,11.73,11.75,11.77,0.52,26.99,1.66
99,100,301137,哈焊华通,19.15,2.63,0.49,17250.0,32774915.0,5.2,19.39,18.42,18.66,18.66,1.7,154.02,2.61
100,101,301448,开创电气,21.19,2.62,0.54,3351.0,7041295.5,2.86,21.24,20.65,20.65,20.65,0.7,30.17,3.16
101,102,873679,前进科技,18.06,2.61,0.46,8399.0,15347243.76,3.86,18.59,17.91,18.08,17.6,5.16,40.74,2.02
102,103,600592,龙溪股份,10.21,2.61,0.26,29641.0,30037299.0,2.21,10.23,10.01,10.04,9.95,0.74,18.47,1.62
103,104,003043,华亚智能,48.13,2.58,1.21,6664.0,31695871.0,3.47,48.22,46.59,46.99,46.92,1.37,47.88,2.54
104,105,688305,科德数控,72.3,2.55,1.8,4540.0,32714642.0,3.26,72.86,70.56,70.56,70.5,0.45,76.32,4.16
105,106,301399,英特科技,20.25,2.53,0.5,3897.0,7823098.0,2.89,20.29,19.72,19.9,19.75,1.22,45.99,1.97
106,107,833943,优机股份,14.34,2.5,0.35,5320.0,7636940.05,5.5,14.6,13.83,13.83,13.99,1.29,23.58,2.51
107,108,002943,宇晶股份,20.97,2.49,0.51,10611.0,21975870.23,3.62,21.04,20.3,20.43,20.46,0.88,101.11,3.39
108,109,603308,应流股份,14.33,2.43,0.34,31616.0,45093460.0,2.86,14.42,14.02,14.02,13.99,0.47,32.18,2.13
109,110,002871,伟隆股份,9.36,2.41,0.22,7698.0,7147419.16,2.63,9.4,9.16,9.21,9.14,0.64,17.22,2.65
110,111,300943,春晖智控,12.78,2.4,0.3,8495.0,10771731.0,2.72,12.82,12.48,12.48,12.48,0.68,49.49,2.72
111,112,000530,冰山冷热,4.72,2.39,0.11,78617.0,37037065.93,2.82,4.76,4.63,4.66,4.61,1.31,31.56,1.28
112,113,301311,昆船智能,20.38,2.36,0.47,11089.0,22331573.0,2.76,20.41,19.86,20.0,19.91,1.27,-587.5,2.67
113,114,603109,神驰机电,15.69,2.35,0.36,22360.0,34724988.0,3.78,15.76,15.18,15.18,15.33,1.07,18.3,1.77
114,115,600243,青海华鼎,4.37,2.34,0.1,31004.0,13423659.0,3.28,4.38,4.24,4.27,4.27,0.71,-81.64,2.7
115,116,300885,海昌新材,10.93,2.34,0.25,37259.0,39813011.79,5.81,10.98,10.36,10.5,10.68,2.2,44.96,3.24
116,117,600421,华嵘控股,9.64,2.34,0.22,10510.0,10048936.0,2.02,9.68,9.49,9.5,9.42,0.54,-513.96,204.59
117,118,301125,腾亚精工,10.62,2.31,0.24,14992.0,15776857.0,4.24,10.69,10.25,10.48,10.38,2.54,201.73,2.5
118,119,300257,开山股份,9.54,2.25,0.21,38185.0,36226399.0,3.64,9.62,9.28,9.28,9.33,0.4,32.28,1.5
119,120,002026,山东威达,9.17,2.23,0.2,19054.0,17351497.0,3.01,9.2,8.93,8.97,8.97,0.45,15.36,1.15
120,121,873833,美心翼申,12.14,2.19,0.26,4615.0,5568058.32,3.62,12.23,11.8,11.98,11.88,1.45,38.73,1.65
121,122,603315,福鞍股份,9.69,2.11,0.2,8104.0,7788874.0,2.53,9.72,9.48,9.49,9.49,0.26,28.03,1.92
122,123,301446,福事特,20.98,2.09,0.43,3739.0,7767480.6,3.02,21.08,20.46,20.78,20.55,1.44,31.84,1.96
123,124,300260,新莱应材,25.72,2.06,0.52,46927.0,117952737.68,5.32,25.84,24.5,24.58,25.2,1.63,39.72,5.44
124,125,000880,潍柴重机,10.43,2.05,0.21,16123.0,16692690.0,2.35,10.47,10.23,10.24,10.22,0.99,17.94,1.7
125,126,300606,金太阳,21.95,2.05,0.44,15143.0,32983414.04,4.93,22.16,21.1,21.1,21.51,1.27,113.09,4.4
126,127,832662,方盛股份,15.13,2.02,0.3,5572.0,8349527.85,5.33,15.29,14.5,14.5,14.83,2.27,40.39,2.96
127,128,300092,科新机电,12.12,2.02,0.24,17168.0,20653572.0,2.86,12.16,11.82,11.82,11.88,0.82,17.4,2.07
128,129,002122,汇洲智能,3.05,2.01,0.06,291045.0,87591926.0,3.68,3.06,2.95,2.98,2.99,1.46,66.62,2.61
129,130,001268,联合精密,17.6,1.97,0.34,2320.0,4045815.0,2.9,17.6,17.1,17.1,17.26,0.58,28.37,1.91
130,131,300179,四方达,8.31,1.96,0.16,19612.0,16167432.44,2.21,8.33,8.15,8.15,8.15,0.52,32.23,3.38
131,132,301028,东亚机械,11.34,1.89,0.21,7687.0,8657716.0,2.34,11.37,11.11,11.15,11.13,0.31,17.74,3.0
132,133,688333,铂力特,46.08,1.88,0.85,11243.0,51253641.0,3.1,46.3,44.9,45.3,45.23,0.41,351.9,2.6
133,134,688059,华锐精密,47.35,1.87,0.87,2285.0,10721004.0,3.31,47.51,45.97,46.84,46.48,0.37,28.5,2.45
134,135,603277,银都股份,24.34,1.84,0.44,3123.0,7564069.0,2.05,24.35,23.86,23.86,23.9,0.07,16.18,3.52
135,136,301353,普莱得,27.76,1.83,0.5,3039.0,8385806.0,3.96,27.89,26.81,27.0,27.26,1.22,28.56,1.68
136,137,605123,派克新材,56.68,1.81,1.01,2497.0,14055299.0,1.96,56.75,55.66,55.67,55.67,0.21,20.86,1.57
137,138,900925,机电Ｂ股,1.069,1.81,0.019,1410.0,149686.0,2.29,1.069,1.045,1.05,1.05,0.07,7.89,0.57
138,139,603269,海鸥股份,9.6,1.8,0.17,15175.0,14496203.0,3.39,9.68,9.36,9.39,9.43,0.69,38.78,2.06
139,140,002639,雪人股份,6.24,1.79,0.11,38451.0,23790673.25,2.28,6.25,6.11,6.11,6.13,0.59,107.68,1.96
140,141,603391,力聚热能,42.89,1.78,0.75,5494.0,23531057.0,2.23,43.33,42.39,42.39,42.14,2.46,20.55,1.98
141,142,300985,致远新能,18.58,1.75,0.32,7394.0,13638746.19,2.85,18.63,18.11,18.2,18.26,0.4,54.88,2.86
142,143,603331,百达精工,9.32,1.75,0.16,4662.0,4329609.0,2.4,9.38,9.16,9.16,9.16,0.23,65.97,1.49
143,144,603090,宏盛股份,16.15,1.7,0.27,3943.0,6320804.0,2.9,16.25,15.79,16.18,15.88,0.39,25.36,2.8
144,145,688379,华光新材,22.92,1.69,0.38,6099.0,13697340.0,3.9,22.94,22.06,22.31,22.54,0.68,19.55,2.08
145,146,688355,明志科技,16.91,1.68,0.28,3085.0,5147915.0,3.13,16.92,16.4,16.4,16.63,0.25,29.71,1.98
146,147,002598,山东章鼓,8.66,1.64,0.14,14964.0,12888857.0,2.35,8.69,8.49,8.58,8.52,0.53,19.91,2.21
147,148,603969,银龙股份,5.67,1.61,0.09,37758.0,21312929.0,3.23,5.74,5.56,5.59,5.58,0.45,21.55,2.06
148,149,002282,博深股份,6.93,1.61,0.11,16912.0,11638172.0,1.91,6.95,6.82,6.83,6.82,0.34,16.62,1.03
149,150,002438,江苏神通,12.9,1.57,0.2,25436.0,32526204.36,3.54,12.96,12.51,12.72,12.7,0.54,21.55,1.91
150,151,300441,鲍斯股份,9.18,1.55,0.14,67572.0,61389456.51,2.99,9.23,8.96,9.0,9.04,1.08,6.31,2.49
151,152,603757,大元泵业,19.51,1.51,0.29,2238.0,4340527.0,1.77,19.55,19.21,19.22,19.22,0.13,12.6,2.12
152,153,300126,锐奇股份,5.41,1.5,0.08,11914.0,6400018.0,2.25,5.42,5.3,5.36,5.33,0.57,-78.88,1.54
153,154,300470,中密控股,36.13,1.49,0.53,6100.0,21874513.8,2.7,36.29,35.33,35.5,35.6,0.32,20.82,2.95
154,155,301202,朗威股份,31.68,1.47,0.46,5887.0,18596202.0,4.13,31.98,30.69,31.21,31.22,1.58,58.3,3.65
155,156,300263,隆华科技,6.92,1.47,0.1,28109.0,19339972.0,2.2,6.94,6.79,6.79,6.82,0.38,30.34,1.98
156,157,301317,鑫磊股份,21.02,1.45,0.3,2710.0,5657920.0,2.75,21.12,20.55,20.86,20.72,0.6,69.43,3.21
157,158,833455,汇隆活塞,7.86,1.42,0.11,7950.0,6190864.31,4.65,7.96,7.6,7.6,7.75,1.56,35.97,4.08
158,159,605100,华丰股份,12.19,1.41,0.17,3725.0,4525149.0,1.41,12.22,12.05,12.05,12.02,0.22,29.82,1.15
159,160,688448,磁谷科技,35.74,1.28,0.45,19790.0,69936838.0,13.6,37.29,32.49,36.18,35.29,4.13,94.25,2.56
160,161,688360,德马科技,15.13,1.27,0.19,4854.0,7295176.0,2.21,15.16,14.83,15.02,14.94,0.28,18.31,2.02
161,162,600860,京城股份,9.24,1.09,0.1,10821.0,9929762.0,2.3,9.28,9.07,9.07,9.14,0.25,-236.22,4.79
162,163,000811,冰轮环境,10.31,1.08,0.11,34039.0,35027747.77,2.06,10.38,10.17,10.22,10.2,0.46,12.46,1.34
163,164,605259,绿田机械,15.03,1.08,0.16,4303.0,6410171.0,3.43,15.14,14.63,14.77,14.87,0.25,14.01,1.57
164,165,300554,三超新材,28.68,1.02,0.29,64524.0,181901346.3,9.51,29.5,26.8,28.1,28.39,8.19,-52.65,4.37
165,166,300990,同飞股份,34.21,0.97,0.33,7680.0,25919495.8,4.07,34.45,33.07,33.78,33.88,1.82,61.83,3.24
166,167,000039,中集集团,8.6,0.94,0.08,78679.0,67036284.62,2.58,8.63,8.41,8.49,8.52,0.34,19.03,0.99
167,168,300145,中金环境,3.23,0.94,0.03,110122.0,35218001.8,2.5,3.24,3.16,3.2,3.2,0.58,18.48,2.35
168,169,000890,法尔胜,3.41,0.89,0.03,54619.0,18471966.0,3.85,3.44,3.31,3.4,3.38,1.3,-25.94,18.49
169,170,301559,中集环科,16.58,0.85,0.14,3299.0,5452252.09,1.7,16.63,16.35,16.35,16.44,0.37,41.42,2.17
170,171,300091,金通灵,2.55,0.79,0.02,102653.0,25931788.0,3.56,2.57,2.48,2.51,2.53,0.77,-20.29,2.05
171,172,300984,金沃股份,27.81,0.76,0.21,3453.0,9452214.0,6.38,28.18,26.42,27.32,27.6,0.75,75.0,3.23
172,173,688455,科捷智能,9.78,0.72,0.07,1529.0,1486284.0,2.16,9.8,9.59,9.71,9.71,0.12,-23.58,1.67
173,174,603187,海容冷链,11.42,0.71,0.08,13335.0,15096379.0,1.68,11.43,11.24,11.34,11.34,0.35,12.17,1.09
174,175,603617,君禾股份,5.85,0.69,0.04,15874.0,9245930.0,1.89,5.87,5.76,5.81,5.81,0.42,27.73,1.55
175,176,002686,亿利达,6.04,0.67,0.04,41467.0,24767601.0,2.67,6.06,5.9,5.97,6.0,0.79,55.21,2.08
176,177,301151,冠龙节能,15.49,0.65,0.1,5691.0,8753249.0,1.69,15.52,15.26,15.3,15.39,1.04,87.85,1.29
177,178,200530,冰山B,1.68,0.6,0.01,2120.0,350955.4,1.8,1.68,1.65,1.65,1.67,0.09,10.13,0.41
178,179,301309,万得凯,26.91,0.6,0.16,1105.0,2966176.0,1.98,27.09,26.56,26.82,26.75,0.44,17.43,1.77
179,180,002342,巨力索具,3.4,0.59,0.02,28509.0,9674395.02,1.18,3.41,3.37,3.37,3.38,0.3,-657.43,1.32
180,181,002150,通润装备,14.7,0.55,0.08,67782.0,98242668.18,3.69,14.74,14.2,14.7,14.62,1.91,37.29,3.01
181,182,605060,联德股份,14.97,0.54,0.08,2838.0,4239817.0,1.61,15.02,14.78,14.9,14.89,0.12,18.51,1.58
182,183,000777,中核科技,17.54,0.46,0.08,39254.0,68459447.0,2.63,17.67,17.21,17.35,17.46,1.02,43.71,3.31
183,184,002132,恒星科技,2.79,0.36,0.01,36820.0,10221784.0,1.44,2.8,2.76,2.78,2.78,0.26,157.58,1.08
184,185,603173,福斯达,23.8,0.25,0.06,7432.0,17677101.0,1.73,23.97,23.56,23.74,23.74,1.5,13.76,2.38
185,186,600558,大西洋,4.09,0.25,0.01,31901.0,13075187.0,1.23,4.13,4.08,4.13,4.08,0.36,31.95,1.6
186,187,300278,华昌达,5.66,0.18,0.01,469103.0,259238471.56,11.33,5.73,5.09,5.49,5.65,3.37,77.78,4.5
187,188,873576,天力复合,24.99,0.04,0.01,11281.0,28631455.55,9.37,26.54,24.2,25.6,24.98,1.05,46.04,6.15
188,189,900947,振华Ｂ股,0.237,0.0,0.0,2685.0,63672.0,0.84,0.238,0.236,0.236,0.237,0.01,15.16,0.58
189,190,900920,动力Ｂ股,0.194,0.0,0.0,3477.0,67379.0,4.64,0.198,0.189,0.191,0.194,0.1,-1.12,0.44
190,191,200771,杭汽轮Ｂ,,,,,,,,,,8.17,0.0,34.24,1.02
191,192,200706,瓦轴B,2.87,0.0,0.0,30.0,8642.0,1.05,2.9,2.87,2.9,2.87,0.0,-16.18,3.22
192,193,001379,腾达科技,24.93,0.0,0.0,28980.0,70422823.0,6.02,25.17,23.67,24.5,24.93,5.8,64.95,3.43
193,194,002552,宝鼎科技,12.45,-0.16,-0.02,16179.0,20011601.0,1.92,12.5,12.26,12.41,12.47,0.51,33.89,3.21
194,195,002445,中南文化,2.2,-0.45,-0.01,69388.0,15331834.0,1.81,2.23,2.19,2.22,2.21,0.29,110.85,2.42
195,196,603028,赛福天,6.85,-0.58,-0.04,16219.0,11073906.0,2.9,6.92,6.72,6.84,6.89,0.57,-53.29,2.95
196,197,002760,凤形股份,20.72,-0.81,-0.17,9251.0,19132306.0,5.07,21.27,20.21,20.8,20.89,0.86,117.49,2.53
197,198,200570,苏常柴Ｂ,1.98,-1.0,-0.02,103.0,20450.0,0.5,1.99,1.98,1.99,2.0,0.01,20.39,0.37
198,199,300420,五洋自控,2.88,-1.03,-0.03,100347.0,28717479.8,2.75,2.9,2.82,2.89,2.91,0.9,-196.73,1.34
199,200,001225,和泰机电,33.81,-1.14,-0.39,818.0,2762885.0,1.96,34.18,33.51,34.18,34.2,0.39,38.61,1.55
200,201,000969,安泰科技,11.13,-1.33,-0.15,274896.0,311485844.59,4.79,11.66,11.12,11.66,11.28,2.68,25.8,2.14
201,202,002480,新筑股份,4.88,-1.41,-0.07,34884.0,17099847.0,1.21,4.94,4.88,4.91,4.95,0.45,-11.06,3.23
202,203,301273,瑞晨环保,18.07,-1.58,-0.29,11655.0,20817476.0,5.23,18.4,17.44,18.4,18.36,3.37,-23.12,1.36
203,204,688648,中邮科技,24.79,-1.74,-0.44,5146.0,12654046.0,5.35,25.23,23.88,25.23,25.23,1.68,-36.64,2.06
204,205,900924,上工Ｂ股,0.366,-1.88,-0.007,11716.0,424288.0,4.02,0.369,0.354,0.369,0.373,0.48,-35.4,0.57
205,206,601177,杭齿前进,8.81,-2.11,-0.19,33104.0,28956398.0,3.11,8.91,8.63,8.91,9.0,0.83,14.25,1.41
206,207,600992,贵绳股份,16.79,-2.27,-0.39,31713.0,53029438.0,2.04,16.95,16.6,16.6,17.18,1.29,-133.28,2.8
207,208,002795,永和智控,4.38,-2.45,-0.11,130488.0,56742235.7,4.01,4.44,4.26,4.26,4.49,3.0,-19.22,2.62
208,209,301055,张小泉,14.45,-2.63,-0.39,28685.0,41571285.0,5.93,15.0,14.12,14.9,14.84,1.84,98.29,3.6
209,210,300080,易成新能,5.6,-2.78,-0.16,353406.0,196302366.5,9.9,5.87,5.3,5.64,5.76,1.89,-19.73,1.94
210,211,873305,九菱科技,29.76,-6.77,-2.16,41298.0,133593980.82,24.87,36.0,28.06,36.0,31.92,11.38,81.38,5.99
211,212,002685,华东重机,8.32,-9.96,-0.92,60031.0,49945792.0,0.0,8.32,8.32,8.32,9.24,0.6,185.85,5.73
212,213,002514,宝馨科技,8.31,-9.97,-0.92,58669.0,48753939.0,0.0,8.31,8.31,8.31,9.23,1.06,-27.15,7.6
213,214,002633,申科股份,11.29,-9.97,-1.25,12719.0,14359751.0,0.0,11.29,11.29,11.29,12.54,0.85,180.98,4.04
214,215,002248,华东数控,9.28,-9.99,-1.03,37146.0,34471488.0,0.0,9.28,9.28,9.28,10.31,1.21,233.05,39.96
215,216,000595,宝塔实业,9.63,-10.0,-1.07,227616.0,220574493.0,4.11,10.07,9.63,9.63,10.7,2.0,-138.39,25.81
