,序号,代码,名称,最新价,涨跌幅,涨跌额,成交量,成交额,振幅,最高,最低,今开,昨收,换手率,市盈率-动态,市净率
0,1,688656,浩欧博,114.84,20.0,19.14,50046,565217896.0,9.86,114.84,105.4,114.83,95.7,7.94,204.47,8.98
1,2,835508,殷图网联,45.8,19.8,7.57,33918,151830785.44,23.7,48.94,39.88,40.0,38.23,13.03,-220.15,11.94
2,3,002547,春兴精工,4.79,10.11,0.44,55980,26814420.0,0.0,4.79,4.79,4.79,4.35,0.51,-22.93,81.5
3,4,600340,华夏幸福,4.04,10.08,0.37,183141,73989004.0,0.0,4.04,4.04,4.04,3.67,0.47,-5.29,2.71
4,5,000716,黑芝麻,7.87,10.07,0.72,1935192,1516739515.18,7.27,7.87,7.35,7.87,7.15,27.62,106.52,2.35
5,6,000605,渤海股份,8.09,10.07,0.74,123329,99671299.88,2.59,8.09,7.9,8.09,7.35,3.71,176.95,1.35
6,7,600841,动力新科,6.67,10.07,0.61,346341,223526304.0,8.42,6.67,6.16,6.28,6.06,3.76,-5.5,2.17
7,8,000566,海南海药,7.11,10.06,0.65,855983,598726293.71,6.35,7.11,6.7,7.1,6.46,7.34,-23.44,5.22
8,9,000639,西王食品,5.15,10.04,0.47,159300,82039252.8,0.0,5.15,5.15,5.15,4.68,1.48,66.61,1.64
9,10,002146,荣盛发展,2.63,10.04,0.24,113132,29753716.0,0.0,2.63,2.63,2.63,2.39,0.29,-6.02,0.51
10,11,002765,蓝黛科技,12.39,10.04,1.13,2120784,2517536531.87,12.97,12.39,10.93,11.2,11.26,35.59,58.48,3.26
11,12,002086,东方海洋,3.3,10.0,0.3,676877,221560420.87,7.33,3.3,3.08,3.3,3.0,7.6,-69.65,4.18
12,13,000066,中国长城,22.36,9.99,2.03,3077397,6692288415.8,7.18,22.36,20.9,21.0,20.33,9.78,-78.67,6.01
13,14,603955,大千生态,14.1,9.98,1.28,2765,3898650.0,0.0,14.1,14.1,14.1,12.82,0.2,93.69,1.24
14,15,600619,海立股份,18.62,9.98,1.69,884925,1594290399.0,14.88,18.62,16.1,16.1,16.93,11.21,660.0,3.27
15,16,600210,紫江企业,8.49,9.97,0.77,183422,155725040.0,0.0,8.49,8.49,8.49,7.72,1.21,18.31,2.19
16,17,603366,日出东方,7.17,9.97,0.65,48642,34876393.0,0.0,7.17,7.17,7.17,6.52,0.6,65.02,1.46
17,18,002510,天汽模,6.74,9.95,0.61,81250,54762500.0,0.0,6.74,6.74,6.74,6.13,0.87,52.68,3.01
18,19,002348,高乐股份,4.09,9.95,0.37,274272,110244194.76,6.72,4.09,3.84,3.92,3.72,3.09,-84.85,8.08
19,20,000564,供销大集,2.88,9.92,0.26,579331,166847215.68,0.0,2.88,2.88,2.88,2.62,0.38,-372.93,3.35
20,21,000981,山子高科,2.0,9.89,0.18,678518,135703634.0,0.0,2.0,2.0,2.0,1.82,1.04,-18.36,9.48
21,22,000795,英洛华,13.17,9.2,1.11,1730278,2186350693.11,13.35,13.27,11.66,12.0,12.06,15.26,54.23,5.55
22,23,002945,华林证券,18.29,9.13,1.53,705766,1293954201.34,3.82,18.44,17.8,18.44,16.76,2.61,122.6,7.46
23,24,000793,华闻集团,3.28,8.25,0.25,1892443,621075140.99,5.61,3.33,3.16,3.3,3.03,9.65,-46.86,7.86
24,25,600692,亚通股份,8.48,7.21,0.57,365498,305105636.0,12.01,8.7,7.75,8.7,7.91,14.33,498.17,3.2
25,26,600221,海航控股,2.37,6.76,0.15,16659006,3883895124.0,8.56,2.37,2.18,2.36,2.22,5.07,35.35,23.51
26,27,300266,兴源环境,4.51,5.87,0.25,1496012,699172416.54,11.27,4.91,4.43,4.54,4.26,9.63,-34.09,56.29
27,28,000530,冰山冷热,6.07,5.57,0.32,870688,538036723.98,7.48,6.33,5.9,6.33,5.75,14.51,40.59,1.64
28,29,600804,*ST鹏博,1.83,5.17,0.09,16675,3051543.0,0.0,1.83,1.83,1.83,1.74,0.12,-5.71,5.38
29,30,002309,*ST中利,2.44,5.17,0.12,186537,45502144.32,0.86,2.44,2.42,2.44,2.32,2.15,-3.51,-2.17
30,31,000622,*ST恒立,2.25,5.14,0.11,21458,4828050.0,0.0,2.25,2.25,2.25,2.14,0.5,-44.25,5.74
31,32,002310,*ST东园,2.27,5.09,0.11,55195,12529219.6,0.0,2.27,2.27,2.27,2.16,0.21,-2.01,-2.47
32,33,002650,ST加加,4.77,5.07,0.23,24161,11524558.5,0.0,4.77,4.77,4.77,4.54,0.21,-60.92,2.72
33,34,002808,ST恒久,3.14,5.02,0.15,1650,518100.0,0.0,3.14,3.14,3.14,2.99,0.09,-37.13,2.63
34,35,603559,*ST通脉,14.05,5.01,0.67,2713,3811765.0,0.0,14.05,14.05,14.05,13.38,0.19,-17.91,59.76
35,36,603963,*ST大药,3.57,5.0,0.17,75507,26645492.0,3.53,3.57,3.45,3.45,3.4,3.44,-29.81,2.17
36,37,002700,ST浩源,10.97,4.98,0.52,20888,22914574.8,0.0,10.97,10.97,10.97,10.45,0.62,41.44,5.48
37,38,000040,ST旭蓝,1.7,4.94,0.08,520585,87331671.35,4.32,1.7,1.63,1.66,1.62,4.91,-14.46,0.23
38,39,002217,*ST合泰,2.34,4.93,0.11,39824,9318816.0,0.0,2.34,2.34,2.34,2.23,0.13,-4.45,-0.94
39,40,000506,*ST中润,3.66,4.87,0.17,17653,6460998.0,0.0,3.66,3.66,3.66,3.49,0.19,-28.31,5.6
40,41,600513,联环药业,12.39,4.73,0.56,322244,411393237.0,8.71,13.01,11.98,13.01,11.83,11.29,28.62,2.52
41,42,603388,ST元成,2.67,4.71,0.12,87525,22981617.0,3.53,2.68,2.59,2.59,2.55,2.69,-7.86,0.8
42,43,600603,ST广物,10.47,4.28,0.43,34769,36034829.0,2.19,10.48,10.26,10.3,10.04,0.28,22.9,1.86
43,44,600811,东方集团,3.54,4.12,0.14,3608600,1309114506.0,10.0,3.74,3.4,3.74,3.4,9.86,74.01,0.77
44,45,600280,中央商场,4.56,3.87,0.17,1360140,640613366.0,10.02,4.83,4.39,4.83,4.39,12.05,-150.63,6.33
45,46,002052,*ST同洲,4.09,3.81,0.15,167487,69056412.96,3.3,4.14,4.01,4.14,3.94,2.25,-160.29,-796.29
46,47,603922,金鸿顺,29.4,3.12,0.89,139599,409743269.0,16.45,31.36,26.67,31.36,28.51,7.79,-253.8,5.19
47,48,002426,胜利精密,2.89,2.85,0.08,4274541,1282186348.69,7.83,3.09,2.87,3.09,2.81,12.56,-257.46,2.98
48,49,000620,新华联,2.48,2.48,0.06,1144120,287536401.75,10.74,2.65,2.39,2.65,2.42,2.76,130.79,2.65
49,50,002336,*ST人乐,4.36,2.35,0.1,49446,21777292.68,3.99,4.47,4.3,4.4,4.26,1.12,-2.96,-2.2
50,51,600593,大连圣亚,28.01,1.93,0.53,90217,258905159.0,8.04,29.7,27.49,29.7,27.48,7.0,25.73,11.03
51,52,832171,志晟信息,27.78,0.87,0.24,93766,262625243.52,14.89,30.1,26.0,26.97,27.54,13.91,-58.35,10.93
52,53,002387,维信诺,12.31,0.65,0.08,497679,620689222.72,8.26,12.97,11.96,12.23,12.23,3.59,-7.14,2.77
53,54,603007,*ST花王,14.22,-0.07,-0.01,63964,92130412.0,8.57,14.8,13.58,14.8,14.23,1.57,-49.26,16.23
54,55,000597,东北制药,6.12,-0.33,-0.02,885114,556466530.91,12.54,6.69,5.92,6.69,6.14,6.29,31.54,1.69
55,56,002400,省广集团,7.76,-0.39,-0.03,2198943,1748761208.41,7.06,8.16,7.61,8.16,7.79,12.74,111.22,2.75
56,57,603879,ST永悦,3.79,-0.79,-0.03,109715,41371485.0,3.93,3.85,3.7,3.71,3.82,3.05,-30.18,3.61
57,58,603196,日播时尚,18.35,-1.61,-0.3,205353,391758010.0,16.41,20.52,17.46,20.52,18.65,8.69,-80.47,5.78
58,59,002307,北新路桥,4.4,-2.22,-0.1,775295,357482420.95,12.22,4.87,4.32,4.87,4.5,7.11,833.64,1.62
59,60,002702,海欣食品,4.57,-3.38,-0.16,592437,290172597.88,13.53,5.16,4.52,4.89,4.73,12.83,-79.7,2.33
60,61,002068,黑猫股份,8.42,-4.1,-0.36,408031,347617900.54,5.81,8.79,8.28,8.78,8.78,5.55,-84.43,2.09
61,62,002285,世联行,3.83,-4.25,-0.17,1243170,494832806.81,9.0,4.16,3.8,4.1,4.0,6.29,-273.01,2.53
62,63,002822,ST中装,3.01,-4.44,-0.14,343711,108772707.94,9.84,3.31,3.0,3.31,3.15,6.57,-2.03,1.2
63,64,600193,创兴资源,4.39,-4.57,-0.21,544890,255382139.0,16.52,5.06,4.3,4.68,4.6,12.81,-71.29,6.73
64,65,000536,华映科技,8.43,-5.49,-0.49,2102343,1789132388.27,9.3,8.89,8.06,8.89,8.92,7.61,-20.61,14.79
65,66,002178,延华智能,9.11,-5.89,-0.57,810676,778244807.92,16.53,10.6,9.0,9.49,9.68,11.39,-555.27,14.7
66,67,002513,蓝丰生化,7.83,-6.12,-0.51,367212,303915496.23,16.67,9.0,7.61,9.0,8.34,13.91,-11.91,-18.75
67,68,002542,中化岩土,6.32,-7.33,-0.5,1717282,1142534997.02,17.3,7.33,6.15,6.15,6.82,10.72,-44.41,5.67
