,序号,代码,名称,最新价,涨跌幅,涨跌额,成交量,成交额,振幅,最高,最低,今开,昨收,换手率,市盈率-动态,市净率
0,1,000056,皇庭国际,3.04,10.14,0.28,30049,9134896.0,0.0,3.04,3.04,3.04,2.76,0.33,-12.36,4.35
1,2,600653,申华控股,2.07,10.11,0.19,87550,18122792.0,0.0,2.07,2.07,2.07,1.88,0.45,-51.75,5.41
2,3,600843,上工申贝,13.81,10.04,1.26,24388,33679828.0,0.0,13.81,13.81,13.81,12.55,0.52,107.18,3.0
3,4,002542,中化岩土,3.18,10.03,0.29,714054,225748974.46,5.19,3.18,3.03,3.17,2.89,4.46,-11.08,2.96
4,5,002583,海能达,21.19,10.02,1.93,201087,426104370.12,0.0,21.19,21.19,21.19,19.26,1.57,114.92,6.32
5,6,600198,大唐电信,13.07,10.02,1.19,45038,58864666.0,0.0,13.07,13.07,13.07,11.88,0.51,-137.81,68.59
6,7,603887,城地香江,17.47,10.01,1.59,80157,140034524.0,0.0,17.47,17.47,17.47,15.88,1.51,-68.73,3.03
7,8,603268,松发股份,30.77,10.01,2.8,723,2224671.0,0.0,30.77,30.77,30.77,27.97,0.06,-47.51,256.43
8,9,603656,泰禾智能,21.1,10.01,1.92,7712,16273080.0,0.0,21.1,21.1,21.1,19.18,0.42,147.5,3.01
9,10,603991,至正股份,87.86,10.0,7.99,394,3461684.0,0.0,87.86,87.86,87.86,79.87,0.05,-529.28,26.18
10,11,603021,山东华鹏,6.27,10.0,0.57,236299,147885649.0,4.91,6.27,5.99,6.27,5.7,7.39,-15.47,19.12
11,12,600579,克劳斯,8.14,10.0,0.74,192875,153750950.0,4.59,8.14,7.8,8.0,7.4,3.88,-7.04,13.49
12,13,002743,富煌钢构,5.83,10.0,0.53,84738,49402254.0,0.0,5.83,5.83,5.83,5.3,1.95,33.55,0.79
13,14,002514,宝馨科技,8.47,10.0,0.77,25087,21248689.0,0.0,8.47,8.47,8.47,7.7,0.45,-28.77,7.24
14,15,000958,电投产融,7.26,10.0,0.66,111063,80632079.22,0.0,7.26,7.26,7.26,6.6,0.21,36.87,2.0
15,16,002693,双成药业,37.42,9.99,3.4,257754,952318505.4,4.53,37.42,35.88,36.29,34.02,6.27,-457.85,34.12
16,17,600624,复旦复华,5.29,9.98,0.48,113898,60251783.0,0.0,5.29,5.29,5.29,4.81,1.66,-114.9,4.63
17,18,000016,深康佳Ａ,5.29,9.98,0.48,51571,27281217.7,0.0,5.29,5.29,5.29,4.81,0.32,-5.86,2.8
18,19,002654,万润科技,14.88,9.98,1.35,40120,59698560.0,0.0,14.88,14.88,14.88,13.53,0.47,218.3,8.37
19,20,600292,远达环保,9.6,9.97,0.87,12973,12454080.0,0.0,9.6,9.6,9.6,8.73,0.17,63.62,1.44
20,21,600811,东方集团,2.54,9.96,0.23,118702,30150224.0,0.0,2.54,2.54,2.54,2.31,0.32,50.64,0.55
21,22,002529,海源复材,10.05,9.96,0.91,225836,219166578.45,8.42,10.05,9.28,9.71,9.14,8.69,-26.03,6.53
22,23,002634,棒杰股份,4.42,9.95,0.4,209248,89227353.16,7.71,4.42,4.11,4.28,4.02,4.69,-7.14,2.23
23,24,002272,川润股份,13.94,9.85,1.25,501441,667318125.27,9.93,13.96,12.7,12.87,12.69,13.21,-59.71,4.23
24,25,603038,华立股份,25.71,9.08,2.14,222869,567578164.0,9.46,25.93,23.7,25.67,23.57,8.3,187.83,5.1
25,26,301281,科源制药,55.0,8.98,4.53,43237,235893679.75,10.82,57.97,52.51,53.35,50.47,6.28,112.57,4.46
26,27,002713,东易日盛,5.0,7.99,0.37,189494,92624343.0,8.64,5.07,4.67,4.67,4.63,4.61,-1.94,-4.41
27,28,002229,鸿博股份,16.35,7.0,1.07,261466,413480509.88,7.85,16.48,15.28,15.3,15.28,5.3,-102.53,5.38
28,29,603106,恒银科技,12.7,6.54,0.78,289060,368824645.0,9.98,13.11,11.92,13.1,11.92,5.55,-90.18,5.38
29,30,603117,万林物流,8.45,6.42,0.51,268449,225098876.0,8.06,8.65,8.01,8.65,7.94,4.48,155.86,4.33
30,31,603958,哈森股份,14.29,5.62,0.76,69458,99758761.0,4.51,14.7,14.09,14.2,13.53,3.17,-132.27,3.96
31,32,600520,文一科技,50.77,5.46,2.63,165126,844801011.0,9.68,52.66,48.0,52.6,48.14,10.42,337.66,21.48
32,33,002217,*ST合泰,1.58,5.33,0.08,38898,6145904.54,0.0,1.58,1.58,1.58,1.5,0.12,-2.99,-0.67
33,34,000609,*ST中迪,2.24,5.16,0.11,48913,10917156.0,1.88,2.24,2.2,2.23,2.13,1.68,-4.48,2.12
34,35,002650,ST加加,3.06,5.15,0.15,22098,6762064.5,0.0,3.06,3.06,3.06,2.91,0.19,-60.44,1.71
35,36,002808,ST恒久,2.7,5.06,0.13,43580,11598655.4,3.11,2.7,2.62,2.65,2.57,2.34,-31.93,2.26
36,37,603559,*ST通脉,9.05,4.99,0.43,48921,43991866.0,2.9,9.05,8.8,8.99,8.62,3.41,-10.92,22.27
37,38,603828,ST柯利达,2.95,4.98,0.14,42802,12626590.0,0.0,2.95,2.95,2.95,2.81,0.72,62.77,2.35
38,39,002248,华东数控,10.15,4.96,0.48,198956,197474010.36,9.31,10.4,9.5,9.68,9.67,6.47,254.9,43.7
39,40,002822,ST中装,2.13,4.93,0.1,10420,2219460.0,0.0,2.13,2.13,2.13,2.03,0.2,-1.71,0.71
40,41,000506,*ST中润,2.36,4.89,0.11,1956,461616.0,0.0,2.36,2.36,2.36,2.25,0.02,-19.96,3.45
41,42,002656,ST摩登,1.3,4.84,0.06,3659,475670.0,0.0,1.3,1.3,1.3,1.24,0.06,-7.48,2.99
42,43,600658,电子城,5.95,4.39,0.25,250858,145135122.0,6.84,5.95,5.56,5.81,5.7,2.24,-10.17,0.97
43,44,002562,兄弟科技,5.15,4.25,0.21,365052,186706077.85,3.64,5.18,5.0,5.18,4.94,5.2,194.01,1.77
44,45,000006,深振业Ａ,9.15,3.74,0.33,498447,449433649.8,11.45,9.41,8.4,8.79,8.82,3.69,-17.85,1.86
45,46,002251,ST步步高,3.18,3.58,0.11,182022,57421850.0,3.58,3.21,3.1,3.13,3.07,1.2,3.18,1.0
46,47,002336,*ST人乐,3.57,3.48,0.12,20208,7145400.0,3.19,3.59,3.48,3.48,3.45,0.46,-2.76,-2.34
47,48,002052,*ST同洲,3.91,3.44,0.13,44360,17500151.0,2.12,3.97,3.89,3.95,3.78,0.59,-40.42,-109.25
48,49,603879,ST永悦,2.94,3.16,0.09,27088,7814108.0,3.51,2.95,2.85,2.86,2.85,0.75,-21.18,2.7
49,50,002717,岭南股份,2.59,2.78,0.07,910914,231172701.14,9.92,2.6,2.35,2.6,2.52,5.92,-8.78,2.36
50,51,600360,ST华微,4.81,2.56,0.12,272002,125389027.0,9.59,4.92,4.47,4.47,4.69,2.83,34.17,1.39
51,52,600898,*ST美讯,1.75,2.34,0.04,12875,2229564.0,1.75,1.75,1.72,1.72,1.71,0.51,-11.21,-4.73
52,53,603095,越剑智能,21.8,1.73,0.37,27927,59652279.0,4.2,21.8,20.9,21.6,21.43,1.51,41.81,1.65
53,54,002725,跃岭股份,12.7,-3.79,-0.5,165293,226828607.03,11.67,14.14,12.6,14.14,13.2,7.8,506.89,3.36
54,55,000553,安道麦A,7.63,-4.51,-0.36,200557,155014057.46,5.13,7.99,7.58,7.7,7.99,0.92,-9.93,0.85
55,56,300320,海达股份,14.54,-7.39,-1.16,223818,339169093.44,8.34,15.71,14.4,15.71,15.7,4.57,56.26,3.82
