,排名,板块名称,板块代码,最新价,涨跌额,涨跌幅,总市值,换手率,上涨家数,下跌家数,领涨股票,领涨股票-涨跌幅
0,1,光伏设备,BK1031,1291.39,31.67,2.51,1722851024000,0.0,58,15,时创能源,12.28
1,2,综合行业,BK0539,9125.6,219.84,2.47,180554491000,0.0,15,4,综艺股份,10.08
2,3,教育,BK0740,628.29,11.0,1.78,84199899000,0.0,9,6,豆神教育,20.0
3,4,风电设备,BK1032,1054.05,16.06,1.55,314845840000,0.0,18,5,恒润股份,10.03
4,5,房地产服务,BK1045,1068.02,15.01,1.43,97276241000,0.0,9,4,皇庭国际,10.14
5,6,装修装饰,BK0725,460.78,6.18,1.36,117424393000,0.0,18,17,矩阵股份,20.03
6,7,钢铁行业,BK0479,6837.75,88.43,1.31,831877696000,0.0,37,6,凌钢股份,7.22
7,8,非金属材料,BK1020,1139.17,14.06,1.25,376907904000,0.0,19,11,东和新材,22.32
8,9,工程建设,BK0425,20781.64,254.33,1.24,1504732672000,0.0,28,25,旭杰科技,29.98
9,10,化纤行业,BK0471,12293.2,137.91,1.13,436254672000,0.0,11,8,恒天海龙,10.06
10,11,仪器仪表,BK0458,13058.38,136.06,1.05,275309456000,0.0,38,21,武汉蓝电,16.93
11,12,电源设备,BK1034,1627.58,16.79,1.04,335151456000,0.0,18,8,上海电气,10.02
12,13,光学光电子,BK1038,1364.51,13.07,0.97,1041079472000,0.0,61,24,华映科技,10.05
13,14,环保行业,BK0728,392.22,3.72,0.96,602730992000,0.0,53,37,保丽洁,29.99
14,15,汽车服务,BK1016,841.96,7.7,0.92,64667143000,0.0,7,2,申华控股,10.11
15,16,能源金属,BK1015,485.23,4.4,0.92,347372608000,0.0,4,4,威领股份,7.02
16,17,房地产开发,BK0451,12406.11,110.07,0.9,1128266688000,0.0,44,22,宁波富达,10.02
17,18,美容护理,BK1035,779.75,6.87,0.89,300297360000,0.0,16,8,力合科创,10.05
18,19,家电行业,BK0456,18336.0,159.62,0.88,1931924512000,0.0,48,25,深康佳Ｂ,10.09
19,20,计算机设备,BK0735,1177.85,9.19,0.79,881948320000,0.0,22,17,微创光电,29.99
20,21,通信设备,BK0448,12475.1,92.17,0.74,1530804144000,0.0,61,33,万隆光电,16.98
21,22,电子元件,BK0459,22241.42,149.91,0.68,1840213856000,0.0,71,53,民德电子,19.99
22,23,装修建材,BK0476,11793.75,78.31,0.67,449531568000,0.0,39,13,松发股份,10.01
23,24,农牧饲渔,BK0433,12206.72,79.44,0.66,946819968000,0.0,40,27,正虹科技,9.98
24,25,专用设备,BK0910,2208.51,13.93,0.63,1416821200000,0.0,126,86,达刚控股,19.95
25,26,化学制品,BK0538,22279.35,136.5,0.62,1292485472000,0.0,78,58,佳先股份,17.87
26,27,工程咨询服务,BK0726,688.56,4.21,0.62,193390153000,0.0,27,13,中国海诚,5.21
27,28,电力行业,BK0428,15889.49,93.49,0.59,3067105344000,0.0,41,14,天富能源,10.07
28,29,电池,BK1033,923.04,5.05,0.55,2050684064000,0.0,42,27,丰元股份,10.02
29,30,水泥建材,BK0424,23105.9,121.61,0.53,358516800000,0.0,15,9,富煌钢构,10.0
30,31,橡胶制品,BK1018,1309.06,6.34,0.49,275639408000,0.0,15,13,科创新源,15.62
31,32,通用设备,BK0545,28028.11,134.76,0.48,1058814752000,0.0,106,66,赛福天,10.07
32,33,包装材料,BK0733,889.63,4.15,0.47,120905166000,0.0,16,9,珠海中富,5.34
33,34,旅游酒店,BK0485,14076.04,63.59,0.45,355627520000,0.0,11,17,长白山,9.95
34,35,玻璃玻纤,BK0546,34219.98,151.21,0.44,348278928000,0.0,14,6,山东华鹏,10.0
35,36,文化传媒,BK0486,9162.64,40.29,0.44,1045829808000,0.0,46,35,旗天科技,19.98
36,37,珠宝首饰,BK0734,359.97,1.58,0.44,142855363000,0.0,5,9,特  力Ａ,9.99
37,38,航运港口,BK0450,9722.1,38.14,0.39,1053007136000,0.0,19,6,凤凰航运,10.05
38,39,贸易行业,BK0484,9149.3,35.47,0.39,310295872000,0.0,16,14,怡 亚 通,9.96
39,40,电网设备,BK0457,23950.35,92.08,0.39,1255491120000,0.0,71,46,远东股份,9.77
40,41,医药商业,BK1042,964.52,3.52,0.37,330585632000,0.0,17,4,百洋医药,3.04
41,42,商业百货,BK0482,13243.72,47.63,0.36,443850304000,0.0,32,14,深 赛 格,9.98
42,43,航空机场,BK0420,4530.88,16.17,0.36,648370032000,0.0,5,2,中信海直,3.9
43,44,消费电子,BK1037,1357.52,4.81,0.36,2006237456000,0.0,48,42,鑫汇科,20.23
44,45,多元金融,BK0738,581.75,1.9,0.33,476324560000,0.0,8,9,瑞达期货,5.03
45,46,铁路公路,BK0421,8145.49,26.46,0.33,420505792000,0.0,14,6,海汽集团,3.79
46,47,化肥行业,BK0731,1267.85,4.11,0.33,356929184000,0.0,9,9,川发龙蟒,9.39
47,48,纺织服装,BK0436,9518.54,30.61,0.32,492221776000,0.0,48,34,哈森股份,9.39
48,49,物流行业,BK0422,6148.97,19.18,0.31,1116541568000,0.0,28,17,万林物流,9.95
49,50,燃气,BK1028,1437.77,4.28,0.3,280713936000,0.0,9,16,大众公用,10.0
50,51,船舶制造,BK0729,864.96,2.4,0.28,415076144000,0.0,6,2,中船防务,1.16
51,52,造纸印刷,BK0470,8478.27,22.69,0.27,246315334000,0.0,13,18,新宏泽,9.87
52,53,酿酒行业,BK0477,51766.04,137.87,0.27,3811836560000,0.0,23,15,岩石股份,4.9
53,54,贵金属,BK0732,1111.89,2.9,0.26,815255392000,0.0,4,5,*ST中润,4.89
54,55,汽车零部件,BK0481,30871.6,72.09,0.23,1585303184000,0.0,105,84,跃岭股份,10.0
55,56,食品饮料,BK0438,22709.01,52.86,0.23,1561047584000,0.0,50,47,有友食品,10.03
56,57,医疗服务,BK0727,999.1,2.31,0.23,707749712000,0.0,26,9,诺禾致源,3.48
57,58,化学制药,BK0465,28883.92,66.4,0.23,1715562096000,0.0,69,55,神奇制药,9.96
58,59,有色金属,BK0478,15495.94,26.28,0.17,1098706432000,0.0,35,27,福达合金,9.98
59,60,煤炭行业,BK0437,11064.45,18.03,0.16,1940289264000,0.0,12,12,云煤能源,9.42
60,61,专业服务,BK1043,1125.92,1.78,0.16,203173525000,0.0,16,15,国义招标,8.08
61,62,软件开发,BK0737,985.38,1.54,0.16,2108119584000,0.0,86,81,格灵深瞳,17.73
62,63,交运设备,BK0429,8764.7,12.29,0.14,672502112000,0.0,22,16,宗申动力,10.02
63,64,互联网服务,BK0447,20913.36,28.01,0.13,1581561616000,0.0,65,58,城地香江,10.01
64,65,中药,BK1040,1413.63,1.87,0.13,942897744000,0.0,31,27,华神科技,9.71
65,66,公用事业,BK0427,7922.91,8.67,0.11,190725717000,0.0,9,10,国中水务,2.03
66,67,化学原料,BK1019,733.42,0.74,0.1,838839360000,0.0,43,25,金三江,8.6
67,68,生物制品,BK1044,865.13,0.86,0.1,1298928000000,0.0,35,32,双成药业,9.99
68,69,工程机械,BK0739,1378.99,1.31,0.1,598164912000,0.0,14,10,川润股份,4.81
69,70,电子化学品,BK1039,1524.71,1.05,0.07,270787456000,0.0,12,9,瑞联新材,7.35
70,71,家用轻工,BK0440,33675.63,16.02,0.05,263854678000,0.0,17,12,瑞贝卡,2.85
71,72,游戏,BK1046,1039.48,0.27,0.03,317542000000,0.0,15,8,恺英网络,2.86
72,73,塑料制品,BK0454,11327.88,2.74,0.02,347350768000,0.0,40,35,至正股份,10.0
73,74,农药兽药,BK0730,918.16,-0.07,-0.01,261056332000,0.0,23,18,蓝丰生化,9.92
74,75,航天航空,BK0480,44824.6,-7.77,-0.02,990182816000,0.0,28,13,国科军工,3.54
75,76,小金属,BK1027,1701.39,-0.36,-0.02,619882736000,0.0,15,21,丰华股份,6.59
76,77,通信服务,BK0736,981.56,-0.52,-0.05,3174080064000,0.0,12,19,*ST通脉,4.99
77,78,证券,BK0473,144539.23,-90.97,-0.06,3388170832000,0.0,17,20,哈投股份,1.75
78,79,电机,BK1030,1586.18,-1.19,-0.07,168384857000,0.0,12,10,江南奕帆,3.84
79,80,汽车整车,BK1029,1497.64,-1.81,-0.12,2089876944000,0.0,8,6,一汽解放,1.38
80,81,采掘行业,BK1017,1104.57,-1.46,-0.13,306673344000,0.0,9,10,海默科技,1.73
81,82,石油行业,BK0464,5105.16,-7.45,-0.15,3787170336000,0.0,8,10,沈阳化工,2.48
82,83,医疗器械,BK1041,797.7,-1.21,-0.15,1366547776000,0.0,48,42,济南高新,9.96
83,84,银行,BK0475,3557.92,-5.59,-0.16,12536621312000,0.0,2,26,浦发银行,0.89
84,85,半导体,BK1036,1343.22,-2.8,-0.21,4259355840000,0.0,81,63,芯朋微,4.48
85,86,保险,BK0474,1444.23,-4.58,-0.32,3160902656000,0.0,2,2,中国平安,0.28
