,序号,代码,名称,最新价,涨跌幅,涨跌额,成交量,成交额,振幅,最高,最低,今开,昨收,换手率,市盈率-动态,市净率
0,1,600581,八一钢铁,3.55,9.91,0.32,420759,146985677.0,4.64,3.55,3.4,3.4,3.23,2.74,-3.79,5.12
1,2,600569,安阳钢铁,1.85,8.82,0.15,219872,39918795.0,5.29,1.86,1.77,1.77,1.7,0.77,-2.1,1.14
2,3,600307,酒钢宏兴,1.73,8.81,0.14,939872,162019948.0,5.66,1.75,1.66,1.67,1.59,1.5,-5.59,1.18
3,4,000655,金岭矿业,6.53,8.29,0.5,78707,50086461.62,5.64,6.53,6.19,6.22,6.03,1.32,19.45,1.17
4,5,600782,新钢股份,3.92,7.99,0.29,271748,104328396.0,5.51,3.92,3.72,3.73,3.63,0.86,-81.69,0.47
5,6,000932,华菱钢铁,4.63,7.42,0.32,710237,324748094.16,5.57,4.65,4.41,4.46,4.31,1.03,12.01,0.6
6,7,300881,盛德鑫泰,35.5,6.83,2.27,13272,46039718.4,5.48,35.54,33.72,33.72,33.23,2.31,15.18,3.73
7,8,600231,凌钢股份,1.92,6.67,0.12,88682,16797663.0,3.33,1.92,1.86,1.9,1.8,0.31,-5.25,0.8
8,9,002110,三钢闽光,3.44,6.5,0.21,108580,36803013.0,4.95,3.46,3.3,3.3,3.23,0.45,-18.0,0.42
9,10,000717,中南股份,2.91,6.2,0.17,344207,98862143.0,4.38,2.93,2.81,2.86,2.74,1.42,-7.85,0.81
10,11,601003,柳钢股份,3.17,6.02,0.18,66447,20635082.0,4.68,3.17,3.03,3.03,2.99,0.26,75.03,0.92
11,12,601005,重庆钢铁,1.39,5.3,0.07,512797,70097598.0,4.55,1.4,1.34,1.34,1.32,0.61,-8.99,0.65
12,13,600117,西宁特钢,2.88,4.73,0.13,40313,11459226.0,4.0,2.89,2.78,2.8,2.75,0.12,-15.96,1.85
13,14,000959,首钢股份,3.37,4.66,0.15,109424,36416900.14,4.66,3.39,3.24,3.25,3.22,0.17,33.18,0.53
14,15,000761,本钢板材,3.7,4.52,0.16,40307,14764296.0,2.82,3.72,3.62,3.63,3.54,0.11,-4.9,1.05
15,16,600808,马钢股份,2.34,4.46,0.1,127219,29326773.0,4.46,2.35,2.25,2.26,2.24,0.21,-7.92,0.68
16,17,000898,鞍钢股份,2.46,4.24,0.1,122017,29559219.6,3.81,2.46,2.37,2.37,2.36,0.15,-4.29,0.44
17,18,600507,方大特钢,4.38,4.04,0.17,87797,38273858.0,4.99,4.43,4.22,4.22,4.21,0.38,31.11,1.08
18,19,600126,杭钢股份,4.2,3.96,0.16,71294,29481020.0,3.47,4.21,4.07,4.09,4.04,0.21,-194.64,0.71
19,20,601121,宝地矿业,6.33,3.94,0.24,35667,22393069.0,3.28,6.36,6.16,6.16,6.09,0.94,22.26,1.64
20,21,835857,百甲科技,6.07,3.58,0.21,12715,7768835.17,3.92,6.23,6.0,6.0,5.86,1.09,78.46,1.52
21,22,600019,宝钢股份,6.82,3.49,0.23,377428,255616934.0,3.34,6.86,6.64,6.65,6.59,0.17,16.5,0.75
22,23,000923,河钢资源,15.54,3.46,0.52,37931,58546161.0,2.6,15.59,15.2,15.2,15.02,0.6,10.62,1.08
23,24,000709,河钢股份,2.2,3.29,0.07,334610,72825509.33,3.29,2.21,2.14,2.15,2.13,0.32,27.52,0.44
24,25,600010,包钢股份,1.73,2.98,0.05,1158230,197106129.0,4.76,1.74,1.66,1.67,1.68,0.37,363.32,1.51
25,26,600282,南钢股份,4.5,2.97,0.13,96139,42791907.0,2.75,4.52,4.4,4.4,4.37,0.16,11.87,1.08
26,27,600022,山东钢铁,1.45,2.84,0.04,284772,41038825.0,2.84,1.46,1.42,1.42,1.41,0.27,-8.01,0.77
27,28,000778,新兴铸管,3.99,2.84,0.11,185762,73862163.87,1.8,4.01,3.94,3.97,3.88,0.48,18.61,0.62
28,29,000629,钒钛股份,2.92,2.82,0.08,146271,42257152.05,2.11,2.92,2.86,2.86,2.84,0.16,111.09,2.19
29,30,833751,惠同新材,12.6,2.44,0.3,10697,13757627.49,4.72,13.18,12.6,12.9,12.3,2.32,29.3,3.03
30,31,000825,太钢不锈,3.91,2.36,0.09,86696,33725038.5,2.09,3.92,3.84,3.84,3.82,0.15,80.27,0.66
31,32,603878,武进不锈,5.81,2.29,0.13,14277,8245770.0,1.76,5.83,5.73,5.74,5.68,0.25,11.65,1.24
32,33,601969,海南矿业,7.07,2.17,0.15,27857,19590583.0,1.59,7.09,6.98,6.98,6.92,0.14,17.87,2.15
33,34,002443,金洲管道,6.42,2.07,0.13,39085,24895464.0,1.59,6.42,6.32,6.35,6.29,0.75,16.66,0.98
34,35,601686,友发集团,5.69,1.97,0.11,9016,5081119.0,2.15,5.7,5.58,5.59,5.58,0.06,36.95,1.31
35,36,200761,本钢板Ｂ,1.58,1.94,0.03,230,36309.0,1.94,1.58,1.55,1.55,1.55,0.01,-1.91,0.41
36,37,600382,广东明珠,3.89,1.83,0.07,8992,3466948.0,1.83,3.89,3.82,3.83,3.82,0.13,44.93,0.92
37,38,002075,沙钢股份,5.96,1.71,0.1,118781,69862599.0,3.07,5.97,5.79,5.8,5.86,0.54,93.06,2.04
38,39,688186,广大特材,13.6,1.34,0.18,4813,6526556.0,1.94,13.69,13.43,13.59,13.42,0.22,34.05,0.88
39,40,002478,常宝股份,5.11,1.19,0.06,31835,16152345.51,1.58,5.11,5.03,5.05,5.05,0.44,8.4,0.85
40,41,600399,抚顺特钢,7.12,0.99,0.07,96584,68770757.0,1.99,7.17,7.03,7.05,7.05,0.49,30.8,2.15
41,42,000708,中信特钢,12.72,0.95,0.12,19276,24392903.4,2.38,12.8,12.5,12.6,12.6,0.04,12.55,1.64
42,43,603995,甬金股份,19.67,0.92,0.18,3903,7674212.0,1.23,19.8,19.56,19.65,19.49,0.11,8.4,1.38
43,44,002318,久立特材,23.16,0.87,0.2,3238,7464154.0,1.39,23.2,22.88,22.88,22.96,0.03,17.57,3.15
44,45,001203,大中矿业,8.83,0.8,0.07,8498,7492855.0,1.14,8.87,8.77,8.78,8.76,0.07,15.02,2.1
45,46,600295,鄂尔多斯,9.77,0.72,0.07,15017,14613874.0,1.44,9.81,9.67,9.7,9.7,0.08,13.58,1.36
46,47,900936,鄂资Ｂ股,0.87,0.12,0.001,77,6681.0,0.58,0.871,0.866,0.866,0.869,0.0,8.62,0.86
47,48,002545,东方铁塔,6.61,0.0,0.0,5024,3311471.0,0.76,6.62,6.57,6.62,6.61,0.04,14.93,0.96
48,49,002756,永兴材料,38.76,-1.45,-0.57,11598,45144247.04,2.19,39.46,38.6,39.35,39.33,0.3,13.6,1.72
49,50,605158,华达新材,8.58,-2.83,-0.25,20380,17736565.0,3.17,8.83,8.55,8.82,8.83,0.4,14.05,1.76
