,序号,代码,名称,最新价,涨跌幅,涨跌额,成交量,成交额,振幅,最高,最低,今开,昨收,换手率,市盈率-动态,市净率
0,1,837006,晟楠科技,27.15,29.97,6.26,45969,120706158.93,22.93,27.15,22.36,22.89,20.89,14.31,145.65,7.13
1,2,300581,晨曦航空,12.6,20.0,2.1,141559,172703822.82,20.0,12.6,10.5,10.5,10.5,2.57,-209.24,6.92
2,3,301586,佳力奇,61.0,11.07,6.08,11642,68803124.79,14.68,62.98,54.92,54.92,54.92,5.92,48.3,4.04
3,4,600760,中航沈飞,53.64,10.01,4.88,136267,729654759.0,1.56,53.64,52.88,52.88,48.76,0.5,60.99,9.26
4,5,000697,炼石航空,9.16,9.96,0.83,60552,53631166.0,9.72,9.16,8.35,8.35,8.33,1.07,-28.84,38.59
5,6,300114,中航电测,91.02,9.46,7.87,115169,1024626409.4,7.46,92.2,86.0,88.88,83.15,1.95,390.68,21.58
6,7,300696,爱乐达,19.16,9.05,1.59,49410,93543051.39,12.41,19.9,17.72,17.72,17.57,2.65,-226.0,3.05
7,8,300775,三角防务,27.81,6.06,1.59,45618,125750574.36,5.26,27.99,26.61,26.61,26.22,0.86,51.49,2.77
8,9,300722,新余国科,37.49,5.93,2.1,30164,110441712.7,7.32,37.6,35.01,35.36,35.39,1.09,118.35,16.77
9,10,300900,广联航空,24.65,4.8,1.13,27045,66413107.0,5.65,24.98,23.65,23.65,23.52,1.24,106.9,5.0
10,11,000768,中航西飞,29.98,4.46,1.28,93429,279951359.0,4.08,30.31,29.14,29.14,28.7,0.34,66.28,4.11
11,12,300719,安达维尔,21.91,4.38,0.92,29580,64731315.0,5.19,22.19,21.1,21.1,20.99,1.65,791.33,5.35
12,13,600316,洪都航空,37.54,4.28,1.54,66736,251968195.0,5.58,38.5,36.49,36.5,36.0,0.93,1419.92,5.08
13,14,688297,中无人机,50.63,4.18,2.03,26317,133463775.0,3.07,51.19,49.7,49.7,48.6,0.97,-309.75,6.05
14,15,300424,航新科技,20.95,3.56,0.72,44716,93738030.7,4.75,21.29,20.33,20.53,20.23,1.87,198.26,6.23
15,16,688070,纵横股份,39.89,2.97,1.15,3033,12035767.0,8.13,40.69,37.54,38.75,38.74,0.35,-49.03,6.33
16,17,000738,航发控制,24.78,2.86,0.69,18753,46422334.0,2.49,24.93,24.33,24.33,24.09,0.14,38.87,2.66
17,18,600372,中航机载,13.34,2.85,0.37,92546,123071293.0,2.39,13.41,13.1,13.1,12.97,0.19,40.25,1.74
18,19,600391,航发科技,20.65,2.79,0.56,16241,33403249.0,2.79,20.69,20.13,20.13,20.09,0.49,95.86,4.14
19,20,688510,航亚科技,17.06,2.46,0.41,6580,11197192.0,2.28,17.1,16.72,16.72,16.65,0.25,35.64,4.0
20,21,600893,航发动力,43.45,2.24,0.95,45863,199800286.0,1.79,43.87,43.11,43.35,42.5,0.17,119.62,2.91
21,22,688586,江航装备,10.55,2.23,0.23,9856,10387258.0,2.62,10.61,10.34,10.34,10.32,0.12,45.83,3.32
22,23,688543,国科军工,56.05,2.21,1.21,4578,25644121.0,2.75,56.44,54.93,54.93,54.84,0.56,49.49,4.42
23,24,002297,博云新材,7.1,2.16,0.15,18543,13135995.0,2.59,7.14,6.96,6.97,6.95,0.32,-181.18,1.93
24,25,002985,北摩高科,24.28,2.15,0.51,5448,13178495.0,2.82,24.43,23.76,23.76,23.77,0.26,72.59,3.17
25,26,600862,中航高科,25.27,1.94,0.48,35608,90756107.0,1.94,25.68,25.2,25.34,24.79,0.26,28.95,5.15
26,27,002389,航天彩虹,20.19,1.92,0.38,42207,85359918.0,1.97,20.39,20.0,20.0,19.81,0.43,2447.43,2.52
27,28,600038,中直股份,42.38,1.88,0.78,14498,61457441.0,2.12,42.78,41.9,41.99,41.6,0.25,72.94,2.16
28,29,688523,航天环宇,20.48,1.84,0.37,2724,5589902.0,3.03,20.78,20.17,20.19,20.11,0.32,122.08,5.27
29,30,003009,中天火箭,42.1,1.67,0.69,3149,13243340.0,2.66,42.42,41.32,41.42,41.41,0.2,285.51,4.17
30,31,002023,海特高新,11.61,1.66,0.19,25280,29369804.84,2.36,11.7,11.43,11.43,11.42,0.34,104.22,2.01
31,32,688066,航天宏图,20.62,1.63,0.33,8385,17291231.0,2.86,20.86,20.28,20.28,20.29,0.32,-18.22,2.73
32,33,300965,*ST恒宇,31.51,1.61,0.5,295,924557.0,1.23,31.55,31.17,31.17,31.01,0.18,73.68,1.54
33,34,002625,光启技术,41.34,1.6,0.65,95407,393166992.0,2.19,41.66,40.77,40.77,40.69,0.54,124.39,10.13
34,35,688685,迈信林,38.59,1.58,0.6,6798,26783750.0,4.95,40.43,38.55,38.71,37.99,0.47,115.92,7.78
35,36,600765,中航重机,22.86,1.51,0.34,28644,65764405.0,1.82,23.18,22.77,22.95,22.52,0.19,25.08,2.75
36,37,600118,中国卫星,26.17,1.2,0.31,14480,37856110.0,1.93,26.3,25.8,25.86,25.86,0.12,-1574.52,4.92
37,38,600879,航天电子,9.82,1.13,0.11,508968,495681406.0,2.99,9.89,9.6,9.66,9.71,1.58,43.25,1.57
38,39,688563,航材股份,59.82,1.08,0.64,1729,10338536.0,1.59,60.15,59.21,59.21,59.18,0.15,46.31,2.63
39,40,688239,航宇科技,43.21,0.72,0.31,7674,33394280.0,4.85,44.5,42.42,42.5,42.9,0.54,32.51,3.47
40,41,002933,新兴装备,31.24,0.71,0.22,18309,57536692.25,1.9,31.8,31.21,31.28,31.02,1.61,162.27,2.45
41,42,688237,超卓航科,31.09,0.61,0.19,4898,15324336.0,5.5,32.0,30.3,30.9,30.9,1.11,104.49,2.25
42,43,603261,立航科技,35.29,0.6,0.21,5388,18971477.0,2.42,35.63,34.78,35.08,35.08,2.05,-60.72,3.51
43,44,688287,ST观典,5.09,0.2,0.01,36160,18056544.0,3.94,5.13,4.93,4.95,5.08,0.98,-23.26,2.06
44,45,300159,新研股份,4.15,-1.66,-0.07,246601,103554542.0,5.69,4.32,4.08,4.16,4.22,1.68,-26.21,-44.65
