,序号,代码,名称,最新价,涨跌幅,涨跌额,成交量,成交额,振幅,最高,最低,今开,昨收,换手率,市盈率-动态,市净率
0,1,834021,流金科技,7.65,20.47,1.3,277203,188685604.58,34.02,7.79,5.63,6.34,6.35,12.15,576.31,3.57
1,2,300364,中文在线,33.66,20.0,5.61,1004206,3241605606.54,12.34,33.66,30.2,30.2,28.05,15.19,-81.85,22.33
2,3,300781,因赛集团,70.01,13.17,8.15,78370,531575723.8,15.84,73.0,63.2,63.67,61.86,9.66,193.2,11.04
3,4,300063,天龙集团,8.1,10.66,0.78,668152,528389857.54,15.85,8.5,7.34,7.37,7.32,10.69,96.38,3.86
4,5,300788,中信出版,34.6,10.3,3.23,65106,222149367.5,15.21,36.0,31.23,31.3,31.37,3.42,35.42,3.07
5,6,000793,华闻集团,1.99,9.94,0.18,1226184,236556824.5,13.26,1.99,1.75,1.77,1.81,6.25,-32.79,4.53
6,7,301551,无线传媒,83.08,8.46,6.48,40841,333390124.37,10.23,85.03,77.19,77.19,76.6,11.51,132.06,14.06
7,8,300027,华谊兄弟,2.94,7.3,0.2,1103615,323174104.06,9.85,3.07,2.8,2.81,2.74,4.44,165.01,11.55
8,9,301052,果麦文化,32.9,6.85,2.11,48060,156646291.73,9.84,33.56,30.53,30.53,30.79,5.99,518.5,4.82
9,10,301231,荣信文化,20.39,5.76,1.11,30817,62785493.0,8.51,21.15,19.51,19.56,19.28,5.72,-70.28,1.92
10,11,300133,华策影视,7.48,5.06,0.36,668040,499202207.8,7.58,7.7,7.16,7.18,7.12,4.11,99.85,2.02
11,12,301025,读客文化,11.35,5.0,0.54,69705,79666624.0,10.18,11.91,10.81,10.81,10.81,2.68,196.93,7.31
12,13,601595,上海电影,28.21,4.83,1.3,76431,218043259.0,4.27,29.05,27.9,28.04,26.91,1.71,91.51,7.59
13,14,603721,中广天择,29.87,4.77,1.36,67090,199046636.0,8.91,30.46,27.92,27.92,28.51,5.16,-295.88,7.64
14,15,300242,佳云科技,4.06,4.37,0.17,378074,153428239.0,6.43,4.18,3.93,3.96,3.89,6.01,-40.67,6.89
15,16,002292,奥飞娱乐,7.29,4.29,0.3,432710,311425075.48,7.3,7.41,6.9,6.9,6.99,4.25,97.99,3.18
16,17,000892,欢瑞世纪,3.24,4.18,0.13,100844,32813162.0,9.32,3.4,3.11,3.11,3.11,1.42,99.07,2.8
17,18,300612,宣亚国际,17.25,3.73,0.62,66004,113858416.62,4.21,17.6,16.9,17.04,16.63,3.67,-128.41,6.02
18,19,300528,幸福蓝海,8.77,3.66,0.31,44214,38474179.4,5.67,8.86,8.38,8.38,8.46,1.19,-54.87,4.7
19,20,300654,世纪天鸿,10.83,3.64,0.38,96682,104379789.4,7.08,11.04,10.3,10.43,10.45,2.96,262.07,4.82
20,21,301262,海看股份,27.47,3.58,0.95,16581,45250446.0,5.88,27.86,26.3,26.5,26.52,1.36,25.82,3.21
21,22,603598,引力传媒,15.32,3.16,0.47,100331,152912969.0,7.34,15.64,14.55,14.63,14.85,3.75,115.18,18.81
22,23,002995,天地在线,18.88,3.06,0.56,80200,150938324.49,3.98,19.23,18.5,18.5,18.32,7.13,-74.85,3.43
23,24,300426,唐德影视,10.93,3.02,0.32,53347,58247774.0,5.66,11.19,10.59,10.6,10.61,1.33,-48.7,47.69
24,25,300280,紫天科技,18.18,2.77,0.49,49344,89273536.0,6.27,18.48,17.37,17.6,17.69,3.07,123.4,2.4
25,26,603533,掌阅科技,19.5,2.74,0.52,62029,120887048.0,5.43,19.88,18.85,18.85,18.98,1.41,-89.7,3.47
26,27,301102,兆讯传媒,10.55,2.73,0.28,25983,27275543.25,4.09,10.64,10.22,10.26,10.27,2.56,52.33,1.42
27,28,603729,龙韵股份,14.87,2.69,0.39,18219,26923101.0,4.21,14.98,14.37,14.37,14.48,1.95,-85.6,3.91
28,29,605577,龙版传媒,14.48,2.62,0.37,21010,30361798.0,3.9,14.66,14.11,14.2,14.11,0.47,31.39,1.73
29,30,002712,思美传媒,4.55,2.48,0.11,81992,37410981.0,4.95,4.65,4.43,4.43,4.44,1.52,1068.7,1.75
30,31,002181,粤 传 媒,3.87,2.38,0.09,43715,16890988.0,4.76,3.94,3.76,3.78,3.78,0.39,-46.87,1.08
31,32,603096,新经典,17.73,2.37,0.41,5961,10543634.0,2.94,17.91,17.4,17.4,17.32,0.39,15.02,1.46
32,33,300058,蓝色光标,7.37,2.36,0.17,324913,238341005.18,4.31,7.45,7.14,7.18,7.2,1.33,50.85,2.32
33,34,300182,捷成股份,5.87,2.26,0.13,385920,226242653.12,4.01,5.95,5.72,5.78,5.74,1.72,32.39,1.88
34,35,002905,金逸影视,6.57,2.18,0.14,16536,10844128.0,3.58,6.65,6.42,6.42,6.43,0.47,-17.84,28.66
35,36,300805,电声股份,8.77,2.1,0.18,30150,26380596.0,4.42,8.88,8.5,8.59,8.59,1.05,174.49,2.45
36,37,002343,慈文传媒,6.66,1.99,0.13,54591,36408964.0,3.52,6.79,6.56,6.56,6.53,1.15,111.08,3.22
37,38,000607,华媒控股,3.66,1.95,0.07,31863,11648050.0,3.62,3.71,3.58,3.58,3.59,0.37,85.24,2.28
38,39,600088,中视传媒,16.84,1.94,0.32,27409,46210647.0,3.63,17.08,16.48,16.51,16.52,0.69,-181.65,5.49
39,40,603999,读者传媒,5.82,1.93,0.11,22873,13317525.0,3.5,5.89,5.69,5.69,5.71,0.4,48.92,1.71
40,41,002027,分众传媒,7.13,1.86,0.13,363683,257384744.26,3.57,7.18,6.93,6.96,7.0,0.25,20.65,6.53
41,42,603103,横店影视,12.24,1.83,0.22,16879,20682744.0,4.83,12.48,11.9,12.03,12.02,0.27,43.89,5.74
42,43,600831,ST广网,2.26,1.8,0.04,40179,9008297.0,2.25,2.27,2.22,2.22,2.22,0.57,-2.21,0.58
43,44,603825,华扬联众,11.02,1.75,0.19,67462,74132159.0,5.36,11.24,10.66,10.78,10.83,2.66,-13.6,3.26
44,45,300291,百纳千成,5.28,1.73,0.09,100767,53095349.0,4.24,5.36,5.14,5.17,5.19,1.08,-84.21,1.41
45,46,601999,出版传媒,6.26,1.62,0.1,18444,11526607.0,2.6,6.32,6.16,6.16,6.16,0.33,127.52,1.35
46,47,300987,川网传媒,16.4,1.61,0.26,30197,49240258.34,4.71,16.66,15.9,16.08,16.14,1.74,249.18,3.61
47,48,300071,福石控股,3.94,1.55,0.06,185918,73020804.99,5.93,4.03,3.8,3.8,3.88,2.01,455.76,13.27
48,49,600936,广西广电,2.74,1.48,0.04,35755,9804066.0,2.96,2.77,2.69,2.69,2.7,0.21,-6.05,3.96
49,50,601949,中国出版,6.91,1.47,0.1,58026,40086003.0,3.52,7.03,6.79,6.79,6.81,0.32,42.14,1.4
50,51,002400,省广集团,5.67,1.43,0.08,238762,135353395.04,3.22,5.75,5.57,5.6,5.59,1.38,83.71,2.02
51,52,603230,内蒙新华,11.5,1.41,0.16,10409,11931303.0,2.56,11.58,11.29,11.3,11.34,1.16,16.7,1.6
52,53,600136,ST明诚,1.46,1.39,0.02,23938,3478818.0,1.39,1.46,1.44,1.44,1.44,0.12,-68.84,8.46
53,54,001330,博纳影业,5.12,1.39,0.07,42006,21472529.0,3.56,5.19,5.01,5.05,5.05,0.4,-25.4,1.17
54,55,601900,南方传媒,14.63,1.39,0.2,18890,27433646.0,2.49,14.64,14.28,14.28,14.43,0.21,21.91,1.69
55,56,000802,北京文化,5.87,1.38,0.08,24800,14564740.0,2.76,5.95,5.79,5.81,5.79,0.35,-64.15,3.45
56,57,600229,城市传媒,7.45,1.36,0.1,18652,13915453.0,2.59,7.55,7.36,7.36,7.35,0.28,15.92,1.54
57,58,600551,时代出版,8.53,1.31,0.11,16299,13901313.0,2.61,8.63,8.41,8.42,8.42,0.24,16.86,1.03
58,59,000665,湖北广电,3.88,1.31,0.05,61403,23767988.26,3.66,3.94,3.8,3.82,3.83,0.54,-10.64,0.89
59,60,002878,元隆雅图,11.83,1.28,0.15,18385,21721160.0,3.42,11.97,11.57,11.66,11.68,0.79,59.87,2.0
60,61,300770,新媒股份,41.37,1.27,0.52,11789,48847406.76,2.55,41.8,40.76,40.8,40.85,0.51,17.05,2.68
61,62,002238,天威视讯,8.76,1.27,0.11,43470,38020328.0,3.7,8.9,8.58,8.58,8.65,0.54,234.09,3.08
62,63,002858,力盛体育,11.2,1.27,0.14,10074,11293267.0,2.08,11.34,11.11,11.16,11.06,0.69,67.08,3.18
63,64,300413,芒果超媒,25.3,1.24,0.31,45295,114362850.25,3.16,25.61,24.82,24.95,24.99,0.44,22.22,2.13
64,65,600986,浙文互联,4.95,1.23,0.06,70336,34774066.0,2.86,5.0,4.86,4.89,4.89,0.53,59.12,1.45
65,66,601921,浙版传媒,8.42,1.2,0.1,60374,50835784.0,2.64,8.5,8.28,8.29,8.32,1.43,18.47,1.44
66,67,601858,中国科传,21.86,1.16,0.25,57968,124815862.0,3.79,21.9,21.08,21.56,21.61,0.73,61.81,3.28
67,68,300795,米奥会展,16.01,1.14,0.18,3872,6172272.0,2.4,16.1,15.72,15.84,15.83,0.29,45.12,6.59
68,69,600373,中文传媒,15.06,1.07,0.16,27748,41729896.0,1.95,15.17,14.88,14.9,14.9,0.2,16.64,1.14
69,70,000719,中原传媒,11.62,1.04,0.12,23969,27934523.74,3.04,11.79,11.44,11.44,11.5,0.36,16.81,1.1
70,71,603000,人民网,22.53,0.99,0.22,63023,142295239.0,3.32,22.9,22.16,22.21,22.31,0.57,779.32,7.01
71,72,600640,国脉文化,12.5,0.97,0.12,35038,43688346.0,3.47,12.66,12.23,12.3,12.38,0.44,424.67,2.51
72,73,300860,锋尚文化,26.33,0.96,0.25,10652,28023166.4,3.49,26.66,25.75,26.0,26.08,0.95,124.08,1.58
73,74,300251,光线传媒,8.48,0.95,0.08,91515,77359466.0,2.86,8.56,8.32,8.38,8.4,0.33,26.31,2.79
74,75,605168,三人行,30.23,0.93,0.28,9313,28154628.0,2.34,30.56,29.86,29.86,29.95,0.44,24.69,2.3
75,76,000156,华数传媒,7.13,0.85,0.06,20672,14705068.0,1.7,7.17,7.05,7.06,7.07,0.12,27.21,0.88
76,77,600637,东方明珠,7.21,0.84,0.06,56468,40753505.0,1.68,7.27,7.15,7.15,7.15,0.17,28.63,0.82
77,78,600977,中国电影,11.36,0.8,0.09,18014,20423805.0,1.69,11.4,11.21,11.21,11.27,0.1,51.92,1.9
78,79,603888,新华网,23.85,0.76,0.18,24624,58935010.0,2.32,24.2,23.65,23.67,23.67,0.47,52.31,3.6
79,80,600825,新华传媒,5.69,0.71,0.04,335031,190634694.0,6.37,5.84,5.48,5.65,5.65,3.21,100.44,2.39
80,81,600757,长江传媒,8.75,0.69,0.06,32796,28760748.0,1.84,8.84,8.68,8.69,8.69,0.27,9.98,1.17
81,82,600556,天下秀,4.42,0.68,0.03,79587,35319649.0,1.82,4.48,4.4,4.43,4.39,0.44,88.65,2.08
82,83,600959,江苏有线,3.16,0.64,0.02,91564,28992449.0,1.91,3.19,3.13,3.14,3.14,0.18,52.73,0.71
83,84,000917,电广传媒,6.33,0.64,0.04,103263,65252853.62,2.23,6.39,6.25,6.28,6.29,0.73,64.11,0.87
84,85,601811,新华文轩,15.01,0.6,0.09,8924,13444269.0,1.68,15.18,14.93,14.96,14.92,0.11,12.94,1.37
85,86,600037,歌华有线,6.73,0.6,0.04,26208,17662560.0,1.64,6.79,6.68,6.69,6.69,0.19,-104.6,0.73
86,87,601929,吉视传媒,1.69,0.6,0.01,601093,101035721.0,4.17,1.71,1.64,1.66,1.68,1.72,-13.0,0.94
87,88,000681,视觉中国,13.11,0.54,0.07,36777,48184937.73,2.38,13.25,12.94,12.99,13.04,0.54,90.31,2.63
88,89,603466,风语筑,8.31,0.48,0.04,30141,25199516.0,2.9,8.45,8.21,8.27,8.27,0.51,-18.4,2.27
89,90,601928,凤凰传媒,10.94,0.27,0.03,38086,41801784.0,1.83,11.05,10.85,10.87,10.91,0.15,11.37,1.46
90,91,002739,万达电影,11.27,0.27,0.03,56674,63739003.0,2.22,11.37,11.12,11.15,11.24,0.27,108.31,3.04
91,92,002803,吉宏股份,12.33,0.16,0.02,13190,16282325.0,2.11,12.48,12.22,12.22,12.31,0.46,32.79,2.19
92,93,601801,皖新传媒,7.04,0.14,0.01,22139,15627273.0,1.85,7.12,6.99,7.0,7.03,0.11,11.91,1.19
93,94,601098,中南传媒,13.17,0.0,0.0,16046,21243580.0,1.59,13.33,13.12,13.16,13.17,0.09,15.28,1.58
94,95,600158,中体产业,7.6,0.0,0.0,18600,14168769.0,1.05,7.65,7.57,7.62,7.6,0.19,160.51,2.78
95,96,601019,山东出版,11.38,-0.09,-0.01,14124,16198128.0,1.76,11.56,11.36,11.39,11.39,0.07,15.74,1.65
96,97,002654,万润科技,11.42,-0.52,-0.06,82524,94286395.68,2.53,11.55,11.26,11.4,11.48,0.98,167.54,6.42
97,98,600996,贵广网络,8.73,-0.8,-0.07,29755,26101871.0,1.36,8.84,8.72,8.72,8.8,0.25,-12.61,2.99
98,99,300061,旗天科技,15.22,-4.22,-0.67,262961,403504976.41,3.46,15.63,15.08,15.42,15.89,4.24,-339.82,13.32
