,序号,代码,名称,最新价,涨跌幅,涨跌额,成交量,成交额,振幅,最高,最低,今开,昨收,换手率,市盈率-动态,市净率
0,1,300539,横河精密,12.23,20.02,2.04,61190,74835015.33,0.0,12.23,12.23,12.23,10.19,3.57,84.09,4.96
1,2,301596,瑞迪智驱,106.98,20.0,17.83,34904,361759363.94,8.95,106.98,99.0,100.0,89.15,25.33,60.25,7.34
2,3,430510,丰光精密,22.43,19.37,3.64,58925,129831965.05,20.17,23.79,20.0,20.0,18.79,6.72,141.05,10.31
3,4,300432,富临精工,14.89,15.88,2.04,520237,755791484.42,14.63,15.4,13.52,13.88,12.85,4.32,43.89,4.18
4,5,688017,绿的谐波,102.1,15.37,13.6,40405,392175818.0,12.08,102.49,91.8,91.8,88.5,2.39,219.66,8.5
5,6,836720,吉冈精密,16.96,13.07,1.96,46351,76475439.75,10.67,16.96,15.36,15.82,15.0,9.34,54.77,6.96
6,7,430418,苏轴股份,24.95,13.05,2.88,24979,59505822.04,13.0,25.02,22.15,22.15,22.07,3.49,21.55,4.31
7,8,300503,昊志机电,18.2,12.42,2.01,261816,461575088.74,12.66,18.74,16.69,16.69,16.19,10.95,51.68,4.7
8,9,301368,丰立智能,53.64,11.59,5.57,78235,408363999.7,10.63,55.0,49.89,49.98,48.07,12.2,305.35,6.6
9,10,688165,埃夫特-U,10.19,11.0,1.01,55173,54995987.0,12.75,10.37,9.2,9.2,9.18,1.06,-37.82,3.13
10,11,002403,爱仕达,8.67,10.03,0.79,38724,32956321.0,10.03,8.67,7.88,7.88,7.88,1.3,1333.89,1.77
11,12,002765,蓝黛科技,8.46,10.01,0.77,67864,57413240.1,0.0,8.46,8.46,8.46,7.69,1.14,39.93,2.23
12,13,002031,巨轮智能,3.74,10.0,0.34,981265,359778725.04,9.41,3.74,3.42,3.42,3.4,4.95,1056.02,3.38
13,14,001306,夏厦精密,52.03,10.0,4.73,9218,47691313.52,9.56,52.03,47.51,47.51,47.3,5.95,50.69,2.45
14,15,002896,中大力德,32.47,9.99,2.95,79749,254197481.81,8.4,32.47,29.99,29.99,29.52,5.28,64.66,4.24
15,16,603809,豪能股份,13.22,9.98,1.2,557411,729151099.0,6.74,13.22,12.41,13.2,12.02,9.58,23.7,3.2
16,17,000837,秦川机床,9.37,9.98,0.85,242766,221305498.5,9.27,9.37,8.58,8.58,8.52,2.5,126.33,1.97
17,18,002527,新时达,7.83,9.97,0.71,106100,82201088.55,8.01,7.83,7.26,7.32,7.12,2.0,-91.91,3.47
18,19,000795,英洛华,9.05,9.96,0.82,82909,75032645.0,0.0,9.05,9.05,9.05,8.23,0.73,37.27,3.81
19,20,300403,汉宇集团,8.85,8.99,0.73,185783,161255394.06,9.11,8.98,8.24,8.25,8.12,4.39,22.44,2.8
20,21,301550,斯菱股份,52.25,8.92,4.28,42015,215323442.52,10.3,53.45,48.51,49.0,47.97,7.65,31.5,3.38
21,22,301255,通力科技,31.98,8.74,2.57,16743,52857962.75,9.69,32.55,29.7,29.7,29.41,6.16,59.8,3.37
22,23,002472,双环传动,29.48,7.2,1.98,77856,226893459.35,6.95,29.7,27.79,27.79,27.5,1.03,25.38,2.93
23,24,603667,五洲新春,18.44,7.15,1.23,71233,128964409.0,5.58,18.54,17.58,17.6,17.21,1.95,51.58,2.3
24,25,002553,南方精工,12.33,6.75,0.78,150580,183491031.9,6.15,12.44,11.73,11.73,11.55,6.0,69.34,3.72
25,26,603915,国茂股份,10.16,6.28,0.6,48479,48452908.0,7.11,10.21,9.53,9.56,9.56,0.74,24.08,1.86
26,27,301261,恒工精密,40.59,6.15,2.35,25962,104828682.19,4.45,41.2,39.5,39.8,38.24,6.85,27.83,2.28
27,28,002520,日发精机,5.39,5.89,0.3,157789,83342605.5,6.88,5.43,5.08,5.14,5.09,2.45,-48.88,3.9
28,29,300488,恒锋工具,23.61,5.87,1.31,13123,30461115.0,6.01,23.65,22.31,22.31,22.3,0.96,30.36,2.81
29,30,300817,双飞集团,14.11,5.46,0.73,27716,38756291.33,6.28,14.28,13.44,13.44,13.38,2.23,47.05,3.03
30,31,300549,优德精密,18.22,5.44,0.94,64123,117886367.02,9.9,19.21,17.5,18.28,17.28,6.35,145.52,4.43
31,32,301023,江南奕帆,44.51,4.88,2.07,4243,18633487.0,5.7,44.88,42.46,42.46,42.44,1.42,25.94,3.04
32,33,000584,*ST工智,2.81,4.85,0.13,235760,65917502.61,3.36,2.81,2.72,2.78,2.68,3.11,85.14,3.8
33,34,301279,金道科技,20.1,4.8,0.92,9745,19309092.2,7.56,20.59,19.14,19.14,19.18,3.39,46.25,1.53
34,35,603767,中马传动,12.81,4.66,0.57,94075,120717299.0,3.68,13.07,12.62,12.62,12.24,3.05,59.16,2.74
35,36,002164,宁波东力,5.11,4.5,0.22,61912,31056156.0,6.13,5.15,4.85,4.86,4.89,1.29,47.74,1.98
36,37,301229,纽泰格,21.1,4.46,0.9,11371,23924383.4,5.35,21.29,20.21,20.35,20.2,2.37,38.42,2.64
37,38,001282,三联锻造,19.22,4.0,0.74,10028,19112673.4,3.68,19.28,18.6,18.91,18.48,1.8,22.2,2.02
38,39,000678,襄阳轴承,6.03,3.97,0.23,159898,95448838.92,8.1,6.13,5.66,5.85,5.8,3.48,-106.85,3.4
39,40,002921,联诚精密,11.03,3.96,0.42,9234,10072718.4,3.68,11.09,10.7,10.7,10.61,0.84,-44.26,1.44
40,41,300825,阿尔特,11.41,3.92,0.43,54315,61113305.0,5.74,11.45,10.82,10.98,10.98,1.12,3432.14,2.34
41,42,002008,大族激光,25.95,3.84,0.96,131140,334832388.1,4.92,26.01,24.78,24.79,24.99,1.34,14.36,1.72
42,43,002434,万里扬,5.69,3.64,0.2,58358,32875937.0,3.1,5.7,5.53,5.54,5.49,0.45,21.8,1.3
43,44,300879,大叶股份,14.66,3.46,0.49,22822,33139589.32,3.81,14.73,14.19,14.3,14.17,1.17,101.4,2.48
44,45,605389,长龄液压,20.82,3.27,0.66,6514,13398166.0,4.56,21.09,20.17,20.24,20.16,0.48,24.55,1.43
45,46,300904,威力传动,45.86,3.24,1.44,6269,28521785.0,5.0,46.28,44.06,44.07,44.42,2.85,155.51,4.16
46,47,603638,艾迪精密,16.96,2.79,0.46,20887,35230499.0,3.7,17.1,16.49,16.49,16.5,0.25,38.0,4.38
47,48,002265,建设工业,11.05,2.41,0.26,17025,18693019.0,3.15,11.06,10.72,10.76,10.79,0.42,46.73,3.22
48,49,002708,光洋股份,10.25,2.3,0.23,193360,193381001.12,6.19,10.25,9.63,9.63,10.02,3.91,107.54,3.3
49,50,002526,山东矿机,2.73,2.25,0.06,176358,47872681.58,1.5,2.73,2.69,2.69,2.67,1.0,33.31,1.56
50,51,002600,领益智造,8.57,2.02,0.17,400878,338489862.0,3.57,8.58,8.28,8.3,8.4,0.58,32.06,3.1
51,52,605208,永茂泰,6.85,1.33,0.09,10711,7297221.0,2.07,6.87,6.73,6.82,6.76,0.32,47.16,1.08
52,53,600835,上海机电,17.18,1.24,0.21,119582,203030771.0,7.07,17.5,16.3,16.42,16.97,1.48,18.09,1.3
53,54,300198,纳川股份,2.23,-0.45,-0.01,144059,32186529.0,4.02,2.28,2.19,2.24,2.24,1.41,-21.94,3.4
54,55,000981,山子高科,1.35,-0.74,-0.01,993539,134453743.0,3.68,1.38,1.33,1.33,1.36,1.52,-12.39,6.4
