,序号,代码,名称,最新价,涨跌幅,涨跌额,成交量,成交额,振幅,最高,最低,今开,昨收,换手率,市盈率-动态,市净率
0,1,300647,超频三,8.85,17.22,1.3,376149,299803192.74,19.07,8.85,7.41,7.45,7.55,8.24,-64.83,4.31
1,2,600203,福日电子,14.0,9.98,1.27,875181,1124019005.0,19.95,14.0,11.46,11.46,12.73,14.76,-46.44,4.35
2,3,600130,波导股份,6.31,9.93,0.57,286308,179036375.0,5.05,6.31,6.02,6.1,5.74,3.82,863.79,4.92
3,4,300735,光弘科技,36.77,8.43,2.86,298807,1083959041.76,6.9,37.24,34.9,34.91,33.91,3.95,142.27,5.87
4,5,833346,威贸电子,25.06,8.2,1.9,17734,44319165.44,10.97,26.0,23.46,23.8,23.16,6.55,49.55,4.64
5,6,300256,星星科技,5.28,7.76,0.38,1529434,796840027.02,18.78,5.55,4.63,4.63,4.9,9.31,-70.38,9.95
6,7,002402,和而泰,12.77,7.49,0.89,201343,252864236.64,6.73,12.79,11.99,11.99,11.88,2.51,24.94,2.53
7,8,002681,奋达科技,5.02,7.26,0.34,518908,253271872.03,9.62,5.05,4.6,4.6,4.68,3.51,44.38,3.67
8,9,688260,昀冢科技,18.2,7.0,1.19,24690,43968921.0,8.23,18.4,17.0,17.0,17.01,2.06,-20.55,8.38
9,10,300136,信维通信,24.33,6.29,1.44,211839,511261781.7,5.68,24.5,23.2,23.2,22.89,2.57,33.11,3.28
10,11,002139,拓邦股份,11.84,5.43,0.61,202360,235690312.0,5.88,11.86,11.2,11.2,11.23,1.89,20.05,2.25
11,12,300916,朗特智能,27.04,4.97,1.28,13879,37165241.56,5.75,27.24,25.76,25.76,25.76,1.5,28.17,3.04
12,13,300543,朗科智能,9.63,4.79,0.44,31791,30114659.01,5.11,9.66,9.19,9.38,9.19,1.5,42.26,2.52
13,14,300115,长盈精密,19.65,4.74,0.89,396178,765124100.25,8.42,19.88,18.3,18.88,18.76,3.3,33.54,3.43
14,15,300822,贝仕达克,12.15,4.74,0.55,20352,24224732.2,5.26,12.15,11.54,11.54,11.6,0.7,47.59,2.96
15,16,301180,万祥科技,15.7,4.67,0.7,18197,28156698.0,4.07,15.72,15.11,15.12,15.0,3.14,219.0,4.68
16,17,300866,安克创新,82.01,4.54,3.56,21654,175826245.69,5.15,82.29,78.25,78.25,78.45,0.73,22.21,5.27
17,18,300793,佳禾智能,15.91,4.53,0.69,53711,84270126.64,4.27,15.95,15.3,15.32,15.22,1.57,57.85,2.14
18,19,300131,英唐智控,7.06,4.44,0.3,165677,115735189.0,3.99,7.08,6.81,6.81,6.76,1.59,130.16,4.61
19,20,832876,慧为智能,24.0,4.12,0.95,6194,14585392.16,6.77,24.38,22.82,23.03,23.05,1.62,225.19,6.0
20,21,002925,盈趣科技,13.22,4.09,0.52,26789,34961317.6,4.17,13.25,12.72,12.74,12.7,0.36,44.81,2.18
21,22,603380,易德龙,23.01,3.98,0.88,7339,16668872.0,4.11,23.04,22.13,22.13,22.13,0.46,19.95,2.54
22,23,301326,捷邦科技,59.62,3.92,2.25,8809,52014239.68,7.32,60.86,56.66,56.99,57.37,3.28,4267.33,3.31
23,24,301135,瑞德智能,25.41,3.84,0.94,8411,21156178.0,4.21,25.54,24.51,24.72,24.47,1.7,89.59,2.1
24,25,300857,协创数据,72.99,3.74,2.63,36383,263570718.39,4.53,73.49,70.3,70.37,70.36,1.49,24.1,5.89
25,26,301067,显盈科技,25.19,3.66,0.89,8793,21823855.0,4.77,25.24,24.08,24.29,24.3,1.57,326.78,2.91
26,27,002855,捷荣技术,23.7,3.63,0.83,30859,71891450.0,5.47,23.8,22.55,22.62,22.87,1.25,-24.77,8.0
27,28,300787,海能实业,12.86,3.63,0.45,12409,15716759.8,4.11,12.9,12.39,12.41,12.41,0.77,49.81,2.33
28,29,002885,京泉华,14.31,3.47,0.48,35782,50738695.0,4.92,14.39,13.71,13.71,13.83,1.54,68.92,2.73
29,30,603341,龙旗科技,42.11,3.41,1.39,13147,54623829.0,4.67,42.48,40.58,40.58,40.72,2.74,34.09,3.54
30,31,300976,达瑞电子,58.84,3.39,1.93,4467,26010947.2,2.65,58.85,57.34,57.49,56.91,0.73,23.11,1.67
31,32,003028,振邦智能,32.59,3.33,1.05,4319,13920140.71,4.95,32.84,31.28,31.49,31.54,0.8,20.39,2.16
32,33,002655,共达电声,14.02,3.32,0.45,36766,51097902.0,3.24,14.04,13.6,13.6,13.57,1.02,64.81,7.59
33,34,688007,光峰科技,15.93,3.31,0.51,20296,31847220.0,4.09,15.95,15.32,15.39,15.42,0.44,129.4,2.69
34,35,002577,雷柏科技,15.38,3.29,0.49,14987,22726017.0,3.69,15.39,14.84,14.84,14.89,0.53,95.47,3.68
35,36,688678,福立旺,11.0,3.29,0.35,11538,12541877.0,3.94,11.03,10.61,10.74,10.65,0.47,30.79,1.76
36,37,300602,飞荣达,19.57,3.27,0.62,61774,120012891.0,3.64,19.66,18.97,18.97,18.95,1.58,82.06,2.98
37,38,300322,硕贝德,14.58,3.26,0.46,133033,193828424.24,3.68,14.79,14.27,14.27,14.12,2.99,1396.75,6.55
38,39,300812,易天股份,27.0,3.25,0.85,30268,79247436.04,6.5,27.0,25.3,25.89,26.15,3.34,-203.58,4.35
39,40,300684,中石科技,20.81,3.12,0.63,33904,69406851.18,5.2,20.95,19.9,19.9,20.18,1.69,35.4,3.2
40,41,301123,奕东电子,18.67,3.04,0.55,13025,24055218.0,3.75,18.69,18.01,18.01,18.12,1.7,192.04,1.49
41,42,300951,博硕科技,30.15,3.01,0.88,5754,17129239.9,3.86,30.19,29.06,29.15,29.27,0.38,23.71,2.24
42,43,002993,奥海科技,28.41,2.97,0.82,12533,35237534.6,3.08,28.45,27.6,27.6,27.59,0.53,19.57,1.58
43,44,601138,工业富联,24.38,2.96,0.7,343663,834437568.0,3.17,24.53,23.78,23.78,23.68,0.17,23.99,3.37
44,45,002881,美格智能,25.43,2.96,0.73,13930,35127392.2,4.49,25.57,24.46,24.48,24.7,0.77,54.66,4.36
45,46,002055,得润电子,7.2,2.86,0.2,62345,44345302.0,4.0,7.21,6.93,6.97,7.0,1.05,-25.96,1.74
46,47,301503,智迪科技,32.08,2.85,0.89,3312,10489516.79,3.17,32.08,31.09,31.27,31.19,1.02,28.34,2.52
47,48,002937,兴瑞科技,17.31,2.85,0.48,15192,26044215.32,2.85,17.31,16.83,16.84,16.83,0.51,20.09,3.47
48,49,603595,东尼电子,20.16,2.8,0.55,16020,31892648.0,3.52,20.18,19.49,19.6,19.61,0.69,-82.49,3.1
49,50,603629,利通电子,17.13,2.7,0.45,21260,36045286.0,4.74,17.18,16.39,16.39,16.68,0.83,63.37,2.69
50,51,002045,国光电器,13.07,2.67,0.34,60426,78166798.5,4.16,13.08,12.55,12.55,12.73,1.06,22.81,1.77
51,52,603890,春秋电子,12.36,2.66,0.32,50213,61519785.0,4.4,12.43,11.9,11.96,12.04,1.14,28.88,1.98
52,53,300279,和晶科技,6.3,2.61,0.16,39221,24322287.0,3.26,6.3,6.1,6.15,6.14,0.86,43.7,3.17
53,54,301626,苏州天脉,104.04,2.6,2.64,20406,200849954.34,11.37,104.04,92.51,100.88,101.4,9.28,64.29,8.29
54,55,300433,蓝思科技,22.07,2.6,0.56,87477,192332514.82,3.67,22.2,21.41,21.45,21.51,0.18,34.79,2.32
55,56,002782,可立克,12.01,2.56,0.3,22232,26517879.0,3.5,12.05,11.64,11.64,11.71,0.45,29.14,3.11
56,57,002635,安洁科技,15.4,2.53,0.38,32312,49419618.0,2.73,15.41,15.0,15.01,15.02,0.82,34.4,1.75
57,58,603296,华勤技术,56.28,2.49,1.37,7002,39122503.0,3.04,56.6,54.93,55.44,54.91,0.29,20.92,2.64
58,59,301387,光大同创,32.16,2.49,0.78,4629,14669588.8,2.8,32.19,31.31,31.31,31.38,1.09,346.51,2.12
59,60,601231,环旭电子,14.89,2.48,0.36,56816,84156051.0,3.1,14.93,14.48,14.48,14.53,0.26,18.84,1.91
60,61,001308,康冠科技,20.51,2.45,0.49,9112,18544946.55,2.55,20.53,20.02,20.02,20.02,1.18,18.93,1.96
61,62,301578,辰奕智能,48.58,2.45,1.16,4029,19384588.86,2.47,48.59,47.42,47.42,47.42,2.58,69.44,3.29
62,63,002861,瀛通通讯,11.77,2.44,0.28,14998,17460581.45,3.13,11.77,11.41,11.49,11.49,1.24,-42.39,2.04
63,64,872190,雷神科技,20.28,2.42,0.48,13533,27428349.03,2.93,20.58,20.0,20.0,19.8,1.37,83.74,2.41
64,65,688036,传音控股,95.24,2.39,2.22,15358,144846262.0,3.35,95.73,92.61,94.06,93.02,0.13,20.87,5.27
65,66,002475,立讯精密,43.19,2.37,1.0,118728,509088720.3,2.58,43.2,42.11,42.19,42.19,0.16,25.81,4.87
66,67,002660,茂硕电源,8.3,2.34,0.19,19690,16202014.35,2.34,8.3,8.11,8.11,8.11,0.77,58.38,2.34
67,68,300843,胜蓝股份,30.6,2.34,0.7,16319,49493191.12,4.11,30.72,29.49,29.5,29.9,1.14,39.88,3.79
68,69,002947,恒铭达,37.4,2.3,0.84,21189,79051704.74,4.29,37.9,36.33,36.46,36.56,1.31,23.12,3.19
69,70,301318,维海德,28.75,2.2,0.62,6364,18070134.2,2.84,28.77,27.97,28.24,28.13,1.09,33.04,2.16
70,71,002241,歌尔股份,23.29,2.19,0.5,146287,338956349.03,2.85,23.4,22.75,22.79,22.79,0.48,25.57,2.47
71,72,831167,鑫汇科,23.09,2.17,0.49,4678,10846237.27,6.06,23.88,22.51,22.51,22.6,1.63,63.53,4.4
72,73,002888,惠威科技,20.57,2.14,0.43,54866,110508303.0,6.8,20.8,19.43,20.34,20.14,7.14,779.71,7.98
73,74,600745,闻泰科技,43.4,2.12,0.9,94211,403344856.0,2.59,43.4,42.3,42.43,42.5,0.76,97.59,1.5
74,75,300709,精研科技,42.55,2.11,0.88,23365,98696633.16,2.59,42.59,41.51,41.67,41.67,1.57,59.62,3.7
75,76,002351,漫步者,14.49,2.04,0.29,92156,133103531.5,4.15,14.65,14.06,14.08,14.2,1.77,28.56,4.89
76,77,002600,领益智造,8.57,2.02,0.17,401189,338756473.0,3.57,8.58,8.28,8.3,8.4,0.58,32.06,3.1
77,78,605277,新亚电子,13.32,1.99,0.26,21515,28658548.0,2.6,13.42,13.08,13.1,13.06,0.69,31.99,3.07
78,79,300679,电连技术,43.7,1.98,0.85,12027,52368628.0,2.05,43.88,43.0,43.0,42.85,0.34,30.29,3.89
79,80,301606,绿联科技,35.18,1.97,0.68,11398,39519126.0,4.81,35.49,33.83,34.09,34.5,3.65,34.02,5.32
80,81,301567,贝隆精密,48.68,1.97,0.94,3375,16265789.0,3.35,48.9,47.3,47.3,47.74,1.88,101.03,4.79
81,82,002981,朝阳科技,21.0,1.79,0.37,4211,8762211.6,2.42,21.0,20.5,20.55,20.63,0.35,28.05,2.86
82,83,300956,英力股份,18.95,1.72,0.32,27946,51746185.18,4.67,18.95,18.08,18.08,18.63,3.12,413.99,2.46
83,84,002841,视源股份,35.47,1.55,0.54,7670,27165543.0,2.06,35.67,34.95,35.05,34.93,0.15,19.9,1.96
84,85,301086,鸿富瀚,48.82,1.33,0.64,4528,21887344.9,3.65,48.86,47.1,47.1,48.18,1.39,29.95,2.26
85,86,002369,卓翼科技,6.96,1.31,0.09,164510,106507438.0,11.06,6.96,6.2,6.2,6.87,2.91,-23.86,7.05
86,87,301182,凯旺科技,35.82,1.19,0.42,11489,40699413.0,3.39,35.9,34.7,34.7,35.4,3.19,-63.73,3.95
87,88,002866,传艺科技,15.9,0.89,0.14,21961,34688332.0,2.66,15.97,15.55,15.55,15.76,1.21,74.91,2.16
88,89,002843,泰嘉股份,17.53,0.75,0.13,32197,56700694.5,5.17,17.9,17.0,17.24,17.4,1.28,50.6,3.16
89,90,603327,福蓉科技,14.55,0.55,0.08,83022,116518327.0,6.5,14.55,13.61,13.61,14.47,1.08,58.77,5.41
90,91,301486,致尚科技,49.0,0.29,0.14,12846,63051234.0,3.09,50.0,48.49,48.49,48.86,1.78,79.2,2.54
91,92,688683,莱尔科技,19.28,0.1,0.02,1628,3127302.0,3.79,19.7,18.97,19.7,19.26,0.1,81.28,2.92
92,93,300847,中船汉光,18.74,0.05,0.01,42046,77254513.0,3.74,18.77,18.07,18.72,18.73,1.42,43.74,4.01
93,94,001314,亿道信息,42.45,-0.19,-0.08,17555,73427794.43,3.97,42.45,40.76,42.4,42.53,3.39,214.46,2.93
94,95,301489,思泉新材,62.53,-1.06,-0.67,8103,49970862.5,3.92,62.88,60.4,61.0,63.2,2.38,64.85,3.53
95,96,300032,金龙机电,5.29,-1.31,-0.07,185166,97870503.0,2.8,5.37,5.22,5.27,5.36,2.31,-52.94,5.89
96,97,000021,深科技,20.25,-4.75,-1.01,597544,1201866541.88,4.66,20.55,19.56,19.56,21.26,3.83,35.84,2.73
97,98,600898,*ST美讯,1.68,-5.08,-0.09,3834,644112.0,0.0,1.68,1.68,1.68,1.77,0.15,-11.54,-4.19
98,99,300686,智动力,9.25,-5.23,-0.51,133262,119205272.59,7.68,9.25,8.5,8.5,9.76,6.71,-22.88,2.2
99,100,300968,格林精密,21.66,-6.88,-1.6,591887,1243657702.27,32.72,26.22,18.61,24.58,23.26,14.32,142.27,4.75
100,101,603626,科森科技,9.81,-10.0,-1.09,58296,57188376.0,0.0,9.81,9.81,9.81,10.9,1.05,-17.45,2.18
