,排名,板块名称,板块代码,最新价,涨跌额,涨跌幅,总市值,换手率,上涨家数,下跌家数,领涨股票,领涨股票-涨跌幅
0,1,电机,BK1030,1653.05,91.25,5.84,179576483000,2.2,25,0,科力尔,9.98
1,2,汽车整车,BK1029,1583.9,61.01,4.01,2131822320000,1.1,25,0,众泰汽车,10.22
2,3,汽车零部件,BK0481,31716.83,1045.44,3.41,1610899568000,1.4,204,15,豪能股份,9.98
3,4,通用设备,BK0545,28538.82,899.39,3.25,1080726320000,1.34,185,24,旺成科技,29.93
4,5,消费电子,BK1037,1359.99,36.3,2.74,1993537104000,1.27,93,8,波导股份,9.93
5,6,专用设备,BK0910,2204.38,53.51,2.49,1417738576000,1.0,231,24,新时达,9.97
6,7,仪器仪表,BK0458,12937.22,291.25,2.3,273431872000,1.69,60,10,柯力传感,10.01
7,8,光学光电子,BK1038,1390.21,30.63,2.25,1094206944000,1.75,85,15,蓝黛科技,10.01
8,9,风电设备,BK1032,1051.1,23.07,2.24,308604736000,1.24,26,2,电气风电,20.04
9,10,通信设备,BK0448,12210.3,248.55,2.08,1490365728000,1.02,93,16,剑桥科技,10.0
10,11,电子元件,BK0459,21842.62,438.56,2.05,1831006608000,0.84,125,15,安培龙,8.21
11,12,电子化学品,BK1039,1516.88,30.29,2.04,268650160000,1.12,25,1,瑞联新材,5.51
12,13,橡胶制品,BK1018,1307.72,24.24,1.89,276495584000,0.53,25,6,阳谷华泰,20.03
13,14,航天航空,BK0480,44211.44,773.42,1.78,987728944000,0.82,40,5,航天电子,8.15
14,15,计算机设备,BK0735,1156.29,19.05,1.68,909852720000,1.59,43,6,中科曙光,5.46
15,16,半导体,BK1036,1280.61,21.01,1.67,4085935552000,1.11,140,17,有研硅,8.32
16,17,电池,BK1033,877.97,14.38,1.67,1993418784000,0.71,68,7,国轩高科,6.48
17,18,塑料制品,BK0454,11501.59,182.99,1.62,349891408000,0.91,75,9,横河精密,20.02
18,19,电源设备,BK1034,1575.65,24.08,1.55,342001248000,1.88,23,4,麦格米特,6.07
19,20,医疗服务,BK0727,979.97,14.82,1.54,683996032000,0.69,36,6,昭衍新药,10.02
20,21,船舶制造,BK0729,833.16,12.57,1.53,405537136000,0.3,9,0,ST瑞科,3.56
21,22,电网设备,BK0457,23731.1,335.5,1.43,1253761392000,0.73,110,20,长城电工,10.01
22,23,工程机械,BK0739,1472.94,20.09,1.38,628466096000,0.47,26,5,长盛轴承,5.48
23,24,游戏,BK1046,1015.1,13.53,1.35,312627456000,0.94,25,2,恺英网络,3.99
24,25,家电行业,BK0456,18356.23,239.75,1.32,1878781760000,1.02,74,17,海立股份,10.03
25,26,证券,BK0473,147007.63,1868.38,1.29,3426741248000,0.76,46,4,东兴证券,8.53
26,27,交运设备,BK0429,8666.96,106.19,1.24,678262432000,0.23,39,10,雷尔伟,11.36
27,28,化学制药,BK0465,28541.1,331.11,1.17,1696764656000,0.6,114,26,莎普爱思,10.0
28,29,非金属材料,BK1020,1147.93,13.24,1.17,360368560000,1.51,24,9,中科电气,11.4
29,30,互联网服务,BK0447,20427.26,233.56,1.16,1555644448000,1.26,120,28,若羽臣,10.03
30,31,生物制品,BK1044,841.84,9.26,1.11,1265451632000,0.4,65,8,诺诚健华-U,4.73
31,32,软件开发,BK0737,953.95,10.36,1.1,2069057504000,1.33,155,38,能科科技,9.98
32,33,多元金融,BK0738,625.98,5.89,0.95,517186544000,1.47,18,4,渤海租赁,10.11
33,34,医疗器械,BK1041,777.75,7.02,0.91,1319261792000,0.39,97,20,浩欧博,20.0
34,35,贸易行业,BK0484,9086.0,77.29,0.86,312414096000,1.17,23,13,天音控股,9.47
35,36,通信服务,BK0736,968.21,8.15,0.85,3184953712000,0.39,30,8,北纬科技,3.57
36,37,化学制品,BK0538,21862.55,174.72,0.81,1269817936000,0.66,125,35,壶化股份,4.86
37,38,物流行业,BK0422,6098.75,33.96,0.56,845720400000,0.2,36,16,ST广物,3.24
38,39,装修装饰,BK0725,473.23,2.56,0.54,118940903000,1.74,20,14,全筑股份,10.21
39,40,采掘行业,BK1017,1086.54,5.16,0.48,309605376000,0.32,11,7,科力股份,2.88
40,41,燃气,BK1028,1426.84,6.69,0.47,276415680000,0.46,21,6,长春燃气,3.98
41,42,工程咨询服务,BK0726,674.99,3.09,0.46,186338885000,1.15,27,14,华建集团,9.94
42,43,化学原料,BK1019,724.87,3.29,0.46,827326032000,0.43,44,33,航锦科技,5.68
43,44,玻璃玻纤,BK0546,33396.36,141.48,0.43,337512080000,0.31,13,7,戈碧迦,8.28
44,45,石油行业,BK0464,5135.46,21.28,0.42,3689726720000,0.09,12,8,ST新潮,4.9
45,46,纺织服装,BK0436,9394.9,37.11,0.4,479638080000,0.55,57,34,日播时尚,9.97
46,47,中药,BK1040,1405.45,5.47,0.39,935926304000,0.72,53,17,*ST吉药,7.31
47,48,农药兽药,BK0730,913.59,3.37,0.37,255922137000,0.44,26,17,蓝丰生化,5.62
48,49,食品饮料,BK0438,23123.05,76.94,0.33,1563087136000,0.71,77,36,华康股份,9.97
49,50,酿酒行业,BK0477,51287.5,161.75,0.32,3770550464000,0.42,27,9,百润股份,7.71
50,51,专业服务,BK1043,1107.84,3.48,0.32,199534758000,0.63,25,12,华测检测,5.34
51,52,家用轻工,BK0440,33647.52,104.32,0.31,258959712000,0.66,28,9,哈尔斯,4.0
52,53,汽车服务,BK1016,855.89,2.39,0.28,64511920000,0.9,10,3,德众汽车,4.51
53,54,航空机场,BK0420,4753.77,10.59,0.22,680524176000,1.13,10,4,华夏航空,5.6
54,55,文化传媒,BK0486,8898.19,15.86,0.18,1009661296000,0.9,60,35,三人行,7.69
55,56,航运港口,BK0450,9863.0,14.72,0.15,1050105696000,0.29,11,25,凤凰航运,10.05
56,57,公用事业,BK0427,7891.43,9.74,0.12,190572976000,0.53,10,11,惠天热电,9.88
57,58,美容护理,BK1035,781.4,0.94,0.12,299546224000,0.81,19,8,稳健医疗,3.11
58,59,光伏设备,BK1031,1251.4,1.31,0.1,1649334720000,1.51,48,27,意华股份,10.01
59,60,化纤行业,BK0471,12371.66,-2.03,-0.02,429532032000,0.65,17,7,蒙泰高新,4.93
60,61,化肥行业,BK0731,1290.49,-0.52,-0.04,375937184000,1.03,11,10,川发龙蟒,2.91
61,62,包装材料,BK0733,905.91,-0.38,-0.04,122051165000,0.7,13,10,方大新材,4.05
62,63,珠宝首饰,BK0734,347.58,-0.16,-0.05,135654403000,0.27,9,6,迪阿股份,0.86
63,64,电力行业,BK0428,16130.62,-15.38,-0.1,3066448512000,0.3,28,46,绿能慧充,5.29
64,65,贵金属,BK0732,1114.26,-1.17,-0.1,803156016000,0.36,2,11,玉龙股份,0.25
65,66,有色金属,BK0478,15690.65,-28.37,-0.18,1092242928000,0.96,32,36,和胜股份,10.03
66,67,农牧饲渔,BK0433,12552.98,-28.22,-0.22,965390768000,1.18,45,41,欧福蛋业,7.45
67,68,铁路公路,BK0421,8162.2,-18.98,-0.23,688382752000,0.38,9,15,江西长运,2.04
68,69,装修建材,BK0476,11743.75,-29.39,-0.25,447705680000,1.16,34,36,顾地科技,5.17
69,70,医药商业,BK1042,988.16,-3.56,-0.36,330672688000,0.89,11,20,健之佳,8.15
70,71,综合行业,BK0539,9439.41,-37.37,-0.39,185029663000,1.65,9,11,山高环能,9.98
71,72,保险,BK0474,1391.34,-5.6,-0.4,3054806416000,0.08,2,4,中国平安,0.45
72,73,造纸印刷,BK0470,8243.71,-42.67,-0.51,239522337000,0.62,18,19,凯腾精工,7.02
73,74,旅游酒店,BK0485,14021.49,-75.68,-0.54,351031456000,0.81,12,23,同庆楼,3.71
74,75,环保行业,BK0728,390.77,-2.12,-0.54,600929664000,1.1,61,52,绿茵生态,10.07
75,76,工程建设,BK0425,21221.43,-117.71,-0.55,1520840752000,0.43,27,36,森特股份,4.89
76,77,银行,BK0475,3519.49,-20.33,-0.57,12316194304000,0.07,3,37,江苏银行,0.67
77,78,煤炭行业,BK0437,10890.03,-64.23,-0.59,1908800928000,0.25,8,25,安泰集团,0.93
78,79,小金属,BK1027,1873.07,-20.9,-1.1,667967360000,2.68,14,23,英洛华,9.96
79,80,商业百货,BK0482,13780.72,-180.12,-1.29,469292928000,1.23,16,43,爱施德,10.01
80,81,房地产开发,BK0451,12831.91,-175.85,-1.35,1181210848000,1.03,16,74,华夏幸福,9.96
81,82,水泥建材,BK0424,23484.02,-335.79,-1.41,370433696000,0.87,4,23,西藏天路,3.87
82,83,能源金属,BK1015,480.87,-7.34,-1.5,342485776000,1.35,3,10,融捷股份,0.87
83,84,教育,BK0740,665.86,-12.09,-1.78,93432400000,4.08,5,10,博通股份,1.53
84,85,钢铁行业,BK0479,6954.75,-144.62,-2.04,833958528000,1.01,11,38,百甲科技,4.84
85,86,房地产服务,BK1045,1074.67,-34.43,-3.1,90753535000,2.75,2,16,全新好,3.86
