,序号,代码,名称,最新价,涨跌幅,涨跌额,成交量,成交额,振幅,最高,最低,今开,昨收,换手率,市盈率-动态,市净率
0,1,300010,豆神教育,9.59,20.03,1.6,,,0.0,,,,7.99,0.0,134.06,18.27
1,2,002717,岭南股份,3.36,10.16,0.31,,,0.0,,,,3.05,0.0,-11.38,3.07
2,3,600340,华夏幸福,2.07,10.11,0.19,,,0.0,,,,1.88,0.0,-0.84,1.74
3,4,600653,申华控股,2.51,10.09,0.23,,,0.0,,,,2.28,0.0,-65.15,6.72
4,5,000917,电广传媒,9.19,10.06,0.84,,,0.0,,,,8.35,0.0,160.2,1.26
5,6,002094,青岛金王,8.54,10.05,0.78,,,0.0,,,,7.76,0.0,72.69,3.99
6,7,000536,华映科技,5.04,10.04,0.46,,,0.0,,,,4.58,0.0,-12.32,8.84
7,8,600439,瑞贝卡,5.15,10.04,0.47,,,0.0,,,,4.68,0.0,358.48,2.13
8,9,600292,远达环保,11.62,10.04,1.06,,,0.0,,,,10.56,0.0,77.01,1.75
9,10,603958,哈森股份,18.01,10.02,1.64,,,0.0,,,,16.37,0.0,-71.51,5.18
10,11,600203,福日电子,12.85,10.02,1.17,,,0.0,,,,11.68,0.0,-40.75,3.91
11,12,600246,万通发展,13.62,10.02,1.24,,,0.0,,,,12.38,0.0,-171.03,4.87
12,13,600178,东安动力,13.95,10.02,1.27,,,0.0,,,,12.68,0.0,-3083.39,2.58
13,14,603268,松发股份,37.24,10.01,3.39,,,0.0,,,,33.85,0.0,-57.5,310.36
14,15,000958,电投产融,8.79,10.01,0.8,,,0.0,,,,7.99,0.0,44.65,2.43
15,16,603697,有友食品,8.9,10.01,0.81,,,0.0,,,,8.09,0.0,23.54,2.14
16,17,002243,力合科创,10.33,10.01,0.94,,,0.0,,,,9.39,0.0,69.24,1.74
17,18,002253,川大智胜,21.98,10.01,2.0,,,0.0,,,,19.98,0.0,-137.57,4.21
18,19,600843,上工申贝,16.71,10.01,1.52,,,0.0,,,,15.19,0.0,129.69,3.63
19,20,603991,至正股份,106.32,10.01,9.67,,,0.0,,,,96.65,0.0,-394.27,32.85
20,21,605069,正和生态,9.57,10.0,0.87,,,0.0,,,,8.7,0.0,381.8,1.94
21,22,002633,申科股份,12.87,10.0,1.17,,,0.0,,,,11.7,0.0,206.31,4.6
22,23,002542,中化岩土,3.85,10.0,0.35,,,0.0,,,,3.5,0.0,-27.06,3.46
23,24,002312,川发龙蟒,17.16,10.0,1.56,,,0.0,,,,15.6,0.0,57.23,3.45
24,25,002583,海能达,25.64,10.0,2.33,,,0.0,,,,23.31,0.0,139.05,7.64
25,26,603656,泰禾智能,25.53,10.0,2.32,,,0.0,,,,23.21,0.0,178.47,3.65
26,27,002657,中科金财,20.37,9.99,1.85,,,0.0,,,,18.52,0.0,-66.32,3.83
27,28,600865,百大集团,10.47,9.98,0.95,,,0.0,,,,9.52,0.0,22.46,1.68
28,29,600624,复旦复华,6.4,9.97,0.58,,,0.0,,,,5.82,0.0,-139.0,5.6
29,30,000016,深康佳Ａ,6.4,9.97,0.58,,,0.0,,,,5.82,0.0,-7.08,3.38
30,31,002712,思美传媒,6.29,9.97,0.57,,,0.0,,,,5.72,0.0,1477.39,2.41
31,32,002654,万润科技,18.0,9.96,1.63,,,0.0,,,,16.37,0.0,264.08,10.12
32,33,000903,云内动力,3.21,9.93,0.29,,,0.0,,,,2.92,0.0,-14.47,2.37
33,34,000520,凤凰航运,5.8,9.43,0.5,,,0.0,,,,5.3,0.0,-199.37,11.24
34,35,600635,大众公用,5.03,9.35,0.43,,,0.0,,,,4.6,0.0,60.79,1.78
35,36,600839,四川长虹,14.84,8.96,1.22,,,0.0,,,,13.62,0.0,149.11,4.81
36,37,601727,上海电气,8.4,8.67,0.67,,,0.0,,,,7.73,0.0,108.74,2.45
37,38,601933,永辉超市,4.96,7.83,0.36,,,0.0,,,,4.6,0.0,81.75,7.32
38,39,002912,中新赛克,29.17,7.48,2.03,,,0.0,,,,27.14,0.0,-79.55,3.16
39,40,600811,东方集团,2.98,6.81,0.19,,,0.0,,,,2.79,0.0,59.41,0.65
40,41,603377,ST东时,1.79,5.29,0.09,,,0.0,,,,1.7,0.0,-8.87,0.74
41,42,002141,*ST贤丰,1.41,5.22,0.07,,,0.0,,,,1.34,0.0,133.77,1.56
42,43,600083,*ST博信,2.44,5.17,0.12,,,0.0,,,,2.32,0.0,-12.37,-16.95
43,44,000584,*ST工智,2.68,5.1,0.13,,,0.0,,,,2.55,0.0,81.2,3.63
44,45,603559,*ST通脉,9.98,5.05,0.48,,,0.0,,,,9.5,0.0,-12.72,42.45
45,46,002310,*ST东园,1.68,5.0,0.08,,,0.0,,,,1.6,0.0,-1.98,-3.39
46,47,002650,ST加加,3.37,4.98,0.16,,,0.0,,,,3.21,0.0,-43.04,1.92
47,48,002570,贝因美,5.3,4.95,0.25,,,0.0,,,,5.05,0.0,55.54,3.72
48,49,600234,*ST科新,4.47,4.93,0.21,,,0.0,,,,4.26,0.0,76.69,2.66
49,50,002822,ST中装,2.35,4.91,0.11,,,0.0,,,,2.24,0.0,-1.58,0.94
50,51,000506,*ST中润,2.6,4.84,0.12,,,0.0,,,,2.48,0.0,-20.11,3.98
51,52,002217,*ST合泰,1.74,4.82,0.08,,,0.0,,,,1.66,0.0,-3.29,-0.74
52,53,603959,ST百利,2.41,4.78,0.11,,,0.0,,,,2.3,0.0,-4.4,2.91
53,54,000045,深纺织Ａ,13.25,3.52,0.45,,,0.0,,,,12.8,0.0,76.45,2.32
54,55,601777,力帆科技,8.09,3.32,0.26,,,0.0,,,,7.83,0.0,686.7,3.5
55,56,000909,ST数源,5.17,2.78,0.14,,,0.0,,,,5.03,0.0,15.9,1.86
56,57,600371,万向德农,10.46,1.85,0.19,,,0.0,,,,10.27,0.0,44.34,5.34
57,58,300147,香雪制药,14.5,1.54,0.22,,,0.0,,,,14.28,0.0,-33.02,5.62
58,59,002528,ST英飞拓,3.17,0.96,0.03,,,0.0,,,,3.14,0.0,-27.32,8.97
59,60,000058,深 赛 格,9.86,0.41,0.04,,,0.0,,,,9.82,0.0,238.8,6.05
60,61,600603,ST广物,8.15,0.37,0.03,,,0.0,,,,8.12,0.0,19.03,1.47
61,62,002725,跃岭股份,16.01,0.25,0.04,,,0.0,,,,15.97,0.0,639.0,4.23
62,63,603985,恒润股份,15.08,0.0,0.0,,,0.0,,,,15.08,0.0,-67.67,2.03
63,64,600481,双良节能,5.95,0.0,0.0,,,0.0,,,,5.95,0.0,-4.43,2.05
64,65,002700,ST浩源,9.25,0.0,0.0,,,0.0,,,,9.25,0.0,34.95,4.62
65,66,000070,ST特信,5.74,0.0,0.0,,,0.0,,,,5.74,0.0,876.14,2.71
66,67,600696,岩石股份,18.0,-0.22,-0.04,,,0.0,,,,18.04,0.0,-38.9,11.4
