,序号,代码,名称,最新价,涨跌幅,涨跌额,成交量,成交额,振幅,最高,最低,今开,昨收,换手率,市盈率-动态,市净率
0,1,300010,豆神教育,9.59,20.03,1.6,2278766,2142516852.17,8.39,9.59,8.92,9.59,7.99,20.21,134.06,18.27
1,2,300968,格林精密,16.15,19.99,2.69,500785,774904246.86,14.49,16.15,14.2,14.6,13.46,12.11,106.08,3.54
2,3,300271,华宇软件,9.3,10.71,0.9,1039752,933992500.77,14.52,9.68,8.46,8.6,8.4,12.97,-21.61,1.87
3,4,300781,因赛集团,87.97,10.21,8.15,143046,1242829016.18,16.54,94.0,80.8,83.8,79.82,17.64,200.05,13.56
4,5,601996,丰林集团,2.61,10.13,0.24,1291945,336735927.0,3.8,2.61,2.52,2.61,2.37,11.53,-88.27,1.08
5,6,600340,华夏幸福,2.07,10.11,0.19,2964939,605532210.0,9.04,2.07,1.9,2.06,1.88,7.62,-0.84,1.74
6,7,002570,贝因美,5.56,10.1,0.51,2099405,1129530714.51,12.48,5.56,4.93,5.06,5.05,19.44,58.26,3.9
7,8,600130,波导股份,5.46,10.08,0.5,62576,34166551.0,0.0,5.46,5.46,5.46,4.96,0.83,344.03,4.09
8,9,002178,延华智能,6.67,10.07,0.61,960845,627166124.14,8.09,6.67,6.18,6.3,6.06,13.5,-406.55,10.76
9,10,000917,电广传媒,9.19,10.06,0.84,161234,148174174.66,0.0,9.19,9.19,9.19,8.35,1.14,160.2,1.26
10,11,002094,青岛金王,8.54,10.05,0.78,314372,267622917.64,4.64,8.54,8.18,8.54,7.76,4.55,72.69,3.99
11,12,000536,华映科技,5.04,10.04,0.46,232595,117227779.2,0.0,5.04,5.04,5.04,4.58,0.84,-12.32,8.84
12,13,600439,瑞贝卡,5.15,10.04,0.47,937582,470934473.0,7.91,5.15,4.78,4.9,4.68,8.28,358.48,2.13
13,14,600292,远达环保,11.62,10.04,1.06,33284,38675869.0,0.0,11.62,11.62,11.62,10.56,0.43,77.01,1.75
14,15,603958,哈森股份,18.01,10.02,1.64,119467,210951405.0,9.22,18.01,16.5,18.0,16.37,5.45,-71.51,5.18
15,16,600203,福日电子,12.85,10.02,1.17,40835,52473206.0,0.0,12.85,12.85,12.85,11.68,0.69,-40.75,3.91
16,17,002416,爱施德,13.29,10.02,1.21,73262,97365556.83,0.0,13.29,13.29,13.29,12.08,0.6,23.53,2.75
17,18,600178,东安动力,13.95,10.02,1.27,599387,813165701.0,7.89,13.95,12.95,13.5,12.68,12.85,-3083.39,2.58
18,19,603268,松发股份,37.24,10.01,3.39,53573,199504958.0,0.0,37.24,37.24,37.24,33.85,4.31,-57.5,310.36
19,20,002456,欧菲光,16.04,10.01,1.46,380234,609895993.64,0.0,16.04,16.04,16.04,14.58,1.17,678.13,14.96
20,21,000958,电投产融,8.79,10.01,0.8,111515,98021922.33,0.0,8.79,8.79,8.79,7.99,0.21,44.65,2.43
21,22,600843,上工申贝,16.71,10.01,1.52,1213020,1929632741.0,14.35,16.71,14.53,15.19,15.19,25.85,129.69,3.63
22,23,605069,正和生态,9.57,10.0,0.87,117479,109773107.0,5.75,9.57,9.07,9.31,8.7,13.96,381.8,1.94
23,24,002542,中化岩土,3.85,10.0,0.35,2094958,796265540.34,10.0,3.85,3.5,3.85,3.5,13.08,-27.06,3.46
24,25,002312,川发龙蟒,17.16,10.0,1.56,735532,1258107441.67,3.08,17.16,16.68,17.16,15.6,4.2,57.23,3.45
25,26,002583,海能达,25.64,10.0,2.33,648341,1626315227.1,6.91,25.64,24.03,24.7,23.31,5.06,139.05,7.64
26,27,600363,联创光电,42.48,9.99,3.86,203840,831656330.0,9.79,42.48,38.7,38.7,38.62,4.48,42.3,4.65
27,28,001267,汇绿生态,7.6,9.99,0.69,104560,79465584.8,0.0,7.6,7.6,7.6,6.91,2.88,169.22,3.89
28,29,600865,百大集团,10.47,9.98,0.95,73657,77001490.0,1.79,10.47,10.3,10.43,9.52,1.96,22.46,1.68
29,30,000016,深康佳Ａ,6.4,9.97,0.58,94534,60501843.2,0.0,6.4,6.4,6.4,5.82,0.59,-7.08,3.38
30,31,002712,思美传媒,6.29,9.97,0.57,106441,66951137.4,0.0,6.29,6.29,6.29,5.72,1.97,1477.39,2.41
31,32,000520,凤凰航运,5.81,9.62,0.51,872058,492589623.27,13.4,5.83,5.12,5.3,5.3,8.62,-199.71,11.26
32,33,603656,泰禾智能,25.36,9.26,2.15,420828,1026657485.0,8.36,25.53,23.59,24.0,23.21,22.95,177.28,3.62
33,34,600246,万通发展,13.52,9.21,1.14,1717625,2289639957.0,15.75,13.62,11.67,13.62,12.38,8.64,-169.77,4.84
34,35,600839,四川长虹,14.8,8.66,1.18,4853409,7089915326.0,8.52,14.98,13.82,14.0,13.62,10.52,148.71,4.8
35,36,002253,川大智胜,21.62,8.21,1.64,399761,863961261.33,6.76,21.98,20.63,21.98,19.98,19.24,-135.32,4.15
36,37,300972,万辰集团,75.18,8.2,5.7,33675,244121780.24,9.38,76.0,69.48,69.83,69.48,2.17,120.39,14.78
37,38,002243,力合科创,10.16,8.2,0.77,1138503,1148153443.55,5.64,10.33,9.8,10.0,9.39,9.45,68.1,1.71
38,39,603697,有友食品,8.71,7.66,0.62,165166,141284130.0,9.89,8.9,8.1,8.12,8.09,3.86,23.04,2.09
39,40,002725,跃岭股份,17.15,7.39,1.18,205209,341260118.96,11.71,17.36,15.49,15.65,15.97,9.68,684.5,4.54
40,41,600609,金杯汽车,5.63,7.03,0.37,780248,434821573.0,13.88,5.79,5.06,5.45,5.26,5.95,18.62,5.88
41,42,300075,数字政通,21.35,6.75,1.35,689769,1402404088.5,9.4,21.36,19.48,20.0,20.0,13.41,92.14,3.31
42,43,601933,永辉超市,4.88,6.09,0.28,2680540,1300381760.0,8.26,5.03,4.65,4.7,4.6,2.95,80.43,7.2
43,44,603708,家家悦,11.38,6.06,0.65,166050,187968858.0,9.04,11.7,10.73,11.0,10.73,2.77,28.99,2.99
44,45,300278,华昌达,5.91,5.91,0.33,1329886,763392758.04,10.22,5.97,5.4,5.58,5.58,9.73,81.22,4.7
45,46,603499,翔港科技,29.23,5.79,1.6,46148,131053327.0,7.24,29.48,27.48,27.49,27.63,2.14,142.04,8.0
46,47,002912,中新赛克,28.68,5.67,1.54,114808,318125196.68,10.72,28.89,25.98,27.33,27.14,7.08,-78.21,3.11
47,48,601777,力帆科技,8.24,5.24,0.41,960887,772160896.0,7.92,8.32,7.7,7.87,7.83,2.13,699.43,3.57
48,49,002141,*ST贤丰,1.41,5.22,0.07,189524,26433679.64,4.48,1.41,1.35,1.37,1.34,1.83,133.77,1.56
49,50,603959,ST百利,2.42,5.22,0.12,131449,31605299.0,3.48,2.42,2.34,2.34,2.3,2.68,-4.42,2.92
50,51,600481,双良节能,6.26,5.21,0.31,1262024,752160484.0,14.62,6.35,5.48,5.65,5.95,6.75,-4.66,2.16
51,52,603626,科森科技,11.01,5.16,0.54,910796,999988619.0,9.46,11.5,10.51,10.63,10.47,16.41,-19.58,2.44
52,53,000584,*ST工智,2.68,5.1,0.13,9566,2563688.0,0.0,2.68,2.68,2.68,2.55,0.13,81.2,3.63
53,54,000045,深纺织Ａ,13.45,5.08,0.65,359415,491579336.59,6.56,14.07,13.23,13.23,12.8,7.86,77.6,2.35
54,55,603559,*ST通脉,9.98,5.05,0.48,20324,20070929.0,1.89,9.98,9.8,9.8,9.5,1.42,-12.72,42.45
55,56,002310,*ST东园,1.68,5.0,0.08,1283846,213472841.43,5.0,1.68,1.6,1.68,1.6,4.78,-1.98,-3.39
56,57,600234,*ST科新,4.47,4.93,0.21,4085,1826040.0,0.0,4.47,4.47,4.47,4.26,0.16,76.69,2.66
57,58,002822,ST中装,2.35,4.91,0.11,251476,58782540.95,5.36,2.35,2.23,2.35,2.24,4.81,-1.58,0.94
58,59,000506,*ST中润,2.6,4.84,0.12,15732,4090320.0,0.0,2.6,2.6,2.6,2.48,0.17,-20.11,3.98
59,60,600624,复旦复华,6.09,4.64,0.27,751958,460469897.0,9.62,6.38,5.82,6.38,5.82,10.98,-132.27,5.33
60,61,002185,华天科技,13.47,4.34,0.56,1937590,2603158863.28,7.44,13.88,12.92,13.02,12.91,6.05,90.67,2.62
61,62,600370,三房巷,2.03,4.1,0.08,436340,86418995.0,11.28,2.1,1.88,2.1,1.95,1.12,-27.87,1.38
62,63,002869,金溢科技,33.54,4.06,1.31,219798,732655758.3,4.53,33.98,32.52,32.81,32.23,13.8,145.28,2.8
63,64,300147,香雪制药,14.83,3.85,0.55,706542,1061099291.99,14.5,15.77,13.7,14.0,14.28,10.75,-33.77,5.75
64,65,002611,东方精工,7.37,3.8,0.27,967634,703078515.76,6.62,7.5,7.03,7.18,7.1,9.72,20.42,1.86
65,66,000903,云内动力,3.03,3.77,0.11,1666050,514840271.39,7.53,3.17,2.95,3.17,2.92,8.68,-13.66,2.24
66,67,002273,水晶光电,22.0,3.58,0.76,860073,1889626842.49,4.57,22.5,21.53,22.1,21.24,6.33,26.63,3.46
67,68,605333,沪光股份,34.6,3.47,1.16,54171,184682291.0,5.23,34.99,33.24,33.44,33.44,1.24,25.85,7.71
68,69,300520,科大国创,24.67,3.35,0.8,350080,828511029.98,11.44,24.95,22.22,23.65,23.87,12.62,-113.44,3.91
69,70,000901,航天科技,13.35,3.25,0.42,676327,904629173.9,6.19,13.78,12.98,13.0,12.93,8.47,1354.6,2.56
70,71,002528,ST英飞拓,3.23,2.87,0.09,237555,74792910.74,7.64,3.27,3.03,3.05,3.14,2.26,-27.84,9.14
71,72,002650,ST加加,3.3,2.8,0.09,319468,105303470.5,7.79,3.36,3.11,3.35,3.21,2.77,-42.15,1.88
72,73,002700,ST浩源,9.5,2.7,0.25,21828,20726982.2,4.43,9.66,9.25,9.25,9.25,0.65,35.89,4.74
73,74,600343,航天动力,11.9,2.5,0.29,367674,437393944.0,5.43,12.25,11.62,12.01,11.61,5.76,-68.41,4.85
74,75,002717,岭南股份,3.12,2.3,0.07,2183081,702614226.27,9.84,3.35,3.05,3.35,3.05,14.19,-10.57,2.85
75,76,603985,恒润股份,15.42,2.25,0.34,247023,374722215.0,12.4,16.08,14.21,14.6,15.08,5.6,-69.2,2.08
76,77,600653,申华控股,2.33,2.19,0.05,1882900,435720200.0,16.67,2.49,2.11,2.28,2.28,9.67,-60.48,6.24
77,78,000909,ST数源,5.14,2.19,0.11,44956,23044028.5,5.77,5.27,4.98,5.03,5.03,1.03,15.81,1.85
78,79,000692,惠天热电,3.93,2.08,0.08,269137,104486983.42,7.79,4.01,3.71,3.96,3.85,5.05,-3.45,-7.55
79,80,600599,ST熊猫,12.8,2.07,0.26,16799,21868450.0,3.19,13.17,12.77,13.17,12.54,1.01,43.21,3.53
80,81,603007,*ST花王,10.46,1.85,0.19,116298,120872798.0,7.98,10.78,9.96,10.2,10.27,2.86,-36.23,11.94
81,82,600610,中毅达,5.71,1.78,0.1,453985,266129472.0,9.45,6.14,5.61,5.76,5.61,6.41,-304.18,94.43
82,83,000070,ST特信,5.84,1.74,0.1,148177,85482671.76,5.92,5.95,5.61,5.63,5.74,1.67,891.4,2.75
83,84,000592,平潭发展,2.35,1.73,0.04,1760252,427508796.1,5.19,2.47,2.35,2.47,2.31,9.19,104.18,2.18
84,85,600083,*ST博信,2.36,1.72,0.04,99487,23260947.0,10.34,2.44,2.2,2.44,2.32,4.36,-11.96,-16.4
85,86,600603,ST广物,8.25,1.6,0.13,65876,53702934.0,5.42,8.39,7.95,8.12,8.12,0.54,19.26,1.49
86,87,600360,ST华微,5.17,1.37,0.07,323975,172437125.0,3.92,5.36,5.16,5.3,5.1,3.37,36.61,1.48
87,88,002654,万润科技,16.58,1.28,0.21,1436000,2428325751.97,9.16,17.58,16.08,17.58,16.37,16.99,243.24,9.32
88,89,600371,万向德农,10.38,1.07,0.11,155161,163944323.0,8.86,10.96,10.05,10.44,10.27,5.3,44.0,5.3
89,90,000572,海马汽车,4.42,0.68,0.03,613794,267563541.48,6.38,4.5,4.22,4.39,4.39,3.74,97.18,3.72
90,91,603173,福斯达,22.97,0.57,0.13,48177,110257214.0,3.72,23.3,22.45,23.15,22.84,9.72,13.28,2.29
91,92,002423,中粮资本,18.75,0.27,0.05,1243816,2374096664.72,9.63,19.81,18.01,19.01,18.7,5.4,25.37,1.98
92,93,601727,上海电气,7.75,0.26,0.02,7515867,5863388107.0,11.13,8.18,7.32,7.96,7.73,5.94,100.33,2.26
93,94,002451,摩恩电气,7.28,0.14,0.01,412328,308059208.03,6.88,7.68,7.18,7.52,7.27,9.39,204.08,4.22
94,95,002173,创新医疗,8.41,-0.12,-0.01,397026,342107719.44,7.01,8.87,8.28,8.42,8.42,9.55,-99.96,2.01
95,96,603297,永新光学,80.9,-0.65,-0.53,6610,53005154.0,4.59,82.0,78.26,81.89,81.43,0.6,48.08,4.84
96,97,002246,北化股份,11.77,-0.84,-0.1,187640,220534676.9,4.21,12.08,11.58,11.78,11.87,3.42,-104.15,2.3
97,98,300337,银邦股份,19.48,-0.92,-0.18,792344,1583611827.35,14.24,21.4,18.6,20.51,19.66,11.14,109.68,9.26
98,99,002217,*ST合泰,1.64,-1.2,-0.02,1110256,183032379.93,9.64,1.74,1.58,1.74,1.66,3.56,-3.1,-0.7
99,100,000721,西安饮食,9.01,-1.31,-0.12,349359,320863710.46,7.67,9.49,8.79,9.13,9.13,7.99,-43.76,15.53
100,101,002692,远程股份,4.73,-1.46,-0.07,263032,126088807.4,6.46,4.92,4.61,4.92,4.8,3.66,49.58,2.94
101,102,600635,大众公用,4.53,-1.52,-0.07,1743481,790633800.0,8.91,4.75,4.34,4.6,4.6,7.21,54.74,1.6
102,103,603991,至正股份,95.01,-1.7,-1.64,105539,1050064475.0,18.95,106.32,88.0,106.32,96.65,14.16,-352.32,29.35
103,104,002602,世纪华通,4.6,-1.71,-0.08,1619930,750469176.02,3.63,4.72,4.55,4.68,4.68,2.35,14.8,1.33
104,105,603377,ST东时,1.67,-1.76,-0.03,164683,27747566.0,7.06,1.74,1.62,1.74,1.7,2.28,-8.28,0.69
105,106,600698,湖南天雁,5.91,-1.99,-0.12,379896,231326757.0,7.3,6.29,5.85,6.2,6.03,4.58,2802.74,8.27
106,107,002346,柘中股份,9.87,-2.08,-0.21,70990,70639698.65,5.46,10.25,9.7,10.08,10.08,1.8,-22.14,1.62
107,108,603890,春秋电子,12.39,-2.36,-0.3,170442,215434843.0,6.15,13.0,12.22,13.0,12.69,3.88,28.95,1.99
108,109,603789,星光农机,9.01,-2.38,-0.22,102327,92392297.0,6.93,9.36,8.72,9.36,9.23,3.94,-23.2,7.08
109,110,000796,凯撒旅业,5.14,-2.65,-0.14,461992,245170515.82,8.52,5.48,5.03,5.48,5.28,4.76,-244.4,9.51
110,111,000058,深 赛 格,9.55,-2.75,-0.27,391490,364741675.15,6.31,9.6,8.98,9.5,9.82,3.98,231.3,5.86
111,112,002647,仁东控股,8.68,-2.8,-0.25,497498,446309235.48,7.17,9.31,8.67,8.98,8.93,8.88,-21.45,-63.28
112,113,002633,申科股份,11.36,-2.91,-0.34,146795,166557839.0,12.56,12.0,10.53,11.99,11.7,9.83,182.11,4.06
113,114,000062,深圳华强,34.24,-3.36,-1.19,527563,1846345485.85,9.0,36.69,33.5,36.1,35.43,5.05,100.88,4.98
114,115,001283,豪鹏科技,46.27,-3.36,-1.61,17988,83204032.0,5.24,47.52,45.01,47.41,47.88,3.11,36.76,1.68
115,116,000668,荣丰控股,8.83,-3.39,-0.31,96623,88486730.0,13.02,9.7,8.51,9.31,9.14,6.58,-28.33,1.21
116,117,603341,龙旗科技,45.09,-3.47,-1.62,50874,232931198.0,5.12,46.9,44.51,46.71,46.71,10.6,36.51,3.79
117,118,600811,东方集团,2.68,-3.94,-0.11,3041276,818469845.0,10.04,2.79,2.51,2.79,2.79,8.31,53.43,0.58
118,119,603676,卫信康,9.99,-4.03,-0.42,47052,47972265.0,4.23,10.38,9.94,10.32,10.41,1.08,13.4,2.93
119,120,000701,厦门信达,5.02,-4.38,-0.23,416756,214571150.44,8.38,5.41,4.97,5.3,5.25,6.51,-18.2,13.94
120,121,000555,神州信息,12.38,-4.77,-0.62,281305,358455452.0,6.69,13.24,12.37,13.24,13.0,2.89,-78.92,1.99
121,122,600250,南京商旅,9.74,-4.79,-0.49,141901,138093795.0,4.5,9.98,9.52,9.98,10.23,4.99,58.04,5.04
122,123,600776,东方通信,12.43,-4.9,-0.64,307116,385026626.0,6.27,13.0,12.18,12.8,13.07,3.21,112.98,4.52
123,124,000665,湖北广电,4.42,-4.95,-0.23,322445,143227075.63,5.59,4.61,4.35,4.61,4.65,2.84,-10.78,1.04
124,125,002657,中科金财,17.52,-5.4,-1.0,410650,761742442.2,12.58,19.59,17.26,19.5,18.52,12.21,-57.04,3.29
125,126,301077,星华新材,24.67,-5.41,-1.41,30957,76456894.77,6.83,25.83,24.05,25.83,26.08,7.22,20.96,2.33
126,127,002474,榕基软件,6.13,-5.55,-0.36,274242,170858247.53,3.54,6.35,6.12,6.34,6.49,5.17,-144.81,2.6
127,128,600696,岩石股份,16.97,-5.93,-1.07,105586,176622285.0,7.43,17.58,16.24,16.99,18.04,3.16,-36.68,10.75
128,129,002153,石基信息,7.58,-6.07,-0.49,314981,243123420.55,6.32,8.06,7.55,8.06,8.07,1.97,418.38,2.82
129,130,300578,会畅通讯,21.98,-6.55,-1.54,149270,343662436.32,9.86,24.2,21.88,24.08,23.52,7.69,142.13,3.71
130,131,301365,矩阵股份,17.94,-7.95,-1.55,75386,137962848.07,9.44,19.38,17.54,19.38,19.49,16.26,54.17,1.8
131,132,000859,国风新材,5.65,-8.13,-0.5,380289,217000561.84,5.04,5.88,5.57,5.7,6.15,4.24,-60.59,1.8
132,133,300102,乾照光电,15.58,-8.14,-1.38,640433,1009607771.2,8.02,16.41,15.05,15.94,16.96,7.0,220.3,3.54
133,134,600543,莫高股份,6.84,-8.92,-0.67,283889,195003746.0,5.19,7.15,6.76,7.0,7.51,8.84,-119.01,2.58
134,135,300417,南华仪器,13.52,-9.2,-1.37,80976,113166919.59,8.6,14.8,13.52,14.8,14.89,9.32,73.72,3.93
135,136,301008,宏昌科技,22.65,-9.29,-2.32,40478,94670910.4,10.77,24.84,22.15,23.51,24.97,4.19,43.38,2.4
