,序号,代码,名称,最新价,涨跌幅,涨跌额,成交量,成交额,振幅,最高,最低,今开,昨收,换手率,市盈率-动态,市净率
0,1,300981,中红医疗,14.54,12.71,1.64,106360.0,154156871.62,16.2,15.47,13.38,13.38,12.9,2.98,83.34,1.01
1,2,002936,郑州银行,2.26,10.24,0.21,2056785.0,450703496.3,8.78,2.26,2.08,2.09,2.05,3.07,6.87,0.46
2,3,000717,中南股份,2.93,10.15,0.27,434062.0,126034142.43,5.64,2.93,2.78,2.83,2.66,1.79,-6.26,0.86
3,4,002110,三钢闽光,3.91,10.14,0.36,297388.0,114673904.37,6.76,3.91,3.67,3.67,3.55,1.22,-5.41,0.5
4,5,000402,金 融 街,3.93,10.08,0.36,980912.0,382833573.15,6.16,3.93,3.71,3.72,3.57,3.28,-3.37,0.35
5,6,600787,中储股份,6.88,10.08,0.63,227936.0,156819899.0,0.0,6.88,6.88,6.88,6.25,1.05,29.17,1.09
6,7,600884,杉杉股份,9.41,10.06,0.86,413120.0,383846796.0,8.42,9.41,8.69,8.7,8.55,2.35,685.11,0.96
7,8,600104,上汽集团,19.0,10.02,1.73,1088205.0,2066507890.0,1.97,19.0,18.66,19.0,17.27,0.94,23.88,0.75
8,9,000990,诚志股份,8.79,10.01,0.8,189136.0,164220163.7,5.13,8.79,8.38,8.38,7.99,1.56,36.67,0.6
9,10,002462,嘉事堂,14.21,9.98,1.29,100819.0,140859601.0,7.2,14.21,13.28,13.28,12.92,3.46,13.46,0.94
10,11,600676,交运股份,5.51,9.98,0.5,102733.0,56605993.0,0.0,5.51,5.51,5.51,5.01,1.0,-18.89,1.07
11,12,601828,美凯龙,3.64,9.97,0.33,202255.0,73620966.0,0.0,3.64,3.64,3.64,3.31,0.56,-6.3,0.33
12,13,000608,阳光股份,2.65,9.96,0.24,300052.0,78178373.96,7.88,2.65,2.46,2.46,2.41,4.03,-74.14,0.82
13,14,002344,海宁皮城,4.76,9.93,0.43,33239.0,15821982.96,0.0,4.76,4.76,4.76,4.33,0.26,63.49,0.73
14,15,000900,现代投资,4.55,9.9,0.41,375224.0,168652995.1,6.76,4.55,4.27,4.27,4.14,2.47,12.75,0.63
15,16,600157,永泰能源,1.7,9.68,0.15,11341307.0,1888994349.0,8.39,1.71,1.58,1.59,1.55,5.1,19.35,0.8
16,17,000926,福星股份,2.96,9.63,0.26,912672.0,267665004.56,6.3,2.97,2.8,2.81,2.7,5.8,212.65,0.39
17,18,600704,物产中大,5.72,9.58,0.5,1431100.0,809402165.0,7.47,5.74,5.35,5.39,5.22,2.78,9.55,0.81
18,19,002582,好想你,6.62,9.24,0.56,237848.0,156967010.66,6.77,6.67,6.26,6.26,6.06,6.93,-37.07,0.84
19,20,000709,河钢股份,2.37,9.22,0.2,1500924.0,349839240.09,7.83,2.39,2.22,2.22,2.17,1.45,32.31,0.48
20,21,603808,歌力思,8.2,9.19,0.69,159886.0,128451332.0,8.66,8.26,7.61,7.81,7.51,4.33,105.45,1.06
21,22,002392,北京利尔,4.38,8.96,0.36,625744.0,275686365.49,2.74,4.42,4.31,4.42,4.02,7.49,12.62,0.96
22,23,600682,南京新百,7.07,8.94,0.58,328697.0,231030711.0,7.7,7.14,6.64,6.71,6.49,2.82,32.22,0.55
23,24,600606,绿地控股,2.45,8.89,0.2,1925629.0,470327614.0,8.0,2.48,2.3,2.3,2.25,1.37,109.15,0.42
24,25,300070,碧水源,6.28,8.65,0.5,979355.0,616435110.54,5.88,6.49,6.15,6.15,5.78,2.85,-397.49,0.84
25,26,002958,青农商行,3.35,8.06,0.25,1424489.0,471557953.52,7.74,3.41,3.17,3.17,3.1,2.89,4.36,0.53
26,27,600508,上海能源,14.37,7.88,1.05,125233.0,177750052.0,5.03,14.4,13.73,13.77,13.32,1.73,12.45,0.81
27,28,300195,长荣股份,6.04,7.86,0.44,114265.0,66594325.0,7.14,6.04,5.64,5.7,5.6,3.64,567.22,0.96
28,29,000069,华侨城Ａ,3.06,7.75,0.22,1089910.0,334308818.6,6.69,3.12,2.93,2.94,2.84,1.58,-7.85,0.43
29,30,600969,郴电国际,7.07,7.61,0.5,186242.0,133491430.0,6.39,7.23,6.81,6.81,6.57,5.03,32.46,0.72
30,31,688068,热景生物,34.62,7.55,2.43,48497.0,172047705.0,10.38,36.67,33.33,33.69,32.19,5.24,-59.08,0.98
31,32,600658,电子城,4.91,7.21,0.33,168269.0,81211768.0,5.68,4.96,4.7,4.7,4.58,1.5,-8.4,0.8
32,33,000898,鞍钢股份,2.53,7.2,0.17,549938.0,137356625.07,5.93,2.54,2.4,2.4,2.36,0.69,-3.5,0.48
33,34,600510,黑牡丹,5.09,7.16,0.34,320442.0,165887557.0,4.42,5.23,5.02,5.1,4.75,3.1,49.64,0.52
34,35,002394,联发股份,7.92,6.74,0.5,149485.0,120674836.3,4.04,8.16,7.86,7.97,7.42,4.62,14.73,0.64
35,36,002146,荣盛发展,2.12,6.53,0.13,1813752.0,384219703.98,7.04,2.19,2.05,2.05,1.99,4.65,-4.85,0.41
36,37,688075,安旭生物,40.22,6.51,2.46,7789.0,31283221.0,7.28,40.99,38.24,38.24,37.76,0.61,28.23,0.99
37,38,600739,辽宁成大,12.19,6.46,0.74,220191.0,268541742.0,4.98,12.45,11.88,11.9,11.45,1.44,19.66,0.63
38,39,833819,颖泰生物,4.34,6.37,0.26,168459.0,74424974.55,10.54,4.65,4.22,4.4,4.08,1.39,-20.13,0.98
39,40,000050,深天马Ａ,9.69,6.25,0.57,608067.0,599057863.98,6.25,10.03,9.46,9.59,9.12,2.47,-37.79,0.87
40,41,600153,建发股份,10.04,6.24,0.59,400377.0,402161964.0,5.19,10.21,9.72,9.73,9.45,1.38,10.78,0.54
41,42,600390,五矿资本,7.89,6.19,0.46,1355491.0,1082346930.0,6.19,8.17,7.71,7.8,7.43,3.01,21.86,0.83
42,43,601186,中国铁建,9.95,6.19,0.58,948149.0,934270820.0,3.09,10.0,9.71,9.86,9.37,0.82,6.46,0.52
43,44,600694,大商股份,20.0,6.1,1.15,38261.0,75844611.0,4.03,20.14,19.38,19.49,18.85,1.22,8.84,0.72
44,45,002048,宁波华翔,13.77,6.0,0.78,118950.0,160761014.48,4.77,13.77,13.15,13.15,12.99,2.28,11.73,0.99
45,46,601618,中国中冶,3.58,5.92,0.2,976069.0,344853318.0,2.66,3.58,3.49,3.49,3.38,0.55,8.15,0.73
46,47,601005,重庆钢铁,1.62,5.88,0.09,1209412.0,193985954.0,4.58,1.63,1.56,1.56,1.53,1.44,-8.03,0.78
47,48,601992,金隅集团,1.99,5.85,0.11,517668.0,102578547.0,5.85,2.02,1.91,1.91,1.88,0.62,-36.51,0.48
48,49,600335,国机汽车,6.79,5.6,0.36,271464.0,185377927.0,4.67,7.0,6.7,6.7,6.43,1.81,24.84,0.91
49,50,001227,兰州银行,2.66,5.56,0.14,1168998.0,306415886.73,4.76,2.67,2.55,2.56,2.52,4.22,7.6,0.52
50,51,600123,兰花科创,9.09,5.45,0.47,255092.0,229905976.0,3.36,9.16,8.87,8.88,8.62,1.72,14.33,0.83
51,52,002277,友阿股份,3.3,5.43,0.17,760962.0,257789228.0,5.43,3.44,3.27,3.29,3.13,5.46,30.17,0.68
52,53,000028,国药一致,32.07,5.25,1.6,44040.0,139651854.2,4.33,32.23,30.91,30.91,30.47,0.92,12.56,0.99
53,54,601800,中国交建,11.51,5.21,0.57,628604.0,718786999.0,3.11,11.6,11.26,11.48,10.94,0.54,8.63,0.67
54,55,600051,宁波联合,6.84,5.07,0.33,53887.0,37069915.0,3.99,6.98,6.72,6.72,6.51,1.73,28.98,0.64
55,56,600170,上海建工,2.7,5.06,0.13,1358857.0,366276189.0,5.06,2.75,2.62,2.62,2.57,1.53,13.32,0.78
56,57,000501,武商集团,8.8,5.01,0.42,89586.0,78293642.5,3.46,8.86,8.57,8.59,8.38,1.17,40.89,0.61
57,58,600067,冠城大通,3.36,5.0,0.16,342412.0,115753655.0,7.81,3.49,3.24,3.27,3.2,2.46,-48.52,0.73
58,59,600782,新钢股份,4.0,4.99,0.19,211087.0,84066944.0,2.89,4.03,3.92,3.94,3.81,0.67,-16.3,0.49
59,60,600623,华谊集团,7.23,4.93,0.34,263828.0,190093060.0,3.77,7.32,7.06,7.06,6.89,1.41,19.17,0.68
60,61,000059,华锦股份,5.34,4.91,0.25,175554.0,94367071.4,6.29,5.5,5.18,5.18,5.09,1.1,-3.39,0.69
61,62,000778,新兴铸管,4.09,4.87,0.19,478876.0,195086288.0,3.33,4.12,3.99,3.99,3.9,1.23,25.32,0.63
62,63,600017,日照港,3.26,4.82,0.15,323600.0,104457544.0,3.54,3.26,3.15,3.15,3.11,1.05,11.84,0.73
63,64,002314,南山控股,2.61,4.82,0.12,205045.0,53071526.0,4.02,2.63,2.53,2.54,2.49,1.53,-15.21,0.71
64,65,600585,海螺水泥,26.9,4.79,1.23,104001.0,277609353.0,3.93,27.03,26.02,26.02,25.67,0.26,20.57,0.77
65,66,600016,民生银行,3.95,4.77,0.18,2235682.0,873552344.0,3.71,3.96,3.82,3.83,3.77,0.63,4.25,0.32
66,67,000090,天健集团,4.43,4.73,0.2,200042.0,88047989.69,2.6,4.44,4.33,4.35,4.23,1.07,18.9,0.74
67,68,000825,太钢不锈,3.78,4.71,0.17,266678.0,99840053.66,3.88,3.79,3.65,3.67,3.61,0.47,-29.19,0.65
68,69,600376,首开股份,2.93,4.64,0.13,192519.0,56050749.0,3.57,2.95,2.85,2.85,2.8,0.75,-1.32,0.55
69,70,600755,厦门国贸,7.0,4.63,0.31,281172.0,197092807.0,3.89,7.13,6.87,6.87,6.69,1.32,15.98,0.74
70,71,601011,宝泰隆,2.51,4.58,0.11,279001.0,69347539.0,4.58,2.52,2.41,2.41,2.4,1.46,-13.21,0.81
71,72,600716,凤凰股份,3.43,4.57,0.15,113470.0,38798796.0,3.96,3.47,3.34,3.34,3.28,1.21,-84.1,0.6
72,73,600717,天津港,5.26,4.57,0.23,430110.0,226904281.0,5.17,5.4,5.14,5.14,5.03,1.49,12.79,0.79
73,74,601390,中国中铁,6.87,4.57,0.3,1003417.0,688908527.0,3.04,6.98,6.78,6.86,6.57,0.49,6.2,0.57
74,75,601512,中新集团,7.86,4.52,0.34,52575.0,41051298.0,5.05,7.98,7.6,7.62,7.52,0.35,13.14,0.81
75,76,000910,大亚圣象,7.71,4.47,0.33,28950.0,22203622.2,3.52,7.77,7.51,7.51,7.38,0.53,23.61,0.63
76,77,600339,中油工程,3.74,4.47,0.16,327833.0,122144472.0,1.96,3.75,3.68,3.68,3.58,0.59,24.77,0.79
77,78,600742,一汽富维,9.82,4.47,0.42,136669.0,135492369.0,4.79,10.14,9.69,9.75,9.4,1.84,13.65,0.86
78,79,600208,衢州发展,3.04,4.47,0.13,828123.0,252449254.0,4.12,3.1,2.98,2.99,2.91,0.97,9.78,0.59
79,80,000959,首钢股份,3.29,4.44,0.14,319064.0,104422272.81,3.49,3.31,3.2,3.21,3.15,0.49,94.18,0.52
80,81,600019,宝钢股份,6.87,4.41,0.29,653654.0,444904575.0,3.5,6.88,6.65,6.65,6.58,0.3,19.26,0.76
81,82,603359,东珠生态,4.98,4.4,0.21,134784.0,68048836.0,5.45,5.2,4.94,5.0,4.77,3.02,127.27,0.67
82,83,600567,山鹰国际,1.9,4.4,0.08,1198089.0,226076439.0,3.3,1.91,1.85,1.86,1.82,2.24,111.46,0.67
83,84,601238,广汽集团,9.15,4.33,0.38,296347.0,273518284.0,5.7,9.49,8.99,9.0,8.77,0.4,592.27,0.83
84,85,601997,贵阳银行,6.27,4.33,0.26,582412.0,364076444.0,3.16,6.33,6.14,6.15,6.01,1.59,4.33,0.38
85,86,600269,赣粤高速,5.34,4.3,0.22,179765.0,95089619.0,3.32,5.34,5.17,5.18,5.12,0.77,8.12,0.67
86,87,688186,广大特材,14.35,4.21,0.58,24958.0,35813749.0,5.45,14.7,13.95,13.95,13.77,1.16,29.07,0.92
87,88,002258,利尔化学,8.69,4.2,0.35,84382.0,72761994.42,3.72,8.74,8.43,8.44,8.34,1.06,39.55,0.91
88,89,600655,豫园股份,6.21,4.19,0.25,116560.0,71865092.0,3.36,6.23,6.03,6.04,5.96,0.3,15.64,0.66
89,90,000488,晨鸣纸业,3.82,4.09,0.15,177640.0,66910739.5,3.81,3.83,3.69,3.7,3.67,1.06,-11.93,0.71
90,91,600960,渤海汽车,3.57,4.08,0.14,136590.0,49257432.0,5.83,3.7,3.5,3.5,3.43,1.44,-13.42,0.75
91,92,600266,城建发展,5.88,4.07,0.23,181387.0,105226191.0,3.72,5.9,5.69,5.73,5.65,0.87,16.78,0.6
92,93,002051,中工国际,9.47,4.07,0.37,390524.0,377678018.71,7.69,10.01,9.31,10.01,9.1,3.16,27.18,1.03
93,94,600997,开滦股份,7.17,4.06,0.28,84269.0,59711926.0,3.77,7.18,6.92,6.94,6.89,0.53,13.18,0.8
94,95,600022,山东钢铁,1.55,4.03,0.06,887800.0,136473990.0,4.03,1.56,1.5,1.51,1.49,0.83,-8.57,0.85
95,96,000055,方大集团,4.14,4.02,0.16,94753.0,39714919.52,5.53,4.31,4.09,4.11,3.98,1.4,22.27,0.74
96,97,600741,华域汽车,17.6,4.02,0.68,172138.0,304133367.0,4.2,17.94,17.23,17.23,16.92,0.55,9.3,0.92
97,98,000932,华菱钢铁,4.66,4.02,0.18,585547.0,273384010.56,2.9,4.73,4.6,4.6,4.48,0.85,13.63,0.6
98,99,601117,中国化学,8.81,4.01,0.34,596140.0,522067734.0,4.25,8.98,8.62,8.8,8.47,0.98,10.52,0.89
99,100,600248,陕建股份,4.77,3.92,0.18,241293.0,114656863.0,1.74,4.79,4.71,4.71,4.59,0.66,4.53,0.73
100,101,600808,马钢股份,2.39,3.91,0.09,257721.0,61025539.0,3.04,2.39,2.32,2.32,2.3,0.43,-5.48,0.73
101,102,000685,中山公用,9.07,3.89,0.34,140638.0,126923489.8,2.41,9.09,8.88,8.88,8.73,1.12,9.82,0.78
102,103,601860,紫金银行,2.95,3.87,0.11,751912.0,220140893.0,3.52,2.97,2.87,2.87,2.84,2.12,5.99,0.56
103,104,600811,东方集团,2.96,3.86,0.11,1366647.0,407153874.0,6.67,3.09,2.9,2.99,2.85,3.74,61.89,0.64
104,105,600668,尖峰集团,10.51,3.85,0.39,39236.0,41561472.0,4.84,10.84,10.35,10.37,10.12,1.14,38.44,0.71
105,106,600665,天地源,3.25,3.83,0.12,81052.0,26278423.0,4.15,3.29,3.16,3.16,3.13,0.94,20.99,0.7
106,107,600015,华夏银行,7.35,3.81,0.27,436590.0,319865965.0,3.25,7.43,7.2,7.2,7.08,0.28,4.74,0.4
107,108,601880,辽港股份,1.64,3.8,0.06,999204.0,162840051.0,3.8,1.65,1.59,1.59,1.58,0.53,31.1,0.98
108,109,001872,招商港口,21.32,3.8,0.78,93114.0,200311176.27,3.99,21.9,21.08,21.5,20.54,0.53,10.7,0.87
109,110,601718,际华集团,3.01,3.79,0.11,324492.0,97164927.0,3.45,3.04,2.94,2.94,2.9,0.74,-224.37,0.78
110,111,000726,鲁  泰Ａ,6.57,3.79,0.24,81540.0,53670082.0,4.58,6.74,6.45,6.45,6.33,1.39,13.99,0.58
111,112,688298,东方生物,33.4,3.76,1.21,13075.0,43087576.0,3.95,33.46,32.19,32.54,32.19,0.65,-19.26,0.98
112,113,000042,中洲控股,5.03,3.71,0.18,60643.0,30448818.0,4.12,5.14,4.94,4.95,4.85,0.91,-4.84,0.64
113,114,002081,金 螳 螂,3.66,3.68,0.13,159964.0,58062626.7,2.83,3.67,3.57,3.57,3.53,0.61,15.57,0.72
114,115,601668,中国建筑,6.27,3.64,0.22,1527633.0,952534752.0,2.15,6.31,6.18,6.18,6.05,0.37,4.93,0.58
115,116,601588,北辰实业,2.0,3.63,0.07,320655.0,64169545.0,4.15,2.04,1.96,1.96,1.93,1.21,-5.44,0.58
116,117,600064,南京高科,8.0,3.63,0.28,144729.0,115490088.0,2.85,8.06,7.84,7.85,7.72,0.84,5.65,0.73
117,118,000591,太阳能,5.15,3.62,0.18,444497.0,226629563.4,2.82,5.15,5.01,5.01,4.97,1.24,11.71,0.85
118,119,600409,三友化工,5.74,3.61,0.2,184443.0,105196475.0,2.71,5.75,5.6,5.6,5.54,0.89,22.51,0.86
119,120,000967,盈峰环境,4.9,3.59,0.17,65586.0,32015210.0,2.75,4.92,4.79,4.79,4.73,0.21,19.28,0.89
120,121,600098,广州发展,6.63,3.59,0.23,187564.0,123683759.0,2.5,6.64,6.48,6.48,6.4,0.54,10.99,0.87
121,122,600528,中铁工业,8.67,3.58,0.3,170705.0,147435274.0,1.67,8.7,8.56,8.6,8.37,0.77,10.96,0.81
122,123,600177,雅戈尔,7.84,3.57,0.27,221776.0,172435283.0,2.64,7.86,7.66,7.71,7.57,0.48,10.82,0.89
123,124,600502,安徽建工,5.08,3.46,0.17,215938.0,108833474.0,2.24,5.08,4.97,4.97,4.91,1.26,6.8,0.84
124,125,601598,中国外运,5.4,3.45,0.18,316881.0,170158003.0,2.68,5.42,5.28,5.28,5.22,0.6,10.46,1.02
125,126,600368,五洲交通,3.91,3.44,0.13,198034.0,77374621.0,2.91,3.95,3.84,3.84,3.78,1.23,8.33,0.93
126,127,000498,山东路桥,6.62,3.44,0.22,96816.0,63914237.1,2.66,6.7,6.53,6.58,6.4,0.66,5.32,0.73
127,128,000882,华联股份,1.81,3.43,0.06,686253.0,125643220.0,4.57,1.87,1.79,1.8,1.75,2.51,122.93,0.72
128,129,600383,金地集团,5.45,3.42,0.18,468208.0,254048934.0,2.28,5.48,5.36,5.4,5.27,1.04,-5.41,0.4
129,130,600596,新安股份,8.54,3.39,0.28,84738.0,71680367.0,2.54,8.55,8.34,8.34,8.26,0.66,63.09,0.91
130,131,600512,腾达建设,2.44,3.39,0.08,173354.0,42208424.0,2.97,2.46,2.39,2.39,2.36,1.09,18.74,0.62
131,132,600278,东方创业,7.33,3.39,0.24,70139.0,52167218.0,5.64,7.65,7.25,7.29,7.09,0.8,25.68,0.85
132,133,600874,创业环保,6.12,3.38,0.2,82855.0,50381017.0,2.03,6.13,6.01,6.01,5.92,0.67,10.64,1.01
133,134,600740,山西焦化,4.3,3.37,0.14,148965.0,63484745.0,2.88,4.3,4.18,4.2,4.16,0.58,32.7,0.72
134,135,000517,荣安地产,2.47,3.35,0.08,197696.0,48523223.63,2.51,2.48,2.42,2.42,2.39,0.79,18.54,1.0
135,136,002375,亚厦股份,4.07,3.3,0.13,89022.0,36291079.0,2.79,4.13,4.02,4.02,3.94,0.67,16.17,0.68
136,137,600928,西安银行,3.78,3.28,0.12,256601.0,96527185.0,1.91,3.79,3.72,3.73,3.66,0.58,6.54,0.51
137,138,002061,浙江交科,4.44,3.26,0.14,223871.0,99294505.0,2.56,4.5,4.39,4.4,4.3,0.86,10.32,0.78
138,139,601333,广深铁路,3.5,3.24,0.11,541000.0,188593368.0,3.24,3.53,3.42,3.42,3.39,0.96,15.38,0.91
139,140,000419,通程控股,5.41,3.24,0.17,69675.0,37945759.36,3.24,5.54,5.37,5.38,5.24,1.28,15.09,0.86
140,141,600076,康欣新材,2.23,3.24,0.07,198074.0,44727499.0,5.09,2.32,2.21,2.25,2.16,1.47,-17.92,0.71
141,142,601818,光大银行,3.56,3.19,0.11,1374267.0,487273724.0,3.19,3.59,3.48,3.49,3.45,0.3,4.11,0.44
142,143,600020,中原高速,4.25,3.16,0.13,112042.0,47503700.0,3.64,4.31,4.16,4.16,4.12,0.5,8.7,0.84
143,144,002029,七 匹 狼,6.23,3.15,0.19,57906.0,36252292.0,2.32,6.33,6.19,6.22,6.04,0.87,13.98,0.67
144,145,002233,塔牌集团,7.87,3.15,0.24,60739.0,47831843.85,2.88,7.96,7.74,7.75,7.63,0.51,18.47,0.8
145,146,600000,浦发银行,9.84,3.14,0.3,279448.0,275605626.0,3.46,9.97,9.64,9.65,9.54,0.1,6.15,0.45
146,147,601187,厦门银行,5.59,3.14,0.17,178865.0,99796147.0,2.58,5.63,5.49,5.5,5.42,1.39,5.72,0.59
147,148,000600,建投能源,5.28,3.13,0.16,148170.0,77683544.0,2.73,5.3,5.16,5.16,5.12,1.36,16.42,0.93
148,149,600155,华创云信,8.03,3.08,0.24,183179.0,145624095.0,2.82,8.05,7.83,7.88,7.79,0.82,124.19,0.9
149,150,002010,传化智联,5.03,3.07,0.15,254851.0,127035733.74,2.87,5.04,4.9,4.95,4.88,0.92,44.31,0.81
150,151,601155,新城控股,14.1,3.07,0.42,64863.0,90760043.0,2.34,14.11,13.79,13.8,13.68,0.29,16.4,0.52
151,152,601699,潞安环能,15.47,3.06,0.46,98220.0,150516492.0,2.47,15.48,15.11,15.16,15.01,0.33,12.4,0.99
152,153,002004,华邦健康,4.71,3.06,0.14,93033.0,43453378.34,2.84,4.72,4.59,4.6,4.57,0.49,15.47,0.92
153,154,601778,晶科科技,3.03,3.06,0.09,270660.0,81681958.0,3.06,3.05,2.96,2.96,2.94,0.76,36.92,0.71
154,155,600657,信达地产,5.05,3.06,0.15,213437.0,107652363.0,2.45,5.1,4.98,4.99,4.9,0.75,-124.55,0.59
155,156,600820,隧道股份,7.08,3.06,0.21,209486.0,148052035.0,1.75,7.12,7.0,7.0,6.87,0.67,11.13,0.75
156,157,600649,城投控股,5.07,3.05,0.15,170443.0,86319191.0,3.05,5.13,4.98,4.99,4.92,0.67,-44.5,0.63
157,158,002393,力生制药,17.6,3.04,0.52,14632.0,25684995.2,2.34,17.7,17.3,17.3,17.08,0.57,20.12,0.91
158,159,300664,鹏鹞环保,5.13,3.01,0.15,74265.0,37800429.95,2.21,5.14,5.03,5.03,4.98,0.99,13.96,0.91
159,160,600308,华泰股份,3.78,3.0,0.11,91247.0,34334227.0,1.91,3.79,3.72,3.73,3.67,0.6,25.66,0.62
160,161,600496,精工钢构,3.12,2.97,0.09,130063.0,40455734.0,2.31,3.14,3.07,3.07,3.03,0.65,9.91,0.72
161,162,000718,苏宁环球,2.47,2.92,0.07,160151.0,39428272.14,3.33,2.5,2.42,2.43,2.4,0.7,15.88,0.77
162,163,600533,栖霞建设,2.48,2.9,0.07,106381.0,26580293.0,4.15,2.54,2.44,2.44,2.41,1.01,-11.22,0.64
163,164,600180,瑞茂通,4.61,2.9,0.13,60219.0,27837303.0,3.57,4.71,4.55,4.56,4.48,0.55,29.98,0.64
164,165,600758,辽宁能源,3.55,2.9,0.1,65782.0,23262979.0,3.19,3.57,3.46,3.46,3.45,0.5,58.89,0.86
165,166,002091,江苏国泰,7.81,2.9,0.22,162658.0,126795118.0,1.98,7.86,7.71,7.71,7.59,1.02,10.74,0.84
166,167,603113,金能科技,6.07,2.88,0.17,49272.0,30072800.0,4.41,6.19,5.93,5.95,5.9,0.58,-119.03,0.61
167,168,600033,福建高速,3.59,2.87,0.1,207600.0,74115657.0,2.01,3.59,3.52,3.52,3.49,0.76,9.32,0.84
168,169,000623,吉林敖东,18.83,2.84,0.52,129777.0,244440476.39,2.51,19.06,18.6,18.66,18.31,1.09,13.58,0.78
169,170,600780,通宝能源,6.16,2.84,0.17,37560.0,22937405.0,2.5,6.17,6.02,6.02,5.99,0.33,13.78,0.93
170,171,002398,垒知集团,4.37,2.82,0.12,57357.0,25016456.68,3.06,4.42,4.29,4.29,4.25,0.99,23.85,0.85
171,172,000627,天茂集团,4.03,2.81,0.11,470835.0,188592663.2,3.83,4.09,3.94,3.98,3.92,1.03,-44.83,0.91
172,173,601678,滨化股份,4.06,2.78,0.11,121809.0,49186024.0,2.53,4.06,3.96,3.96,3.95,0.59,33.12,0.73
173,174,002067,景兴纸业,3.73,2.75,0.1,278781.0,104450964.1,4.41,3.84,3.68,3.71,3.63,2.67,66.09,0.81
174,175,601669,中国电建,5.98,2.75,0.16,870102.0,519449303.0,2.41,6.05,5.91,5.98,5.82,0.67,8.77,0.76
175,176,000950,重药控股,5.62,2.74,0.15,115351.0,64856445.0,2.74,5.68,5.53,5.54,5.47,0.67,24.93,0.85
176,177,000877,天山股份,6.45,2.71,0.17,68880.0,44669273.49,3.66,6.6,6.37,6.37,6.28,0.38,-9.18,0.57
177,178,002191,劲嘉股份,4.58,2.69,0.12,90662.0,41578642.0,2.91,4.65,4.52,4.55,4.46,0.63,21.01,0.99
178,179,600908,无锡银行,6.12,2.68,0.16,242140.0,148898734.0,2.35,6.22,6.08,6.08,5.96,1.21,5.7,0.65
179,180,000949,新乡化纤,3.84,2.67,0.1,200661.0,77097563.0,4.55,3.93,3.76,3.76,3.74,1.37,24.57,1.0
180,181,601003,柳钢股份,3.08,2.67,0.08,75558.0,23227863.0,2.33,3.1,3.03,3.03,3.0,0.29,-19.26,0.93
181,182,600971,恒源煤电,9.67,2.65,0.25,76280.0,73343709.0,2.12,9.68,9.48,9.48,9.42,0.64,9.21,0.92
182,183,600035,楚天高速,4.26,2.65,0.11,95133.0,40461736.0,2.41,4.29,4.19,4.19,4.15,0.59,7.76,0.8
183,184,603518,锦泓集团,7.78,2.64,0.2,36134.0,28361305.0,4.49,8.05,7.71,7.76,7.58,1.05,12.52,0.79
184,185,600828,茂业商业,3.15,2.61,0.08,64379.0,20473316.0,4.89,3.25,3.1,3.19,3.07,0.37,26.59,0.77
185,186,600337,美克家居,1.97,2.6,0.05,123103.0,24278653.0,5.21,2.03,1.93,1.94,1.92,0.86,-4.82,0.9
186,187,600231,凌钢股份,2.0,2.56,0.05,66531.0,13402604.0,3.08,2.05,1.99,1.99,1.95,0.24,-3.14,0.96
187,188,600526,菲达环保,4.85,2.54,0.12,57767.0,28112003.0,3.38,4.93,4.77,4.77,4.73,0.81,20.33,1.01
188,189,000785,居然之家,2.83,2.54,0.07,220715.0,62544504.0,2.9,2.87,2.79,2.79,2.76,0.37,18.24,0.88
189,190,600736,苏州高新,5.67,2.53,0.14,207698.0,118720599.0,4.88,5.85,5.58,5.68,5.53,1.8,20.66,0.87
190,191,000619,海螺新材,5.29,2.52,0.13,38536.0,20487588.0,4.07,5.42,5.21,5.26,5.16,1.07,-66.27,0.87
191,192,000965,天保基建,3.27,2.51,0.08,166935.0,54965217.5,3.13,3.34,3.24,3.24,3.19,1.5,3057.95,0.67
192,193,600094,大名城,3.68,2.51,0.09,96967.0,35526163.0,2.23,3.7,3.62,3.64,3.59,0.43,29.35,0.72
193,194,601868,中国能建,2.46,2.5,0.06,1596745.0,391658511.0,2.5,2.48,2.42,2.43,2.4,0.49,21.34,0.99
194,195,601577,长沙银行,8.66,2.49,0.21,145788.0,126204877.0,1.89,8.73,8.57,8.57,8.45,0.36,4.22,0.54
195,196,601163,三角轮胎,15.26,2.48,0.37,45440.0,68863589.0,1.88,15.26,14.98,15.04,14.89,0.57,10.36,0.92
196,197,603077,和邦生物,2.07,2.48,0.05,524317.0,108244741.0,2.48,2.09,2.04,2.04,2.02,0.59,61.95,0.97
197,198,601916,浙商银行,2.92,2.46,0.07,1073997.0,312043285.0,2.11,2.93,2.87,2.87,2.85,0.5,4.66,0.47
198,199,600643,爱建集团,5.84,2.46,0.14,86761.0,50778256.0,2.81,5.94,5.78,5.81,5.7,0.55,28.15,0.74
199,200,600325,华发股份,6.68,2.45,0.16,138871.0,92173687.0,2.45,6.72,6.56,6.57,6.52,0.54,10.36,0.88
200,201,600639,浦东金桥,11.41,2.42,0.27,54818.0,62557915.0,2.78,11.56,11.25,11.25,11.14,0.64,24.59,0.91
201,202,000690,宝新能源,4.69,2.4,0.11,205704.0,96239133.0,2.18,4.72,4.62,4.63,4.58,0.95,12.92,0.84
202,203,600284,浦东建设,6.41,2.4,0.15,70218.0,45004100.0,2.56,6.51,6.35,6.36,6.26,0.72,10.1,0.8
203,204,601018,宁波港,3.88,2.37,0.09,265020.0,102462879.0,2.11,3.89,3.81,3.81,3.79,0.17,13.78,0.97
204,205,688199,久日新材,16.42,2.37,0.38,7140.0,11645811.0,2.18,16.5,16.15,16.15,16.04,0.44,-82.29,1.02
205,206,000039,中集集团,8.65,2.37,0.2,115883.0,100081583.3,2.01,8.7,8.53,8.54,8.45,0.5,19.14,1.0
206,207,000001,平安银行,11.71,2.36,0.27,811462.0,950659971.67,1.4,11.78,11.62,11.63,11.44,0.42,4.29,0.54
207,208,601166,兴业银行,18.47,2.33,0.42,387526.0,715089755.0,2.27,18.61,18.2,18.2,18.05,0.19,4.57,0.51
208,209,002133,广宇集团,2.64,2.33,0.06,97204.0,25755397.0,3.1,2.69,2.61,2.61,2.58,1.26,-10.08,0.54
209,210,000906,浙商中拓,6.61,2.32,0.15,122062.0,81519660.38,3.87,6.79,6.54,6.59,6.46,1.74,8.4,0.97
210,211,002478,常宝股份,5.32,2.31,0.12,61325.0,32569580.3,2.31,5.35,5.23,5.25,5.2,0.85,8.74,0.88
211,212,600708,光明地产,3.12,2.3,0.07,172533.0,54069597.0,4.26,3.19,3.06,3.15,3.05,0.78,-13.88,0.67
212,213,002839,张家港行,4.46,2.29,0.1,272589.0,121474556.0,1.61,4.49,4.42,4.42,4.36,1.16,5.5,0.65
213,214,601998,中信银行,6.71,2.29,0.15,263045.0,176356475.0,2.13,6.76,6.62,6.63,6.56,0.07,5.21,0.54
214,215,000401,冀东水泥,5.83,2.28,0.13,60131.0,35107048.57,2.63,5.91,5.76,5.78,5.7,0.39,-39.17,0.55
215,216,002608,江苏国信,7.64,2.28,0.17,82586.0,62920950.0,2.54,7.67,7.48,7.53,7.47,0.22,7.41,0.9
216,217,601988,中国银行,4.97,2.26,0.11,1534674.0,762005718.0,2.88,5.02,4.88,4.88,4.86,0.07,6.24,0.62
217,218,601518,吉林高速,2.72,2.26,0.06,98569.0,26771130.0,2.63,2.75,2.68,2.68,2.66,0.52,9.9,0.98
218,219,600827,百联股份,9.99,2.25,0.22,59535.0,59843447.0,2.97,10.16,9.87,9.87,9.77,0.37,8.25,0.92
219,220,600859,王府井,15.0,2.25,0.33,110572.0,165766338.0,2.04,15.15,14.85,14.88,14.67,1.01,29.92,0.86
220,221,000789,万年青,5.48,2.24,0.12,38715.0,21346669.45,4.29,5.61,5.38,5.38,5.36,0.49,469.66,0.65
221,222,600583,海油工程,5.6,2.19,0.12,153056.0,85392058.0,1.64,5.62,5.53,5.53,5.48,0.35,10.64,0.96
222,223,000552,甘肃能化,2.83,2.17,0.06,348811.0,98545772.0,2.17,2.85,2.79,2.79,2.77,0.94,11.01,0.91
223,224,002948,青岛银行,3.79,2.16,0.08,286620.0,108551788.9,2.16,3.82,3.74,3.74,3.71,0.92,4.79,0.61
224,225,603980,吉华集团,4.3,2.14,0.09,50522.0,22071200.0,4.75,4.46,4.26,4.26,4.21,0.75,17.03,0.75
225,226,002040,南 京 港,6.7,2.13,0.14,27210.0,18280574.4,2.9,6.8,6.61,6.66,6.56,0.56,19.84,1.01
226,227,002440,闰土股份,6.72,2.13,0.14,23740.0,15939834.79,2.28,6.8,6.65,6.66,6.58,0.25,37.53,0.81
227,228,001213,中铁特货,4.34,2.12,0.09,151937.0,65998237.0,1.41,4.37,4.31,4.31,4.25,0.34,25.25,1.02
228,229,601328,交通银行,7.27,2.11,0.15,592347.0,429644084.0,2.11,7.31,7.16,7.16,7.12,0.15,5.89,0.57
229,230,600810,神马股份,7.36,2.08,0.15,48590.0,35915690.0,2.64,7.49,7.3,7.49,7.21,0.48,210.08,1.01
230,231,600984,建设机械,3.44,2.08,0.07,73149.0,25291343.0,4.45,3.53,3.38,3.44,3.37,0.58,-5.17,0.93
231,232,600693,东百集团,3.49,2.05,0.07,40233.0,14060154.0,4.39,3.57,3.42,3.42,3.42,0.46,26.64,0.86
232,233,000589,贵州轮胎,4.99,2.04,0.1,215828.0,107779235.1,2.45,5.06,4.94,4.95,4.89,1.41,10.38,0.89
233,234,000581,威孚高科,18.53,2.04,0.37,37031.0,68497483.64,1.82,18.66,18.33,18.34,18.16,0.45,10.85,0.95
234,235,600805,悦达投资,4.51,2.04,0.09,39675.0,17947994.0,2.49,4.57,4.46,4.5,4.42,0.47,114.48,0.87
235,236,000883,湖北能源,5.02,2.03,0.1,182585.0,91370844.58,2.24,5.05,4.94,4.94,4.92,0.28,9.94,0.95
236,237,000507,珠海港,5.12,1.99,0.1,71017.0,36598289.16,3.19,5.22,5.06,5.06,5.02,0.79,14.79,0.9
237,238,603797,联泰环保,4.12,1.98,0.08,39987.0,16547395.0,3.71,4.22,4.07,4.07,4.04,0.68,10.84,0.76
238,239,601169,北京银行,5.7,1.97,0.11,723163.0,412344165.0,1.97,5.75,5.64,5.65,5.59,0.34,4.38,0.45
239,240,002807,江阴银行,4.2,1.94,0.08,250630.0,105597194.92,1.46,4.24,4.18,4.19,4.12,1.02,6.88,0.59
240,241,601963,重庆银行,9.5,1.93,0.18,74422.0,70404905.0,1.93,9.55,9.37,9.45,9.32,0.4,5.59,0.63
241,242,600173,卧龙地产,4.28,1.9,0.08,30984.0,13277035.0,2.62,4.34,4.23,4.23,4.2,0.44,20.8,0.78
242,243,600790,轻纺城,3.78,1.89,0.07,80406.0,30400646.0,2.43,3.82,3.73,3.74,3.71,0.55,18.81,0.88
243,244,603368,柳药集团,18.6,1.86,0.34,32792.0,61001290.0,2.14,18.76,18.37,18.37,18.26,0.83,7.78,0.97
244,245,603385,惠达卫浴,6.75,1.81,0.12,19101.0,12958445.0,4.07,6.93,6.66,6.73,6.63,0.5,20.62,0.69
245,246,600075,新疆天业,4.52,1.8,0.08,49422.0,22322359.0,1.8,4.56,4.48,4.48,4.44,0.29,573.63,0.87
246,247,000822,山东海化,5.68,1.79,0.1,44171.0,25092561.65,3.05,5.77,5.6,5.6,5.58,0.49,22.2,0.97
247,248,600638,新黄浦,5.19,1.76,0.09,35079.0,18349911.0,2.75,5.29,5.15,5.17,5.1,0.52,46.91,0.78
248,249,600467,好当家,2.31,1.76,0.04,167300.0,38575714.0,3.52,2.35,2.27,2.3,2.27,1.15,85.72,1.0
249,250,601233,桐昆股份,12.36,1.73,0.21,84421.0,104057272.0,1.89,12.42,12.19,12.2,12.15,0.35,22.2,0.82
250,251,000417,合百集团,5.3,1.73,0.09,56456.0,30108125.0,2.88,5.41,5.26,5.29,5.21,0.72,14.85,0.88
251,252,600959,江苏有线,3.54,1.72,0.06,268746.0,95887580.0,2.87,3.61,3.51,3.55,3.48,0.54,59.73,0.79
252,253,688184,帕瓦股份,15.48,1.71,0.26,5057.0,7787094.0,3.61,15.68,15.13,15.35,15.22,0.49,-4.68,0.99
253,254,000797,中国武夷,2.99,1.7,0.05,204831.0,61628463.04,3.06,3.06,2.97,2.97,2.94,1.3,75.5,0.9
254,255,002382,蓝帆医疗,5.42,1.69,0.09,42569.0,23155011.0,2.25,5.49,5.37,5.37,5.33,0.43,-18.62,0.63
255,256,600748,上实发展,3.63,1.68,0.06,75583.0,27650117.0,4.2,3.74,3.59,3.63,3.57,0.41,-18.0,0.69
256,257,600126,杭钢股份,4.26,1.67,0.07,184750.0,79069281.0,3.58,4.35,4.2,4.25,4.19,0.55,-24.15,0.73
257,258,601222,林洋能源,7.49,1.63,0.12,63411.0,47279387.0,1.22,7.5,7.41,7.41,7.37,0.31,12.72,0.98
258,259,600798,宁波海运,3.13,1.62,0.05,64708.0,20275937.0,1.95,3.16,3.1,3.11,3.08,0.54,-328.04,0.96
259,260,002589,瑞康医药,3.13,1.62,0.05,188044.0,59406365.0,4.87,3.24,3.09,3.12,3.08,1.38,91.02,0.86
260,261,601528,瑞丰银行,5.64,1.62,0.09,346397.0,198283864.0,3.78,5.84,5.63,5.73,5.55,2.03,5.76,0.62
261,262,601886,江河集团,5.66,1.62,0.09,36310.0,20502982.0,1.62,5.7,5.61,5.64,5.57,0.32,11.11,0.9
262,263,603012,创力集团,5.04,1.61,0.08,38562.0,19476678.0,2.62,5.11,4.98,4.98,4.96,0.6,17.23,0.89
263,264,600713,南京医药,5.1,1.59,0.08,57676.0,29482378.0,1.99,5.16,5.06,5.08,5.02,0.55,11.33,0.99
264,265,002966,苏州银行,7.66,1.59,0.12,206672.0,158722732.6,1.19,7.72,7.63,7.65,7.54,0.56,5.17,0.68
265,266,002585,双星新材,5.75,1.59,0.09,71602.0,41268143.0,4.06,5.89,5.66,5.76,5.66,0.8,-21.83,0.73
266,267,600048,保利发展,10.27,1.58,0.16,354248.0,363424311.0,1.58,10.35,10.19,10.2,10.11,0.3,11.8,0.63
267,268,002772,众兴菌业,7.16,1.56,0.11,52264.0,37586546.82,3.12,7.3,7.08,7.18,7.05,1.34,23.82,0.83
268,269,002022,科华生物,6.56,1.55,0.1,26940.0,17626689.0,2.79,6.63,6.45,6.5,6.46,0.52,-20.72,0.87
269,270,300569,天能重工,5.27,1.54,0.08,72016.0,38016913.0,4.05,5.38,5.17,5.32,5.19,0.71,701.62,0.98
270,271,002187,广百股份,5.3,1.53,0.08,26564.0,14145343.4,2.68,5.39,5.25,5.29,5.22,0.51,53.28,0.92
271,272,603323,苏农银行,5.33,1.52,0.08,215896.0,115771096.0,1.71,5.4,5.31,5.36,5.25,1.37,4.51,0.57
272,273,002034,旺能环境,15.33,1.52,0.23,10775.0,16470112.0,1.26,15.37,15.18,15.18,15.1,0.25,9.57,0.98
273,274,601288,农业银行,4.77,1.49,0.07,1995708.0,951140947.0,1.49,4.79,4.72,4.72,4.7,0.06,5.84,0.66
274,275,601398,工商银行,6.14,1.49,0.09,1906553.0,1171408332.0,1.82,6.18,6.07,6.08,6.05,0.07,6.1,0.61
275,276,000531,穗恒运Ａ,5.79,1.4,0.08,24173.0,14038879.4,2.45,5.88,5.74,5.79,5.71,0.27,24.62,0.91
276,277,601229,上海银行,7.99,1.4,0.11,477336.0,380049874.0,2.79,8.05,7.83,7.83,7.88,0.34,4.84,0.5
277,278,000553,安道麦A,6.56,1.39,0.09,33425.0,21975228.0,2.32,6.65,6.5,6.5,6.47,0.15,-6.24,0.77
278,279,601010,文峰股份,2.22,1.37,0.03,107147.0,23959278.0,3.2,2.27,2.2,2.21,2.19,0.58,44.36,0.94
279,280,000672,上峰水泥,8.3,1.34,0.11,23432.0,19441971.6,1.95,8.37,8.21,8.21,8.19,0.24,14.92,0.92
280,281,601658,邮储银行,5.32,1.33,0.07,566165.0,302172638.0,1.9,5.38,5.28,5.28,5.25,0.08,5.22,0.63
281,282,601339,百隆东方,5.37,1.32,0.07,18564.0,10002333.0,2.45,5.44,5.31,5.31,5.3,0.12,14.64,0.83
282,283,603588,高能环境,5.43,1.31,0.07,127000.0,68950404.0,1.87,5.48,5.38,5.41,5.36,0.83,11.14,0.87
283,284,600028,中国石化,6.4,1.27,0.08,610510.0,390490555.0,1.74,6.43,6.32,6.33,6.32,0.06,13.2,0.95
284,285,000002,万  科Ａ,8.82,1.26,0.11,417292.0,367648470.3,1.15,8.86,8.76,8.79,8.71,0.43,-4.4,0.45
285,286,601077,渝农商行,5.66,1.25,0.07,332845.0,188845831.0,1.25,5.7,5.63,5.64,5.59,0.38,4.68,0.52
286,287,600168,武汉控股,4.86,1.25,0.06,51917.0,25382929.0,2.92,4.95,4.81,4.84,4.8,0.52,49.82,0.92
287,288,601857,中国石油,8.13,1.25,0.1,566217.0,457629363.0,1.25,8.13,8.03,8.04,8.03,0.03,8.42,1.0
288,289,600985,淮北矿业,15.46,1.24,0.19,66868.0,103219564.0,1.64,15.55,15.3,15.31,15.27,0.25,7.54,1.0
289,290,601368,绿城水务,4.89,1.24,0.06,24582.0,12052399.0,1.66,4.94,4.86,4.87,4.83,0.28,24.16,0.9
290,291,000905,厦门港务,6.53,1.24,0.08,43779.0,28731592.0,2.33,6.64,6.49,6.5,6.45,0.59,19.13,0.98
291,292,000407,胜利股份,3.29,1.23,0.04,42390.0,13945904.0,1.85,3.32,3.26,3.27,3.25,0.48,19.79,0.98
292,293,000601,韶能股份,4.13,1.23,0.05,47135.0,19520535.0,1.96,4.18,4.1,4.1,4.08,0.44,17.01,1.0
293,294,600352,浙江龙盛,10.25,1.18,0.12,81196.0,83253080.0,1.48,10.3,10.15,10.2,10.13,0.25,18.48,0.98
294,295,002391,长青股份,5.17,1.17,0.06,13122.0,6790421.84,1.96,5.22,5.12,5.14,5.11,0.28,57.45,0.76
295,296,600697,欧亚集团,12.29,1.15,0.14,8082.0,9946202.0,2.22,12.45,12.18,12.23,12.15,0.52,82.95,0.84
296,297,601825,沪农商行,7.95,1.15,0.09,82424.0,65310551.0,1.53,7.99,7.87,7.9,7.86,0.09,5.48,0.64
297,298,300055,万邦达,5.36,1.13,0.06,40475.0,21823425.0,3.77,5.49,5.29,5.38,5.3,0.64,660.12,0.87
298,299,002932,明德生物,19.04,1.12,0.21,10778.0,20635668.52,1.96,19.3,18.93,19.12,18.83,0.69,41.02,0.75
299,300,002386,天原股份,4.54,1.11,0.05,77597.0,35422351.96,3.79,4.66,4.49,4.54,4.49,0.6,-45.63,0.75
300,301,600919,江苏银行,9.09,1.11,0.1,380602.0,347645777.0,1.33,9.19,9.07,9.09,8.99,0.21,4.43,0.72
301,302,603458,勘设股份,6.46,1.1,0.07,37918.0,24569036.0,4.23,6.63,6.36,6.48,6.39,1.24,-15.84,0.62
302,303,001218,丽臣实业,16.66,1.09,0.18,4142.0,6914569.4,2.37,16.88,16.49,16.49,16.48,0.55,21.67,1.01
303,304,002135,东南网架,4.63,1.09,0.05,45278.0,20945876.99,2.84,4.7,4.57,4.57,4.58,0.43,23.71,0.81
304,305,600858,银座股份,4.72,1.07,0.05,25019.0,11930813.0,3.21,4.84,4.69,4.77,4.67,0.48,15.74,0.91
305,306,601006,大秦铁路,6.87,1.03,0.07,379057.0,261077297.0,1.47,6.93,6.83,6.84,6.8,0.21,10.93,0.81
306,307,002283,天润工业,4.91,1.03,0.05,78560.0,38759613.0,2.26,4.99,4.88,4.91,4.86,0.78,15.6,0.93
307,308,000617,中油资本,7.93,1.02,0.08,552821.0,439714577.0,3.57,8.1,7.82,8.02,7.85,0.44,17.32,0.98
308,309,300158,振东制药,4.96,1.02,0.05,116178.0,58253486.0,4.07,5.11,4.91,4.99,4.91,1.16,93.21,0.97
309,310,002443,金洲管道,6.21,0.98,0.06,24449.0,15223534.0,1.79,6.28,6.17,6.24,6.15,0.47,19.72,0.94
310,311,600037,歌华有线,7.42,0.95,0.07,111678.0,82789351.0,2.72,7.53,7.33,7.45,7.35,0.8,-643.63,0.81
311,312,600777,ST新潮,2.21,0.91,0.02,193477.0,42916150.0,2.28,2.24,2.19,2.21,2.19,0.3,6.82,0.7
312,313,601939,建设银行,7.99,0.88,0.07,468492.0,374987034.0,1.14,8.05,7.96,7.96,7.92,0.49,5.86,0.64
313,314,002479,富春环保,4.66,0.87,0.04,38845.0,18203591.0,2.38,4.74,4.63,4.66,4.62,0.45,11.67,0.98
314,315,002250,联化科技,5.94,0.85,0.05,62916.0,37463793.0,2.55,6.04,5.89,5.93,5.89,0.69,124.91,0.85
315,316,002083,孚日股份,4.84,0.83,0.04,81491.0,39538179.53,2.08,4.91,4.81,4.82,4.8,0.94,9.39,0.96
316,317,002614,奥佳华,6.37,0.79,0.05,26316.0,16829388.63,2.69,6.48,6.31,6.36,6.32,0.6,58.4,0.91
317,318,600036,招商银行,38.11,0.77,0.29,177676.0,679827160.0,1.45,38.5,37.95,38.05,37.82,0.09,6.37,0.96
318,319,603916,苏博特,8.01,0.75,0.06,12545.0,10080249.0,2.64,8.15,7.94,8.02,7.95,0.3,33.08,0.84
319,320,601838,成都银行,15.87,0.7,0.11,101522.0,161557647.0,1.21,16.0,15.81,15.93,15.76,0.27,5.02,0.84
320,321,002144,宏达高科,10.37,0.68,0.07,14868.0,15636488.0,4.08,10.72,10.3,10.59,10.3,1.09,20.98,0.9
321,322,603818,曲美家居,3.01,0.67,0.02,64424.0,19570667.0,4.68,3.11,2.97,3.01,2.99,0.94,-10.7,0.94
322,323,002441,众业达,7.65,0.66,0.05,24463.0,18821031.0,3.29,7.83,7.58,7.7,7.6,0.61,22.34,0.92
323,324,000040,ST旭蓝,1.53,0.66,0.01,284187.0,43480441.84,5.26,1.56,1.48,1.48,1.52,2.68,-13.01,0.21
324,325,300639,凯普生物,6.28,0.64,0.04,59288.0,37711360.48,5.29,6.5,6.17,6.32,6.24,0.93,-11.63,0.9
325,326,600801,华新水泥,13.39,0.6,0.08,31949.0,42740637.0,1.43,13.5,13.31,13.32,13.31,0.24,18.34,0.96
326,327,002745,木林森,8.39,0.6,0.05,48855.0,40959013.0,2.28,8.49,8.3,8.4,8.34,0.46,25.73,0.97
327,328,601107,四川成渝,5.25,0.57,0.03,53069.0,27874566.0,1.53,5.29,5.21,5.25,5.22,0.25,10.73,1.0
328,329,600979,广安爱众,3.63,0.55,0.02,87071.0,31863861.0,2.77,3.71,3.61,3.63,3.61,0.71,14.3,1.0
329,330,002573,清新环境,4.23,0.48,0.02,36986.0,15659388.26,2.14,4.28,4.19,4.23,4.21,0.26,76.03,0.95
330,331,601996,丰林集团,2.23,0.45,0.01,101878.0,22852230.0,2.7,2.27,2.21,2.24,2.22,0.91,-75.42,0.92
331,332,600926,杭州银行,14.04,0.43,0.06,90241.0,127239960.0,1.65,14.21,13.98,14.11,13.98,0.16,4.55,0.8
332,333,002574,明牌珠宝,4.82,0.42,0.02,23803.0,11518121.0,3.33,4.92,4.76,4.83,4.8,0.45,249.41,0.83
333,334,600888,新疆众和,7.47,0.4,0.03,56126.0,41759199.0,1.34,7.49,7.39,7.44,7.44,0.41,8.83,0.97
334,335,601009,南京银行,10.32,0.39,0.04,126714.0,131119765.0,1.17,10.41,10.29,10.35,10.28,0.13,5.0,0.74
335,336,300732,设研院,7.84,0.38,0.03,43647.0,34528597.0,5.38,8.14,7.72,7.98,7.81,1.35,-12.85,0.97
336,337,600362,江西铜业,21.88,0.37,0.08,48886.0,106596624.0,1.47,22.0,21.68,21.8,21.8,0.24,11.4,1.0
337,338,002109,兴化股份,3.25,0.31,0.01,20612.0,6742882.0,3.7,3.34,3.22,3.28,3.24,0.16,-10.06,0.91
338,339,300616,尚品宅配,13.33,0.3,0.04,29925.0,40355904.88,4.89,13.75,13.1,13.47,13.29,1.92,-19.66,0.85
339,340,000863,三湘印象,3.67,0.27,0.01,89561.0,33148039.0,3.83,3.76,3.62,3.71,3.66,0.77,49.79,0.96
340,341,600955,维远股份,15.13,0.27,0.04,8101.0,12302807.0,1.86,15.33,15.05,15.13,15.09,0.15,71.03,0.96
341,342,603020,爱普股份,7.63,0.26,0.02,9047.0,6927509.0,2.1,7.74,7.58,7.66,7.61,0.24,24.66,0.92
342,343,300190,维尔利,3.86,0.26,0.01,106414.0,41700374.36,4.94,4.01,3.82,3.92,3.85,1.37,169.44,0.86
343,344,600837,海通证券,11.65,0.26,0.03,219239.0,255170412.0,1.46,11.75,11.58,11.69,11.62,0.23,-173.1,0.94
344,345,600061,国投资本,7.81,0.26,0.02,101447.0,79119331.0,2.18,7.89,7.72,7.84,7.79,0.16,18.09,0.99
345,346,002092,ST中泰,4.31,0.23,0.01,98485.0,42787219.0,2.09,4.38,4.29,4.37,4.3,0.38,-24.05,0.5
346,347,603585,苏利股份,12.1,0.17,0.02,2652.0,3222550.0,3.31,12.37,11.97,12.15,12.08,0.15,194.45,0.94
347,348,003012,东鹏控股,6.29,0.16,0.01,58280.0,36574387.0,2.71,6.38,6.21,6.3,6.28,0.5,17.93,0.97
348,349,601128,常熟银行,7.57,0.13,0.01,185043.0,141376563.0,2.25,7.72,7.55,7.66,7.56,0.61,5.75,0.85
349,350,601555,东吴证券,8.05,0.12,0.01,177840.0,143511000.0,1.99,8.15,7.99,8.1,8.04,0.36,16.38,0.99
350,351,002142,宁波银行,25.27,0.12,0.03,61134.0,154989834.8,1.9,25.58,25.1,25.41,25.24,0.09,6.04,0.85
351,352,002918,蒙娜丽莎,8.58,0.12,0.01,19908.0,17108916.0,3.03,8.72,8.46,8.58,8.57,0.91,19.01,0.87
352,353,605001,威奥股份,6.02,0.0,0.0,25408.0,15406855.0,3.32,6.17,5.97,6.1,6.02,0.65,154.72,0.89
353,354,601665,齐鲁银行,5.3,0.0,0.0,161310.0,86407908.0,2.45,5.41,5.28,5.33,5.3,0.33,5.58,0.69
354,355,600425,青松建化,3.99,0.0,0.0,166181.0,67369238.0,5.01,4.16,3.96,4.12,3.99,1.21,11.84,0.99
355,356,600356,恒丰纸业,,,,,,,,,,7.52,0.0,15.31,0.87
356,357,600287,ST舜天,4.07,0.0,0.0,15604.0,6398359.0,2.46,4.15,4.05,4.08,4.07,0.36,23.42,0.86
357,358,600128,苏豪弘业,8.17,0.0,0.0,24426.0,20264186.0,3.55,8.41,8.12,8.38,8.17,0.99,41.49,0.95
358,359,002863,今飞凯达,4.5,0.0,0.0,42773.0,19284287.3,3.11,4.59,4.45,4.5,4.5,0.71,33.36,0.98
359,360,002641,公元股份,4.4,0.0,0.0,29780.0,13149040.0,2.05,4.47,4.38,4.42,4.4,0.26,27.45,1.0
360,361,000850,华茂股份,4.31,0.0,0.0,78468.0,34250721.0,4.18,4.43,4.25,4.35,4.31,0.83,20.06,0.94
361,362,000525,*ST红阳,,,,,,,,,,9.07,0.0,330.12,1.68
362,363,002669,康达新材,9.47,-0.11,-0.01,33034.0,31717766.0,5.49,9.89,9.37,9.56,9.48,1.1,-28.18,0.99
363,364,688033,天宜上佳,6.86,-0.15,-0.01,48299.0,33250450.0,4.37,7.04,6.74,6.98,6.87,0.86,-4.93,0.84
364,365,002360,同德化工,5.06,-0.2,-0.01,16587.0,8458277.0,2.96,5.16,5.01,5.07,5.07,0.51,38.79,0.95
365,366,000415,渤海租赁,4.49,-0.22,-0.01,1682218.0,767999684.72,6.22,4.72,4.44,4.59,4.5,3.12,13.1,0.91
366,367,603001,奥康国际,5.68,-0.35,-0.02,15348.0,8781351.0,4.56,5.85,5.59,5.8,5.7,0.38,-12.56,0.84
367,368,600637,东方明珠,8.33,-0.36,-0.03,136372.0,113886615.0,2.99,8.5,8.25,8.45,8.36,0.41,29.22,0.94
368,369,603898,好莱客,8.85,-0.45,-0.04,13153.0,11809814.0,3.6,9.13,8.81,8.98,8.89,0.42,22.71,0.9
369,370,002926,华西证券,8.41,-0.47,-0.04,74112.0,62484278.0,2.37,8.55,8.35,8.5,8.45,0.28,65.16,0.96
370,371,000560,我爱我家,3.47,-0.57,-0.02,847568.0,295915853.24,4.58,3.57,3.41,3.46,3.49,3.76,722.34,0.86
371,372,605287,德才股份,12.86,-0.62,-0.08,8027.0,10413080.0,3.17,13.15,12.74,13.08,12.94,0.8,17.22,0.95
372,373,688317,之江生物,17.71,-0.67,-0.12,5298.0,9476576.0,3.25,18.22,17.64,17.88,17.83,0.28,-196.19,0.9
373,374,600449,宁夏建材,13.85,-0.72,-0.1,63771.0,89659550.0,5.66,14.47,13.68,14.25,13.95,1.33,29.08,0.92
374,375,002798,帝欧家居,4.1,-0.73,-0.03,32140.0,13233716.0,5.33,4.25,4.03,4.17,4.13,1.02,-8.41,0.89
375,376,000156,华数传媒,7.38,-0.81,-0.06,68172.0,50405210.0,3.76,7.58,7.3,7.52,7.44,0.4,29.16,0.93
376,377,688388,嘉元科技,14.34,-0.9,-0.13,35496.0,50915827.0,5.46,14.83,14.04,14.69,14.47,0.83,-31.84,0.9
377,378,605122,四方新材,11.61,-0.94,-0.11,7821.0,9212549.0,4.86,12.12,11.55,11.79,11.72,0.45,137.98,0.9
378,379,002743,富煌钢构,5.54,-1.07,-0.06,67164.0,37966456.0,5.89,5.82,5.49,5.78,5.6,1.55,26.64,0.75
379,380,002887,绿茵生态,7.14,-1.11,-0.08,11940.0,8615651.24,3.6,7.36,7.1,7.31,7.22,0.75,31.73,0.87
380,381,600939,重庆建工,3.55,-1.11,-0.04,91693.0,32418519.0,5.01,3.64,3.46,3.58,3.59,0.48,-96.21,0.85
381,382,600190,ST锦港,1.74,-1.14,-0.02,153866.0,27196873.0,3.98,1.8,1.73,1.77,1.76,0.86,-1.23,0.76
382,383,603869,ST智知,5.99,-1.16,-0.07,6952.0,4194616.0,2.31,6.11,5.97,6.08,6.06,0.14,114.97,0.81
383,384,600373,中文传媒,12.65,-1.17,-0.15,82693.0,104735791.0,2.89,12.91,12.54,12.86,12.8,0.61,18.28,0.96
384,385,600711,ST盛屯,4.71,-1.26,-0.06,213353.0,100846319.0,3.35,4.82,4.66,4.8,4.77,0.69,6.42,0.95
385,386,600595,中孚实业,3.1,-1.27,-0.04,428069.0,131209320.0,4.46,3.15,3.01,3.11,3.14,1.07,12.82,0.86
386,387,002425,ST凯文,2.29,-1.29,-0.03,185283.0,42872751.0,4.31,2.36,2.26,2.34,2.32,1.94,-17.17,0.64
387,388,600491,龙元建设,4.11,-1.44,-0.06,129455.0,53551421.0,4.56,4.26,4.07,4.25,4.17,0.85,-14.91,0.6
388,389,688178,万德斯,12.68,-1.48,-0.19,4099.0,5245080.0,3.5,13.03,12.58,13.02,12.87,0.48,170.29,0.97
389,390,300305,裕兴股份,5.99,-1.64,-0.1,23085.0,14027257.0,5.42,6.25,5.92,6.15,6.09,0.72,-10.29,0.94
390,391,300358,楚天科技,7.47,-1.71,-0.13,45999.0,34711707.0,3.68,7.7,7.42,7.63,7.6,0.81,-17.66,0.98
391,392,300057,万顺新材,5.49,-1.79,-0.1,75621.0,41987165.58,5.19,5.7,5.41,5.62,5.59,1.02,-103.57,0.92
392,393,600387,*ST海越,3.24,-1.82,-0.06,17806.0,5880894.0,4.85,3.36,3.2,3.29,3.3,0.44,521.42,0.53
393,394,600831,ST广网,2.64,-1.86,-0.05,49735.0,13394976.0,4.83,2.74,2.61,2.74,2.69,0.7,-2.51,0.73
394,395,000809,*ST和展,2.63,-2.23,-0.06,38295.0,10156681.63,3.72,2.71,2.61,2.7,2.69,0.46,-20.74,0.79
395,396,600219,南山铝业,4.07,-2.4,-0.1,531440.0,216020259.0,1.68,4.1,4.03,4.1,4.17,0.45,10.24,0.96
396,397,002872,ST天圣,4.61,-3.35,-0.16,23926.0,11184591.0,4.61,4.78,4.56,4.77,4.77,1.11,-30.25,0.71
397,398,300020,*ST银江,2.53,-3.44,-0.09,173357.0,45037410.0,8.78,2.69,2.46,2.67,2.62,2.26,-9.02,0.5
398,399,603003,*ST龙宇,5.36,-3.94,-0.22,87349.0,46524875.0,3.05,5.47,5.3,5.3,5.58,2.32,-18.41,0.57
399,400,603388,ST元成,2.52,-4.18,-0.11,74935.0,19121177.0,6.08,2.66,2.5,2.57,2.63,2.3,-7.42,0.75
400,401,002212,天融信,7.04,-4.22,-0.31,259505.0,185837182.89,7.48,7.5,6.95,7.45,7.35,2.22,-36.79,0.9
401,402,601677,明泰铝业,12.57,-4.27,-0.56,218150.0,271620168.0,3.81,12.8,12.3,12.8,13.13,1.83,8.31,0.91
402,403,002586,*ST围海,1.99,-4.78,-0.1,48543.0,9736548.0,5.26,2.1,1.99,2.1,2.09,0.54,-20.56,0.76
403,404,603377,ST东时,2.22,-5.13,-0.12,14181.0,3148182.0,0.0,2.22,2.22,2.22,2.34,0.2,-10.96,0.94
404,405,601908,京运通,3.12,-5.17,-0.17,339315.0,106900486.0,5.17,3.25,3.08,3.23,3.29,1.41,-4.01,0.76
