,序号,代码,名称,最新价,涨跌幅,涨跌额,成交量,成交额,振幅,最高,最低,今开,昨收,换手率,市盈率-动态,市净率
0,1,833075,柏星龙,34.67,30.0,8.0,,,0.0,,,,26.67,0.0,43.45,5.57
1,2,873223,荣亿精密,12.7,29.99,2.93,,,0.0,,,,9.77,0.0,-72.59,7.33
2,3,832145,恒合股份,18.0,25.35,3.64,,,0.0,,,,14.36,0.0,-100.12,4.76
3,4,832000,安徽凤凰,17.8,24.48,3.5,,,0.0,,,,14.3,0.0,23.27,2.75
4,5,831641,格利尔,21.51,20.77,3.7,,,0.0,,,,17.81,0.0,-206.69,4.71
5,6,300968,格林精密,16.15,19.99,2.69,,,0.0,,,,13.46,0.0,106.08,3.54
6,7,300271,华宇软件,9.9,17.86,1.5,,,0.0,,,,8.4,0.0,-23.01,1.99
7,8,300278,华昌达,6.38,14.34,0.8,,,0.0,,,,5.58,0.0,87.68,5.07
8,9,870204,沪江材料,25.0,13.64,3.0,,,0.0,,,,22.0,0.0,67.59,5.02
9,10,301077,星华新材,28.88,10.74,2.8,,,0.0,,,,26.08,0.0,24.54,2.73
10,11,600370,三房巷,2.15,10.26,0.2,,,0.0,,,,1.95,0.0,-29.51,1.46
11,12,835670,数字人,23.0,10.21,2.13,,,0.0,,,,20.87,0.0,-248.54,10.25
12,13,002717,岭南股份,3.36,10.16,0.31,,,0.0,,,,3.05,0.0,-11.38,3.07
13,14,601996,丰林集团,2.61,10.13,0.24,,,0.0,,,,2.37,0.0,-88.27,1.08
14,15,834770,艾能聚,33.89,10.1,3.11,,,0.0,,,,30.78,0.0,80.47,7.49
15,16,000701,厦门信达,5.78,10.1,0.53,,,0.0,,,,5.25,0.0,-20.95,16.05
16,17,600653,申华控股,2.51,10.09,0.23,,,0.0,,,,2.28,0.0,-65.15,6.72
17,18,600130,波导股份,5.46,10.08,0.5,,,0.0,,,,4.96,0.0,344.03,4.09
18,19,002178,延华智能,6.67,10.07,0.61,,,0.0,,,,6.06,0.0,-406.55,10.76
19,20,000536,华映科技,5.04,10.04,0.46,,,0.0,,,,4.58,0.0,-12.32,8.84
20,21,600439,瑞贝卡,5.15,10.04,0.47,,,0.0,,,,4.68,0.0,358.48,2.13
21,22,002451,摩恩电气,8.0,10.04,0.73,,,0.0,,,,7.27,0.0,224.26,4.64
22,23,603958,哈森股份,18.01,10.02,1.64,,,0.0,,,,16.37,0.0,-71.51,5.18
23,24,600203,福日电子,12.85,10.02,1.17,,,0.0,,,,11.68,0.0,-40.75,3.91
24,25,002416,爱施德,13.29,10.02,1.21,,,0.0,,,,12.08,0.0,23.53,2.75
25,26,002456,欧菲光,16.04,10.01,1.46,,,0.0,,,,14.58,0.0,678.13,14.96
26,27,603697,有友食品,8.9,10.01,0.81,,,0.0,,,,8.09,0.0,23.54,2.14
27,28,832802,保丽洁,25.72,10.01,2.34,,,0.0,,,,23.38,0.0,95.94,3.93
28,29,300075,数字政通,22.0,10.0,2.0,,,0.0,,,,20.0,0.0,94.95,3.41
29,30,002692,远程股份,5.28,10.0,0.48,,,0.0,,,,4.8,0.0,55.35,3.28
30,31,002312,川发龙蟒,17.16,10.0,1.56,,,0.0,,,,15.6,0.0,57.23,3.45
31,32,000555,神州信息,14.3,10.0,1.3,,,0.0,,,,13.0,0.0,-91.16,2.29
32,33,002185,华天科技,14.2,9.99,1.29,,,0.0,,,,12.91,0.0,95.58,2.77
33,34,600343,航天动力,12.77,9.99,1.16,,,0.0,,,,11.61,0.0,-73.41,5.2
34,35,002869,金溢科技,35.45,9.99,3.22,,,0.0,,,,32.23,0.0,153.55,2.96
35,36,002657,中科金财,20.37,9.99,1.85,,,0.0,,,,18.52,0.0,-66.32,3.83
36,37,001267,汇绿生态,7.6,9.99,0.69,,,0.0,,,,6.91,0.0,169.22,3.89
37,38,600610,中毅达,6.17,9.98,0.56,,,0.0,,,,5.61,0.0,-328.69,102.04
38,39,600865,百大集团,10.47,9.98,0.95,,,0.0,,,,9.52,0.0,22.46,1.68
39,40,603789,星光农机,10.15,9.97,0.92,,,0.0,,,,9.23,0.0,-26.13,7.98
40,41,002654,万润科技,18.0,9.96,1.63,,,0.0,,,,16.37,0.0,264.08,10.12
41,42,000592,平潭发展,2.54,9.96,0.23,,,0.0,,,,2.31,0.0,112.61,2.36
42,43,002273,水晶光电,23.35,9.93,2.11,,,0.0,,,,21.24,0.0,28.27,3.67
43,44,603626,科森科技,11.51,9.93,1.04,,,0.0,,,,10.47,0.0,-20.47,2.56
44,45,000903,云内动力,3.21,9.93,0.29,,,0.0,,,,2.92,0.0,-14.47,2.37
45,46,002153,石基信息,8.87,9.91,0.8,,,0.0,,,,8.07,0.0,489.58,3.31
46,47,002423,中粮资本,20.55,9.89,1.85,,,0.0,,,,18.7,0.0,27.8,2.17
47,48,000692,惠天热电,4.23,9.87,0.38,,,0.0,,,,3.85,0.0,-3.72,-8.12
48,49,839946,华阳变速,10.58,9.41,0.91,,,0.0,,,,9.67,0.0,-77.75,6.4
49,50,600609,金杯汽车,5.75,9.32,0.49,,,0.0,,,,5.26,0.0,19.02,6.0
50,51,600839,四川长虹,14.84,8.96,1.22,,,0.0,,,,13.62,0.0,149.11,4.81
51,52,600363,联创光电,42.0,8.75,3.38,,,0.0,,,,38.62,0.0,41.82,4.6
52,53,601727,上海电气,8.4,8.67,0.67,,,0.0,,,,7.73,0.0,108.74,2.45
53,54,600698,湖南天雁,6.55,8.62,0.52,,,0.0,,,,6.03,0.0,3106.25,9.17
54,55,002611,东方精工,7.7,8.45,0.6,,,0.0,,,,7.1,0.0,21.33,1.94
55,56,300337,银邦股份,21.32,8.44,1.66,,,0.0,,,,19.66,0.0,120.04,10.13
56,57,601933,永辉超市,4.96,7.83,0.36,,,0.0,,,,4.6,0.0,81.75,7.32
57,58,000901,航天科技,13.92,7.66,0.99,,,0.0,,,,12.93,0.0,1412.44,2.67
58,59,002912,中新赛克,29.17,7.48,2.03,,,0.0,,,,27.14,0.0,-79.55,3.16
59,60,871694,中裕科技,21.82,7.12,1.45,,,0.0,,,,20.37,0.0,21.94,2.81
60,61,000062,深圳华强,37.94,7.08,2.51,,,0.0,,,,35.43,0.0,111.78,5.52
61,62,600811,东方集团,2.98,6.81,0.19,,,0.0,,,,2.79,0.0,59.41,0.65
62,63,000721,西安饮食,9.75,6.79,0.62,,,0.0,,,,9.13,0.0,-47.35,16.8
63,64,831856,浩淼科技,13.4,6.52,0.82,,,0.0,,,,12.58,0.0,-284.8,2.64
64,65,002602,世纪华通,4.98,6.41,0.3,,,0.0,,,,4.68,0.0,16.02,1.44
65,66,300578,会畅通讯,25.0,6.29,1.48,,,0.0,,,,23.52,0.0,161.66,4.22
66,67,603708,家家悦,11.37,5.96,0.64,,,0.0,,,,10.73,0.0,28.96,2.99
67,68,002346,柘中股份,10.64,5.56,0.56,,,0.0,,,,10.08,0.0,-23.87,1.75
68,69,002141,*ST贤丰,1.41,5.22,0.07,,,0.0,,,,1.34,0.0,133.77,1.56
69,70,600083,*ST博信,2.44,5.17,0.12,,,0.0,,,,2.32,0.0,-12.37,-16.95
70,71,600360,ST华微,5.36,5.1,0.26,,,0.0,,,,5.1,0.0,37.95,1.54
71,72,603559,*ST通脉,9.98,5.05,0.48,,,0.0,,,,9.5,0.0,-12.72,42.45
72,73,600599,ST熊猫,13.17,5.02,0.63,,,0.0,,,,12.54,0.0,44.46,3.64
73,74,002173,创新医疗,8.84,4.99,0.42,,,0.0,,,,8.42,0.0,-105.07,2.12
74,75,603007,*ST花王,10.78,4.97,0.51,,,0.0,,,,10.27,0.0,-37.34,12.3
75,76,002570,贝因美,5.3,4.95,0.25,,,0.0,,,,5.05,0.0,55.54,3.72
76,77,600234,*ST科新,4.47,4.93,0.21,,,0.0,,,,4.26,0.0,76.69,2.66
77,78,603959,ST百利,2.41,4.78,0.11,,,0.0,,,,2.3,0.0,-4.4,2.91
78,79,300520,科大国创,25.0,4.73,1.13,,,0.0,,,,23.87,0.0,-114.96,3.96
79,80,871478,巨能股份,24.02,4.3,0.99,,,0.0,,,,23.03,0.0,-254.5,7.01
80,81,603341,龙旗科技,48.5,3.83,1.79,,,0.0,,,,46.71,0.0,39.27,4.08
81,82,603297,永新光学,84.5,3.77,3.07,,,0.0,,,,81.43,0.0,50.22,5.05
82,83,603890,春秋电子,13.14,3.55,0.45,,,0.0,,,,12.69,0.0,30.7,2.11
83,84,601777,力帆科技,8.09,3.32,0.26,,,0.0,,,,7.83,0.0,686.7,3.5
84,85,837748,路桥信息,33.0,3.25,1.04,,,0.0,,,,31.96,0.0,-245.66,8.71
85,86,000572,海马汽车,4.53,3.19,0.14,,,0.0,,,,4.39,0.0,99.59,3.82
86,87,301365,矩阵股份,20.1,3.13,0.61,,,0.0,,,,19.49,0.0,60.69,2.02
87,88,000045,深纺织Ａ,13.2,3.13,0.4,,,0.0,,,,12.8,0.0,76.16,2.31
88,89,002474,榕基软件,6.68,2.93,0.19,,,0.0,,,,6.49,0.0,-157.8,2.83
89,90,000665,湖北广电,4.78,2.8,0.13,,,0.0,,,,4.65,0.0,-11.66,1.12
90,91,000909,ST数源,5.17,2.78,0.14,,,0.0,,,,5.03,0.0,15.9,1.86
91,92,001283,豪鹏科技,49.16,2.67,1.28,,,0.0,,,,47.88,0.0,39.06,1.78
92,93,603173,福斯达,23.28,1.93,0.44,,,0.0,,,,22.84,0.0,13.46,2.32
93,94,002246,北化股份,12.09,1.85,0.22,,,0.0,,,,11.87,0.0,-106.98,2.36
94,95,600371,万向德农,10.46,1.85,0.19,,,0.0,,,,10.27,0.0,44.34,5.34
95,96,300147,香雪制药,14.5,1.54,0.22,,,0.0,,,,14.28,0.0,-33.02,5.62
96,97,300417,南华仪器,15.06,1.14,0.17,,,0.0,,,,14.89,0.0,82.12,4.38
97,98,600776,东方通信,13.2,0.99,0.13,,,0.0,,,,13.07,0.0,119.98,4.8
98,99,002528,ST英飞拓,3.17,0.96,0.03,,,0.0,,,,3.14,0.0,-27.32,8.97
99,100,002647,仁东控股,9.0,0.78,0.07,,,0.0,,,,8.93,0.0,-22.24,-65.62
100,101,600603,ST广物,8.15,0.37,0.03,,,0.0,,,,8.12,0.0,19.03,1.47
101,102,000668,荣丰控股,9.17,0.33,0.03,,,0.0,,,,9.14,0.0,-29.42,1.26
102,103,000058,深 赛 格,9.85,0.31,0.03,,,0.0,,,,9.82,0.0,238.56,6.04
103,104,300102,乾照光电,17.01,0.29,0.05,,,0.0,,,,16.96,0.0,240.52,3.86
104,105,002725,跃岭股份,16.01,0.25,0.04,,,0.0,,,,15.97,0.0,639.0,4.23
105,106,605333,沪光股份,33.44,0.0,0.0,,,0.0,,,,33.44,0.0,24.99,7.45
106,107,603985,恒润股份,15.08,0.0,0.0,,,0.0,,,,15.08,0.0,-67.67,2.03
107,108,603676,卫信康,10.41,0.0,0.0,,,0.0,,,,10.41,0.0,13.97,3.06
108,109,002700,ST浩源,9.25,0.0,0.0,,,0.0,,,,9.25,0.0,34.95,4.62
109,110,000859,国风新材,6.15,0.0,0.0,,,0.0,,,,6.15,0.0,-65.95,1.95
110,111,000070,ST特信,5.74,0.0,0.0,,,0.0,,,,5.74,0.0,876.14,2.71
111,112,300972,万辰集团,69.47,-0.01,-0.01,,,0.0,,,,69.48,0.0,111.24,13.66
112,113,603499,翔港科技,27.6,-0.11,-0.03,,,0.0,,,,27.63,0.0,134.12,7.55
113,114,600696,岩石股份,18.0,-0.22,-0.04,,,0.0,,,,18.04,0.0,-38.9,11.4
114,115,831445,龙竹科技,8.96,-2.18,-0.2,,,0.0,,,,9.16,0.0,96.19,3.84
115,116,600250,南京商旅,10.0,-2.25,-0.23,,,0.0,,,,10.23,0.0,59.59,5.17
116,117,301008,宏昌科技,23.3,-6.69,-1.67,,,0.0,,,,24.97,0.0,44.62,2.47
117,118,600543,莫高股份,6.81,-9.32,-0.7,,,0.0,,,,7.51,0.0,-118.49,2.57
