,序号,代码,名称,最新价,涨跌幅,涨跌额,成交量,成交额,振幅,最高,最低,今开,昨收,换手率,市盈率-动态,市净率
0,1,833533,骏创科技,42.25,30.0,9.75,,,0.0,,,,32.5,0.0,70.74,12.34
1,2,870436,大地电气,18.8,22.0,3.39,,,0.0,,,,15.41,0.0,-59.96,4.17
2,3,300707,威唐工业,19.37,20.01,3.23,,,0.0,,,,16.14,0.0,86.42,3.05
3,4,831278,泰德股份,12.0,12.04,1.29,,,0.0,,,,10.71,0.0,61.38,5.15
4,5,000981,山子高科,1.82,10.3,0.17,,,0.0,,,,1.65,0.0,-16.71,8.63
5,6,002547,春兴精工,4.35,10.13,0.4,,,0.0,,,,3.95,0.0,-20.82,74.01
6,7,002510,天汽模,6.13,10.05,0.56,,,0.0,,,,5.57,0.0,47.91,2.73
7,8,603922,金鸿顺,28.51,9.99,2.59,,,0.0,,,,25.92,0.0,-246.12,5.04
8,9,600676,交运股份,5.18,9.98,0.47,,,0.0,,,,4.71,0.0,-17.76,1.0
9,10,603190,亚通精工,24.8,9.98,2.25,,,0.0,,,,22.55,0.0,26.72,1.42
10,11,002101,广东鸿图,15.0,9.89,1.35,,,0.0,,,,13.65,0.0,28.0,1.3
11,12,873690,捷众科技,25.1,8.94,2.06,,,0.0,,,,23.04,0.0,28.14,3.1
12,13,000700,模塑科技,7.8,8.03,0.58,,,0.0,,,,7.22,0.0,9.96,1.92
13,14,832978,开特股份,18.85,6.86,1.21,,,0.0,,,,17.64,0.0,26.69,5.35
14,15,002976,瑞玛精密,24.5,6.24,1.44,,,0.0,,,,23.06,0.0,-394.6,3.67
15,16,000887,中鼎股份,14.13,5.68,0.76,,,0.0,,,,13.37,0.0,13.26,1.45
16,17,836270,天铭科技,17.9,5.54,0.94,,,0.0,,,,16.96,0.0,29.26,4.56
17,18,300694,蠡湖股份,11.0,5.16,0.54,,,0.0,,,,10.46,0.0,41.99,1.73
18,19,301133,金钟股份,25.5,4.98,1.21,,,0.0,,,,24.29,0.0,30.76,2.77
19,20,000622,*ST恒立,2.14,4.9,0.1,,,0.0,,,,2.04,0.0,-42.09,5.46
20,21,002328,新朋股份,6.3,4.65,0.28,,,0.0,,,,6.02,0.0,24.91,1.47
21,22,600609,金杯汽车,6.89,4.55,0.3,,,0.0,,,,6.59,0.0,23.23,6.59
22,23,300733,西菱动力,13.0,4.5,0.56,,,0.0,,,,12.44,0.0,80.23,2.47
23,24,831195,三祥科技,18.81,4.33,0.78,,,0.0,,,,18.03,0.0,32.38,2.59
24,25,301488,豪恩汽电,63.7,4.0,2.45,,,0.0,,,,61.25,0.0,62.75,4.59
25,26,603211,晋拓股份,16.18,3.78,0.59,,,0.0,,,,15.59,0.0,76.58,3.73
26,27,002048,宁波华翔,13.59,3.74,0.49,,,0.0,,,,13.1,0.0,11.58,0.98
27,28,605319,无锡振华,19.8,3.56,0.68,,,0.0,,,,19.12,0.0,14.85,2.15
28,29,301552,科力装备,59.15,3.52,2.01,,,0.0,,,,57.14,0.0,26.24,3.63
29,30,601689,拓普集团,50.0,3.48,1.68,,,0.0,,,,48.32,0.0,28.3,4.52
30,31,603305,旭升集团,13.97,3.1,0.42,,,0.0,,,,13.55,0.0,30.27,2.06
31,32,002126,银轮股份,20.5,2.76,0.55,,,0.0,,,,19.95,0.0,21.17,2.81
32,33,001319,铭科精技,28.05,2.75,0.75,,,0.0,,,,27.3,0.0,38.87,3.15
33,34,002239,奥特佳,3.08,2.67,0.08,,,0.0,,,,3.0,0.0,83.13,1.85
34,35,001311,多利科技,29.5,2.54,0.73,,,0.0,,,,28.77,0.0,15.46,1.57
35,36,300998,宁波方正,15.86,2.52,0.39,,,0.0,,,,15.47,0.0,-97.77,1.71
36,37,300969,恒帅股份,85.61,2.4,2.01,,,0.0,,,,83.6,0.0,31.41,5.56
37,38,002664,信质集团,16.3,2.19,0.35,,,0.0,,,,15.95,0.0,57.17,1.92
38,39,002488,金固股份,11.09,2.12,0.23,,,0.0,,,,10.86,0.0,255.78,2.62
39,40,300100,双林股份,22.42,2.05,0.45,,,0.0,,,,21.97,0.0,18.39,3.61
40,41,603730,岱美股份,10.3,1.98,0.2,,,0.0,,,,10.1,0.0,20.49,3.75
41,42,605133,嵘泰股份,21.28,1.96,0.41,,,0.0,,,,20.87,0.0,23.5,1.52
42,43,300611,美力科技,10.99,1.85,0.2,,,0.0,,,,10.79,0.0,22.43,2.19
43,44,001260,坤泰股份,15.94,1.85,0.29,,,0.0,,,,15.65,0.0,33.48,2.3
44,45,600699,均胜电子,17.49,1.8,0.31,,,0.0,,,,17.18,0.0,19.63,1.89
45,46,000559,万向钱潮,7.39,1.79,0.13,,,0.0,,,,7.26,0.0,25.55,2.68
46,47,301005,超捷股份,31.88,1.79,0.56,,,0.0,,,,31.32,0.0,126.49,5.61
47,48,603348,文灿股份,28.5,1.79,0.5,,,0.0,,,,28.0,0.0,67.81,2.12
48,49,605228,神通科技,8.8,1.5,0.13,,,0.0,,,,8.67,0.0,169.81,2.47
49,50,301229,纽泰格,22.22,1.46,0.32,,,0.0,,,,21.9,0.0,40.46,2.78
50,51,002363,隆基机械,6.95,1.46,0.1,,,0.0,,,,6.85,0.0,59.26,1.38
51,52,688326,经纬恒润-W,90.89,1.33,1.19,,,0.0,,,,89.7,0.0,-19.94,2.54
52,53,603358,华达科技,31.39,1.32,0.41,,,0.0,,,,30.98,0.0,51.64,4.14
53,54,001282,三联锻造,20.83,1.21,0.25,,,0.0,,,,20.58,0.0,24.06,2.19
54,55,603089,正裕工业,8.75,1.16,0.1,,,0.0,,,,8.65,0.0,31.41,1.64
55,56,603997,继峰股份,13.63,1.04,0.14,,,0.0,,,,13.49,0.0,-24.33,3.62
56,57,603286,日盈电子,19.7,1.03,0.2,,,0.0,,,,19.5,0.0,179.61,2.65
57,58,600626,申达股份,4.03,1.0,0.04,,,0.0,,,,3.99,0.0,-75.0,1.69
58,59,603040,新坐标,22.98,0.97,0.22,,,0.0,,,,22.76,0.0,14.56,2.35
59,60,603006,联明股份,10.71,0.94,0.1,,,0.0,,,,10.61,0.0,43.0,1.91
60,61,300863,卡倍亿,41.63,0.9,0.37,,,0.0,,,,41.26,0.0,29.67,4.02
61,62,838171,邦德股份,18.56,0.87,0.16,,,0.0,,,,18.4,0.0,24.95,4.12
62,63,837663,明阳科技,20.09,0.85,0.17,,,0.0,,,,19.92,0.0,26.09,5.9
63,64,301539,宏鑫科技,21.29,0.85,0.18,,,0.0,,,,21.11,0.0,72.42,4.13
64,65,300912,凯龙高科,12.35,0.82,0.1,,,0.0,,,,12.25,0.0,-9.16,2.07
65,66,301160,翔楼新材,56.88,0.71,0.4,,,0.0,,,,56.48,0.0,24.33,2.92
66,67,600741,华域汽车,15.68,0.71,0.11,,,0.0,,,,15.57,0.0,8.29,0.82
67,68,002870,香山股份,33.69,0.69,0.23,,,0.0,,,,33.46,0.0,26.65,2.8
68,69,300816,艾可蓝,23.85,0.68,0.16,,,0.0,,,,23.69,0.0,27.75,2.27
69,70,000903,云内动力,3.07,0.66,0.02,,,0.0,,,,3.05,0.0,-13.84,2.27
70,71,002593,日上集团,3.28,0.61,0.02,,,0.0,,,,3.26,0.0,63.73,1.11
71,72,603009,北特科技,29.68,0.61,0.18,,,0.0,,,,29.5,0.0,123.92,5.67
72,73,603158,腾龙股份,8.26,0.61,0.05,,,0.0,,,,8.21,0.0,12.86,1.81
73,74,301529,福赛科技,36.51,0.58,0.21,,,0.0,,,,36.3,0.0,44.64,2.49
74,75,002662,京威股份,3.59,0.56,0.02,,,0.0,,,,3.57,0.0,12.54,1.26
75,76,001278,一彬科技,16.39,0.55,0.09,,,0.0,,,,16.3,0.0,34.83,1.53
76,77,300580,贝斯特,19.89,0.45,0.09,,,0.0,,,,19.8,0.0,33.12,3.29
77,78,600523,贵航股份,13.61,0.44,0.06,,,0.0,,,,13.55,0.0,35.21,1.83
78,79,300507,苏奥传感,7.29,0.41,0.03,,,0.0,,,,7.26,0.0,39.63,2.84
79,80,301192,泰祥股份,18.25,0.39,0.07,,,0.0,,,,18.18,0.0,31.24,3.07
80,81,605018,长华集团,8.41,0.36,0.03,,,0.0,,,,8.38,0.0,33.03,1.47
81,82,603768,常青股份,14.98,0.33,0.05,,,0.0,,,,14.93,0.0,37.87,1.45
82,83,300926,博俊科技,24.5,0.33,0.08,,,0.0,,,,24.42,0.0,20.23,4.69
83,84,600960,渤海汽车,3.6,0.28,0.01,,,0.0,,,,3.59,0.0,-13.53,0.75
84,85,836221,易实精密,20.55,0.24,0.05,,,0.0,,,,20.5,0.0,32.39,5.08
85,86,603335,迪生力,4.95,0.2,0.01,,,0.0,,,,4.94,0.0,-22.94,6.23
86,87,300375,鹏翎股份,5.09,0.2,0.01,,,0.0,,,,5.08,0.0,37.27,1.71
87,88,300893,松原股份,31.68,0.16,0.05,,,0.0,,,,31.63,0.0,28.18,5.86
88,89,002537,海联金汇,6.63,0.15,0.01,,,0.0,,,,6.62,0.0,115.8,1.92
89,90,833454,同心传动,18.0,0.11,0.02,,,0.0,,,,17.98,0.0,95.18,6.09
90,91,600742,一汽富维,9.23,0.11,0.01,,,0.0,,,,9.22,0.0,12.83,0.81
91,92,600480,凌云股份,10.16,0.1,0.01,,,0.0,,,,10.15,0.0,14.31,1.29
92,93,603179,新泉股份,52.65,0.1,0.05,,,0.0,,,,52.6,0.0,28.07,4.95
93,94,603161,科华控股,10.65,0.09,0.01,,,0.0,,,,10.64,0.0,16.35,1.43
94,95,301298,东利机械,14.48,0.07,0.01,,,0.0,,,,14.47,0.0,29.87,2.36
95,96,603013,亚普股份,14.76,0.07,0.01,,,0.0,,,,14.75,0.0,15.18,1.84
96,97,605088,冠盛股份,20.33,0.05,0.01,,,0.0,,,,20.32,0.0,12.34,1.64
97,98,301072,中捷精工,23.8,0.04,0.01,,,0.0,,,,23.79,0.0,-380.8,3.12
98,99,301181,标榜股份,24.61,0.04,0.01,,,0.0,,,,24.6,0.0,24.32,2.05
99,100,831906,舜宇精工,21.18,0.0,0.0,,,0.0,,,,21.18,0.0,730.98,2.56
100,101,688612,威迈斯,25.87,0.0,0.0,,,0.0,,,,25.87,0.0,27.58,3.28
101,102,688071,华依科技,25.75,0.0,0.0,,,0.0,,,,25.75,0.0,-55.74,2.18
102,103,605151,西上海,16.45,0.0,0.0,,,0.0,,,,16.45,0.0,33.1,1.65
103,104,605128,上海沿浦,,,,,,,,,,38.25,0.0,31.31,3.79
104,105,605005,合兴股份,,,,,,,,,,17.17,0.0,26.27,3.65
105,106,603949,雪龙集团,11.63,0.0,0.0,,,0.0,,,,11.63,0.0,41.32,2.45
106,107,603917,合力科技,13.01,0.0,0.0,,,0.0,,,,13.01,0.0,604.88,1.56
107,108,603786,科博达,,,,,,,,,,59.28,0.0,29.6,4.72
108,109,603655,朗博科技,,,,,,,,,,22.66,0.0,93.54,4.46
109,110,603201,常润股份,21.43,0.0,0.0,,,0.0,,,,21.43,0.0,16.6,2.19
110,111,603197,保隆科技,39.8,0.0,0.0,,,0.0,,,,39.8,0.0,25.46,2.73
111,112,603085,天成自控,9.94,0.0,0.0,,,0.0,,,,9.94,0.0,112.78,4.4
112,113,603037,凯众股份,13.79,0.0,0.0,,,0.0,,,,13.79,0.0,32.34,2.87
113,114,600933,爱柯迪,15.69,0.0,0.0,,,0.0,,,,15.69,0.0,15.5,1.93
114,115,600218,全柴动力,8.05,0.0,0.0,,,0.0,,,,8.05,0.0,42.25,1.1
115,116,600148,长春一东,18.75,0.0,0.0,,,0.0,,,,18.75,0.0,-551.86,5.71
116,117,301499,维科精密,27.0,0.0,0.0,,,0.0,,,,27.0,0.0,92.56,2.98
117,118,301170,锡南科技,24.06,0.0,0.0,,,0.0,,,,24.06,0.0,23.31,1.43
118,119,301022,海泰科,23.35,0.0,0.0,,,0.0,,,,23.35,0.0,48.32,2.04
119,120,301020,密封科技,20.26,0.0,0.0,,,0.0,,,,20.26,0.0,33.6,3.22
120,121,300745,欣锐科技,17.81,0.0,0.0,,,0.0,,,,17.81,0.0,-31.2,1.27
121,122,300695,兆丰股份,,,,,,,,,,41.61,0.0,24.16,1.16
122,123,300473,德尔股份,,,,,,,,,,21.35,0.0,100.12,2.07
123,124,300304,云意电气,8.23,0.0,0.0,,,0.0,,,,8.23,0.0,17.64,2.47
124,125,300258,精锻科技,9.54,0.0,0.0,,,0.0,,,,9.54,0.0,29.7,1.27
125,126,300237,美晨科技,2.46,0.0,0.0,,,0.0,,,,2.46,0.0,-13.78,25.43
126,127,200581,苏威孚Ｂ,,,,,,,,,,13.0,0.0,6.86,0.6
127,128,200030,富奥B,,,,,,,,,,3.36,0.0,8.92,0.68
128,129,002863,今飞凯达,4.55,0.0,0.0,,,0.0,,,,4.55,0.0,33.73,0.99
129,130,002813,路畅科技,27.93,0.0,0.0,,,0.0,,,,27.93,0.0,-62.36,10.24
130,131,002590,万安科技,15.05,0.0,0.0,,,0.0,,,,15.05,0.0,39.7,2.76
131,132,002536,飞龙股份,11.61,0.0,0.0,,,0.0,,,,11.61,0.0,18.77,2.0
132,133,002472,双环传动,30.76,0.0,0.0,,,0.0,,,,30.76,0.0,26.48,3.06
133,134,002454,松芝股份,7.04,0.0,0.0,,,0.0,,,,7.04,0.0,23.42,1.13
134,135,002434,万里扬,6.41,0.0,0.0,,,0.0,,,,6.41,0.0,24.56,1.46
135,136,000901,航天科技,13.12,0.0,0.0,,,0.0,,,,13.12,0.0,-725.72,2.49
136,137,000570,苏常柴Ａ,5.24,0.0,0.0,,,0.0,,,,5.24,0.0,59.83,1.07
137,138,000030,富奥股份,5.55,0.0,0.0,,,0.0,,,,5.55,0.0,16.33,1.25
138,139,603596,伯特利,48.87,-0.02,-0.01,,,0.0,,,,48.88,0.0,28.57,4.78
139,140,301607,富特科技,40.83,-0.02,-0.01,,,0.0,,,,40.84,0.0,41.19,4.61
140,141,603390,通达电气,9.65,-0.1,-0.01,,,0.0,,,,9.66,0.0,152.38,2.15
141,142,603982,泉峰汽车,8.98,-0.11,-0.01,,,0.0,,,,8.99,0.0,-4.64,1.32
142,143,300176,派生科技,8.86,-0.11,-0.01,,,0.0,,,,8.87,0.0,87.39,3.67
143,144,603107,上海汽配,17.23,-0.12,-0.02,,,0.0,,,,17.25,0.0,32.36,2.87
144,145,301119,正强股份,23.66,-0.13,-0.03,,,0.0,,,,23.69,0.0,27.86,2.43
145,146,603788,宁波高发,15.18,-0.13,-0.02,,,0.0,,,,15.2,0.0,16.66,1.66
146,147,601717,郑煤机,13.08,-0.15,-0.02,,,0.0,,,,13.1,0.0,5.73,1.06
147,148,603239,浙江仙通,12.48,-0.16,-0.02,,,0.0,,,,12.5,0.0,19.61,3.02
148,149,002516,旷达科技,5.55,-0.18,-0.01,,,0.0,,,,5.56,0.0,51.78,2.25
149,150,002906,华阳集团,31.64,-0.19,-0.06,,,0.0,,,,31.7,0.0,26.8,2.65
150,151,603035,常熟汽饰,15.19,-0.2,-0.03,,,0.0,,,,15.22,0.0,11.23,1.1
151,152,000338,潍柴动力,13.75,-0.22,-0.03,,,0.0,,,,13.78,0.0,10.71,1.39
152,153,603926,铁流股份,9.14,-0.22,-0.02,,,0.0,,,,9.16,0.0,20.72,1.29
153,154,301613,新铝时代,70.08,-0.23,-0.16,,,0.0,,,,70.24,0.0,32.54,4.6
154,155,601279,英利汽车,4.15,-0.24,-0.01,,,0.0,,,,4.16,0.0,111.05,1.54
155,156,603633,徕木股份,7.12,-0.28,-0.02,,,0.0,,,,7.14,0.0,32.52,1.55
156,157,002703,浙江世宝,13.63,-0.29,-0.04,,,0.0,,,,13.67,0.0,75.1,5.88
157,158,301186,超达装备,39.65,-0.3,-0.12,,,0.0,,,,39.77,0.0,28.96,2.31
158,159,000678,襄阳轴承,6.46,-0.31,-0.02,,,0.0,,,,6.48,0.0,-114.46,3.64
159,160,002448,中原内配,6.27,-0.32,-0.02,,,0.0,,,,6.29,0.0,11.88,1.05
160,161,300432,富临精工,15.58,-0.32,-0.05,,,0.0,,,,15.63,0.0,45.92,4.38
161,162,300652,雷迪克,33.06,-0.36,-0.12,,,0.0,,,,33.18,0.0,27.36,2.49
162,163,300428,立中集团,20.05,-0.4,-0.08,,,0.0,,,,20.13,0.0,19.28,1.82
163,164,002283,天润工业,4.91,-0.41,-0.02,,,0.0,,,,4.93,0.0,15.6,0.93
164,165,603758,秦安股份,9.61,-0.41,-0.04,,,0.0,,,,9.65,0.0,24.73,1.72
165,166,002592,ST八菱,4.68,-0.43,-0.02,,,0.0,,,,4.7,0.0,19.45,1.47
166,167,002406,远东传动,6.85,-0.44,-0.03,,,0.0,,,,6.88,0.0,43.51,1.25
167,168,002553,南方精工,12.5,-0.48,-0.06,,,0.0,,,,12.56,0.0,70.3,3.77
168,169,002284,亚太股份,8.2,-0.49,-0.04,,,0.0,,,,8.24,0.0,28.94,2.11
169,170,300585,奥联电子,15.0,-0.53,-0.08,,,0.0,,,,15.08,0.0,-785.79,3.58
170,171,000581,威孚高科,18.0,-0.55,-0.1,,,0.0,,,,18.1,0.0,10.54,0.92
171,172,002921,联诚精密,11.5,-0.69,-0.08,,,0.0,,,,11.58,0.0,-46.15,1.5
172,173,002725,跃岭股份,12.88,-0.69,-0.09,,,0.0,,,,12.97,0.0,-388.17,3.44
173,174,301225,恒勃股份,27.73,-0.75,-0.21,,,0.0,,,,27.94,0.0,24.86,2.01
174,175,605255,天普股份,13.16,-0.75,-0.1,,,0.0,,,,13.26,0.0,71.98,2.12
175,176,601799,星宇股份,136.0,-0.77,-1.05,,,0.0,,,,137.05,0.0,29.82,4.0
176,177,603048,浙江黎明,14.11,-0.77,-0.11,,,0.0,,,,14.22,0.0,42.26,1.64
177,178,603121,华培动力,8.73,-0.8,-0.07,,,0.0,,,,8.8,0.0,31.11,2.39
178,179,301357,北方长龙,37.98,-0.81,-0.31,,,0.0,,,,38.29,0.0,-260.7,3.21
179,180,301550,斯菱股份,53.0,-0.88,-0.47,,,0.0,,,,53.47,0.0,31.95,3.43
180,181,603701,德宏股份,13.46,-0.88,-0.12,,,0.0,,,,13.58,0.0,179.36,4.57
181,182,002265,建设工业,11.91,-1.0,-0.12,,,0.0,,,,12.03,0.0,50.37,3.47
182,183,603586,金麒麟,13.8,-1.0,-0.14,,,0.0,,,,13.94,0.0,29.76,1.2
183,184,603306,华懋科技,28.73,-1.03,-0.3,,,0.0,,,,29.03,0.0,35.94,2.75
184,185,605068,明新旭腾,13.9,-1.07,-0.15,,,0.0,,,,14.05,0.0,139.83,1.32
185,186,603178,圣龙股份,22.18,-1.07,-0.24,,,0.0,,,,22.42,0.0,573.11,4.12
186,187,688533,上声电子,39.9,-1.12,-0.45,,,0.0,,,,40.35,0.0,25.25,4.36
187,188,605208,永茂泰,7.01,-1.13,-0.08,,,0.0,,,,7.09,0.0,48.26,1.1
188,189,003033,征和工业,26.65,-1.15,-0.31,,,0.0,,,,26.96,0.0,16.71,1.79
189,190,300978,东箭科技,11.8,-1.17,-0.14,,,0.0,,,,11.94,0.0,27.66,2.99
190,191,002806,华锋股份,12.39,-1.2,-0.15,,,0.0,,,,12.54,0.0,336.36,2.82
191,192,301398,星源卓镁,47.25,-1.27,-0.61,,,0.0,,,,47.86,0.0,50.55,3.49
192,193,002190,成飞集成,18.4,-1.29,-0.24,,,0.0,,,,18.64,0.0,-192.43,2.37
193,194,603319,湘油泵,22.0,-1.35,-0.3,,,0.0,,,,22.3,0.0,23.84,2.51
194,195,002920,德赛西威,126.13,-1.41,-1.8,,,0.0,,,,127.93,0.0,37.32,7.82
195,196,002997,瑞鹄模具,30.8,-1.41,-0.44,,,0.0,,,,31.24,0.0,19.14,3.12
196,197,301007,德迈仕,15.98,-1.42,-0.23,,,0.0,,,,16.21,0.0,44.87,3.73
197,198,300446,航天智造,19.88,-1.49,-0.3,,,0.0,,,,20.18,0.0,23.52,3.37
198,199,300928,华安鑫创,38.42,-1.49,-0.58,,,0.0,,,,39.0,0.0,-58.32,2.59
199,200,002355,兴民智通,6.59,-1.49,-0.1,,,0.0,,,,6.69,0.0,22.72,3.4
200,201,603950,长源东谷,14.66,-1.54,-0.23,,,0.0,,,,14.89,0.0,22.98,1.82
201,202,603767,中马传动,13.37,-1.55,-0.21,,,0.0,,,,13.58,0.0,61.75,2.86
202,203,688280,精进电动-UW,5.05,-1.56,-0.08,,,0.0,,,,5.13,0.0,-5.79,4.72
203,204,300680,隆盛科技,24.5,-1.69,-0.42,,,0.0,,,,24.92,0.0,27.64,3.08
204,205,300643,万通智控,13.2,-1.79,-0.24,,,0.0,,,,13.44,0.0,26.96,2.76
205,206,600698,湖南天雁,5.4,-1.82,-0.1,,,0.0,,,,5.5,0.0,3519.77,7.56
206,207,605333,沪光股份,34.81,-1.97,-0.7,,,0.0,,,,35.51,0.0,26.01,7.76
207,208,002708,光洋股份,10.51,-2.14,-0.23,,,0.0,,,,10.74,0.0,110.27,3.38
208,209,002715,登云股份,15.81,-2.29,-0.37,,,0.0,,,,16.18,0.0,145.41,5.11
209,210,603023,*ST威帝,2.7,-2.53,-0.07,,,0.0,,,,2.77,0.0,320.78,1.96
210,211,603166,福达股份,7.21,-2.57,-0.19,,,0.0,,,,7.4,0.0,28.92,2.0
211,212,600081,东风科技,10.38,-2.9,-0.31,,,0.0,,,,10.69,0.0,70.3,1.26
212,213,603809,豪能股份,12.5,-3.1,-0.4,,,0.0,,,,12.9,0.0,22.41,2.96
213,214,300681,英搏尔,23.78,-3.33,-0.82,,,0.0,,,,24.6,0.0,88.0,3.09
214,215,301397,溯联股份,28.74,-3.65,-1.09,,,0.0,,,,29.83,0.0,23.81,1.78
215,216,688667,菱电电控,41.3,-4.07,-1.75,,,0.0,,,,43.05,0.0,196.6,1.32
216,217,600178,东安动力,14.99,-4.16,-0.65,,,0.0,,,,15.64,0.0,-3313.26,2.77
217,218,002085,万丰奥威,23.0,-4.45,-1.07,,,0.0,,,,24.07,0.0,65.0,7.07
218,219,839946,华阳变速,10.01,-5.21,-0.55,,,0.0,,,,10.56,0.0,-73.56,6.05
219,220,838837,华原股份,20.1,-5.59,-1.19,,,0.0,,,,21.29,0.0,48.15,5.97
220,221,832000,安徽凤凰,33.0,-8.33,-3.0,,,0.0,,,,36.0,0.0,43.15,5.09
