,序号,代码,名称,最新价,涨跌幅,涨跌额,成交量,成交额,振幅,最高,最低,今开,昨收,换手率,市盈率-动态,市净率
0,1,301098,金埔园林,9.22,13.41,1.09,171322,151318800.89,11.81,9.37,8.41,8.52,8.13,14.21,30.86,1.26
1,2,300197,节能铁汉,2.01,12.29,0.22,2417808,488889731.69,13.41,2.15,1.91,1.94,1.79,8.15,-7.25,1.51
2,3,300649,杭州园林,11.91,11.31,1.21,87312,102618821.12,9.81,12.34,11.29,11.5,10.7,8.23,-44.37,3.07
3,4,301091,深城交,39.0,10.17,3.6,179853,667398703.28,10.11,39.2,35.62,36.15,35.4,9.34,-819.46,7.13
4,5,600939,重庆建工,2.82,10.16,0.26,485201,133622900.0,6.25,2.82,2.66,2.7,2.56,2.55,-142.31,0.67
5,6,603778,国晟科技,3.45,9.87,0.31,323689,110408596.0,8.28,3.45,3.19,3.19,3.14,5.04,-10.13,2.63
6,7,000826,启迪环境,2.02,9.78,0.18,594226,117153215.6,5.98,2.02,1.91,1.96,1.84,4.17,-6.57,0.72
7,8,300564,筑博设计,11.76,9.5,1.02,130587,153459667.92,22.53,12.89,10.47,10.94,10.74,11.54,-31.59,1.53
8,9,300746,汉嘉设计,15.94,9.18,1.34,190644,287848287.0,10.14,15.96,14.48,14.7,14.6,8.59,483.61,3.05
9,10,002717,岭南股份,2.02,8.02,0.15,2151799,420131871.31,8.56,2.05,1.89,1.89,1.87,13.98,-6.84,1.84
10,11,301151,冠龙节能,16.86,8.01,1.25,76069,124106835.45,8.9,16.96,15.57,15.67,15.61,13.94,111.83,1.41
11,12,300732,设研院,8.14,7.81,0.59,172500,136461871.66,7.55,8.2,7.63,7.68,7.55,5.33,-15.09,0.97
12,13,300374,中铁装配,19.42,7.59,1.37,417917,798842494.0,16.45,20.46,17.49,17.49,18.05,20.54,-48.86,5.57
13,14,300986,志特新材,11.23,7.46,0.78,39619,42742312.39,9.09,11.25,10.3,10.43,10.45,1.61,182.77,2.09
14,15,300284,苏交科,9.43,6.92,0.61,702332,638486618.81,8.05,9.51,8.8,9.1,8.82,5.88,37.73,1.43
15,16,301136,招标股份,13.72,6.52,0.84,124317,165837674.43,7.84,13.76,12.75,12.75,12.88,11.97,490.62,2.58
16,17,603176,汇通集团,4.79,6.44,0.29,61485,28934882.0,6.44,4.82,4.53,4.59,4.5,4.1,29.16,2.09
17,18,300958,建工修复,12.71,6.18,0.74,57866,72582194.8,5.76,12.89,12.2,12.58,11.97,6.36,257.14,1.45
18,19,300388,节能国祯,7.07,6.16,0.41,147988,102828389.54,5.86,7.14,6.75,7.0,6.66,2.18,12.48,1.12
19,20,301024,霍普股份,23.53,6.09,1.35,13206,30407849.5,5.95,23.67,22.35,22.61,22.18,7.44,-39.16,2.95
20,21,300977,深圳瑞捷,18.91,6.06,1.08,35372,65059641.49,6.23,18.94,17.83,18.15,17.83,9.13,135.95,2.06
21,22,600502,安徽建工,5.11,6.02,0.29,702167,351191639.0,5.6,5.15,4.88,4.98,4.82,4.09,7.16,0.87
22,23,603815,交建股份,6.49,5.87,0.36,164972,105191735.0,7.83,6.59,6.11,6.23,6.13,2.67,26.53,1.74
23,24,300070,碧水源,5.25,5.85,0.29,1706171,898222404.72,10.69,5.53,5.0,5.53,4.96,4.97,-130.96,0.7
24,25,605303,园林股份,7.19,5.74,0.39,34406,24309214.0,5.0,7.24,6.9,7.0,6.8,2.13,-9.59,1.0
25,26,000010,美丽生态,2.03,5.73,0.11,360469,72737845.98,6.25,2.09,1.97,2.0,1.92,6.85,-11.8,13.02
26,27,300989,蕾奥规划,13.35,5.7,0.72,71805,93676353.35,5.23,13.37,12.71,12.82,12.63,7.49,568.4,2.7
27,28,300948,冠中生态,10.72,5.51,0.56,36247,38389321.5,6.69,11.0,10.32,10.73,10.16,2.77,87.62,1.76
28,29,001267,汇绿生态,5.79,5.46,0.3,149149,84696469.41,6.01,5.85,5.52,5.56,5.49,4.11,174.17,2.99
29,30,002761,浙江建投,9.13,5.43,0.47,389785,349937773.7,4.85,9.19,8.77,9.04,8.66,3.6,29.64,1.5
30,31,605069,正和生态,6.59,5.27,0.33,52387,34256444.0,5.27,6.75,6.42,6.61,6.26,6.22,-21.38,1.38
31,32,603843,正平股份,2.81,5.24,0.14,173839,48445558.0,6.37,2.87,2.7,2.78,2.67,2.48,-12.54,2.19
32,33,002542,中化岩土,1.82,5.2,0.09,364880,65548890.73,4.62,1.84,1.76,1.77,1.73,2.28,-6.34,1.7
33,34,002789,建艺集团,10.35,5.18,0.51,25141,25611963.2,7.93,10.68,9.9,10.14,9.84,1.91,148.45,45.88
34,35,300500,启迪设计,12.14,5.11,0.59,43882,52008965.0,5.89,12.2,11.52,11.72,11.55,2.69,48.57,1.72
35,36,300237,美晨科技,1.86,5.08,0.09,707025,130416053.45,7.34,1.92,1.79,1.86,1.77,4.91,-6.99,18.87
36,37,603007,*ST花王,7.59,4.98,0.36,155563,116302074.0,4.84,7.59,7.24,7.24,7.23,3.82,-24.61,8.09
37,38,300826,测绘股份,14.75,4.91,0.69,51996,74583821.7,6.26,14.79,13.91,14.17,14.06,3.42,128.06,1.94
38,39,603316,诚邦股份,5.81,4.68,0.26,141671,81988090.0,7.03,5.96,5.57,5.64,5.55,5.36,-144.35,2.07
39,40,300935,盈建科,20.97,4.54,0.91,18130,37065830.12,5.28,20.99,19.93,20.05,20.06,3.01,-33.96,1.93
40,41,300778,新城市,12.19,4.46,0.52,84624,100691398.24,7.37,12.3,11.44,11.76,11.67,4.16,-11.01,1.86
41,42,603359,东珠生态,4.22,4.46,0.18,101867,42620569.0,5.94,4.32,4.08,4.15,4.04,2.28,72.47,0.57
42,43,300635,中达安,10.83,4.44,0.46,75599,80239637.16,5.5,10.88,10.31,10.5,10.37,6.29,159.83,3.45
43,44,002431,棕榈股份,1.89,4.42,0.08,278228,52488078.13,5.52,1.94,1.84,1.88,1.81,1.56,-4.72,1.19
44,45,300187,永清环保,5.21,4.41,0.22,64397,33215859.9,5.61,5.3,5.02,5.02,4.99,1.0,24.61,3.17
45,46,301046,能辉科技,21.62,4.29,0.89,17406,36754947.0,5.64,21.68,20.51,20.9,20.73,1.54,50.91,4.06
46,47,603017,中衡设计,8.52,4.28,0.35,50741,42759693.0,3.67,8.57,8.27,8.27,8.17,1.84,16.54,1.56
47,48,603955,大千生态,8.55,4.14,0.34,36885,31422023.0,5.48,8.79,8.34,8.37,8.21,2.72,45.22,0.75
48,49,600720,中交设计,9.84,4.13,0.39,126302,121620996.0,4.87,9.87,9.41,9.49,9.45,1.63,16.17,1.64
49,50,300949,奥雅股份,32.54,4.09,1.28,9566,30521589.0,4.77,32.6,31.11,32.05,31.26,1.59,-13.79,2.17
50,51,300947,德必集团,18.93,4.01,0.73,73413,137746625.35,4.45,19.13,18.32,18.6,18.2,4.78,107.27,2.33
51,52,301109,军信股份,17.08,3.96,0.65,36164,61303203.1,4.81,17.43,16.64,16.64,16.43,3.67,13.06,1.39
52,53,301505,苏州规划,25.56,3.94,0.97,19059,48005912.6,3.78,25.59,24.66,25.07,24.59,3.28,76.6,2.3
53,54,301248,杰创智能,15.11,3.92,0.57,46157,67772791.55,5.78,15.14,14.3,14.8,14.54,4.52,-35.1,1.52
54,55,603682,锦和商管,4.2,3.7,0.15,49022,20253188.0,3.46,4.21,4.07,4.08,4.05,1.04,42.73,1.91
55,56,301167,建研设计,13.68,3.64,0.48,26380,35586606.0,4.7,13.77,13.15,13.33,13.2,3.71,135.54,1.66
56,57,301396,宏景科技,23.98,3.63,0.84,15272,35807364.0,5.4,24.08,22.83,23.7,23.14,3.0,-136.48,2.09
57,58,300675,建科院,14.58,3.62,0.51,63529,90840484.0,5.12,14.6,13.88,14.28,14.07,4.33,-37.6,3.72
58,59,300437,清水源,10.09,3.59,0.35,42041,42112495.63,4.52,10.2,9.76,9.76,9.74,2.39,-28.95,1.82
59,60,002060,广东建工,3.86,3.49,0.13,222351,84687091.9,3.75,3.87,3.73,3.79,3.73,1.42,15.83,1.12
60,61,603030,全筑股份,2.1,3.45,0.07,118279,24429834.0,3.94,2.11,2.03,2.07,2.03,0.9,-166.6,2.7
61,62,002062,宏润建设,3.97,3.39,0.13,84015,33214381.98,3.39,3.99,3.86,3.92,3.84,0.85,11.69,1.0
62,63,601789,宁波建工,4.02,3.34,0.13,192605,76463589.0,3.6,4.04,3.9,3.97,3.89,1.77,15.18,1.01
63,64,600853,龙建股份,3.54,3.21,0.11,218601,76748996.0,4.96,3.59,3.42,3.57,3.43,2.17,25.97,1.25
64,65,002663,普邦股份,1.61,3.21,0.05,219594,35175283.73,3.21,1.63,1.58,1.61,1.56,1.57,232.2,0.94
65,66,605287,德才股份,12.28,3.19,0.38,17105,20810300.0,2.44,12.3,12.01,12.15,11.9,1.71,12.86,0.91
66,67,002482,广田集团,1.67,3.09,0.05,199980,32891623.63,3.09,1.67,1.62,1.63,1.62,0.53,-26.27,9.54
67,68,000779,甘咨询,8.16,3.03,0.24,101474,81964823.27,3.03,8.16,7.92,8.03,7.92,2.18,15.0,1.01
68,69,600736,苏州高新,4.77,3.02,0.14,229880,109015410.0,3.89,4.84,4.66,4.8,4.63,2.0,19.26,0.74
69,70,300983,尤安设计,18.35,2.97,0.53,5296,9583632.53,3.82,18.37,17.69,17.93,17.82,1.23,-50.31,1.04
70,71,603357,设计总院,9.02,2.97,0.26,70285,62569109.0,2.97,9.03,8.77,8.8,8.76,1.28,10.82,1.45
71,72,600510,黑牡丹,4.74,2.82,0.13,164959,77549056.0,4.12,4.8,4.61,4.76,4.61,1.6,44.65,0.49
72,73,300605,恒锋信息,12.43,2.81,0.34,49090,59893911.08,4.8,12.48,11.9,12.26,12.09,4.32,-49.18,3.85
73,74,600512,腾达建设,2.28,2.7,0.06,207427,46861677.0,3.15,2.29,2.22,2.25,2.22,1.31,16.75,0.58
74,75,301115,建科股份,14.65,2.66,0.38,26367,38058256.0,3.36,14.7,14.22,14.36,14.27,2.5,75.01,1.03
75,76,003013,地铁设计,13.88,2.59,0.35,18493,25352950.0,3.1,13.92,13.5,13.68,13.53,0.46,13.69,2.31
76,77,603797,联泰环保,3.67,2.51,0.09,84594,30910737.0,2.51,3.7,3.61,3.65,3.58,1.45,9.83,0.69
77,78,002887,绿茵生态,6.53,2.51,0.16,32413,21157886.6,2.98,6.62,6.43,6.52,6.37,2.03,24.25,0.91
78,79,301259,艾布鲁,33.19,2.5,0.81,34273,111737527.27,5.56,33.5,31.7,32.54,32.38,4.21,-95.26,6.18
79,80,000926,福星股份,2.5,2.46,0.06,380164,94818961.6,4.1,2.55,2.45,2.51,2.44,2.42,52.11,0.33
80,81,002743,富煌钢构,4.18,2.45,0.1,64902,26862037.0,2.94,4.2,4.08,4.08,4.08,1.49,24.05,0.57
81,82,000809,*ST和展,2.25,2.27,0.05,66388,14745101.5,3.18,2.26,2.19,2.21,2.2,0.8,-17.44,0.67
82,83,002457,青龙管业,11.98,2.13,0.25,614204,734731505.29,9.8,12.55,11.4,11.73,11.73,18.43,27.83,1.73
83,84,002339,积成电子,6.42,2.07,0.13,116048,73479295.1,3.34,6.43,6.22,6.29,6.29,2.42,-19.69,1.91
84,85,002775,文科股份,3.01,2.03,0.06,139683,42076333.0,4.41,3.08,2.95,3.0,2.95,3.12,102.91,8.34
85,86,002375,亚厦股份,3.82,1.87,0.07,107827,40629598.0,2.93,3.83,3.72,3.77,3.75,0.81,17.64,0.65
86,87,603137,恒尚节能,10.56,1.83,0.19,7860,8244829.0,2.51,10.61,10.35,10.37,10.37,1.07,14.46,1.63
87,88,688057,金达莱,11.34,1.8,0.2,8058,9035662.0,3.59,11.39,10.99,11.38,11.14,0.29,23.26,0.97
88,89,601368,绿城水务,4.65,1.75,0.08,59791,27671687.0,2.19,4.67,4.57,4.61,4.57,0.68,30.27,0.87
89,90,002671,龙泉股份,4.11,1.48,0.06,128491,52545251.54,3.21,4.15,4.02,4.06,4.05,2.33,70.2,1.44
90,91,603803,瑞斯康达,6.44,1.26,0.08,97732,61860863.0,4.56,6.49,6.2,6.25,6.36,2.3,-37.02,1.62
91,92,002108,沧州明珠,3.4,1.19,0.04,162003,54467921.67,2.98,3.41,3.31,3.37,3.36,0.98,32.09,1.12
92,93,603388,ST元成,1.81,1.12,0.02,75353,13464143.0,3.35,1.82,1.76,1.8,1.79,2.31,-4.52,0.53
93,94,300844,山水比德,31.7,0.28,0.09,25314,79272508.66,6.96,32.3,30.1,31.75,31.61,11.24,84.04,2.73
94,95,002310,*ST东园,1.35,0.0,0.0,742183,100713418.91,4.44,1.39,1.33,1.36,1.35,2.76,-1.59,-2.72
95,96,300103,达刚控股,6.94,-1.0,-0.07,168855,112984776.95,6.56,6.96,6.5,6.96,7.01,7.62,-76.28,3.59
96,97,301038,深水规院,21.15,-1.99,-0.43,86168,177190049.47,11.58,22.08,19.58,21.6,21.58,5.02,40.07,4.1
97,98,002443,金洲管道,6.68,-2.34,-0.16,333423,220506490.69,8.19,6.89,6.33,6.84,6.84,6.42,17.33,1.02
