,序号,代码,名称,最新价,涨跌幅,涨跌额,成交量,成交额,振幅,最高,最低,今开,昨收,换手率,市盈率-动态,市净率
0,1,600622,光大嘉宝,2.93,10.15,0.27,180942.0,53016132.0,0.0,2.93,2.93,2.93,2.66,1.21,-9.93,0.92
1,2,000697,炼石航空,7.71,9.99,0.7,361245.0,274577091.91,11.41,7.71,6.91,7.04,7.01,6.41,-25.31,22.56
2,3,600193,创兴资源,2.76,9.96,0.25,252685.0,66990980.0,9.96,2.76,2.51,2.53,2.51,5.94,-84.84,4.05
3,4,601600,中国铝业,9.13,7.16,0.61,3477362.0,3134709453.0,5.87,9.22,8.72,8.72,8.52,2.65,11.16,2.43
4,5,600301,华锡有色,17.45,5.82,0.96,128954.0,218516175.0,7.16,17.45,16.27,16.5,16.49,4.68,15.82,2.99
5,6,301026,浩通科技,30.7,5.75,1.67,16182.0,48483910.44,5.58,30.74,29.12,29.12,29.03,2.22,22.64,2.38
6,7,000426,兴业银锡,13.09,5.74,0.71,442462.0,565703703.7,6.06,13.16,12.41,12.49,12.38,2.64,13.61,3.33
7,8,002428,云南锗业,13.99,5.58,0.74,307327.0,420624987.59,5.66,14.04,13.29,13.34,13.25,4.71,-494.2,6.56
8,9,600331,宏达股份,6.98,4.96,0.33,461980.0,315680198.0,6.47,7.05,6.62,6.65,6.65,2.27,121.55,37.44
9,10,603993,洛阳钼业,8.42,4.6,0.37,1559151.0,1289919193.0,4.72,8.43,8.05,8.09,8.05,0.88,16.79,2.98
10,11,002237,恒邦股份,11.09,4.52,0.48,208386.0,226359248.8,4.9,11.15,10.63,10.71,10.61,2.29,21.33,1.42
11,12,603799,华友钴业,29.32,4.49,1.26,399020.0,1135620547.0,5.35,29.39,27.89,28.06,28.06,2.37,14.89,1.51
12,13,300477,合纵科技,3.04,4.47,0.13,264893.0,78657959.56,4.47,3.04,2.91,2.92,2.91,2.83,-12.21,1.93
13,14,300402,宝色股份,14.64,4.35,0.61,36261.0,52062983.0,4.49,14.68,14.05,14.13,14.03,1.49,46.79,2.49
14,15,000762,西藏矿业,22.64,4.33,0.94,171817.0,379723797.6,4.88,22.66,21.6,21.8,21.7,3.3,53.13,4.01
15,16,300487,蓝晓科技,55.28,4.32,2.29,43270.0,231727968.82,5.55,55.46,52.52,53.54,52.99,1.42,34.54,8.26
16,17,688456,有研粉材,29.61,4.3,1.22,15745.0,45744195.0,4.51,29.66,28.38,28.78,28.39,1.52,52.22,2.63
17,18,300208,*ST中程,2.19,4.29,0.09,104885.0,22633210.24,5.24,2.22,2.11,2.15,2.1,1.53,-7.89,-3.23
18,19,600456,宝钛股份,31.45,4.24,1.28,77572.0,239370986.0,5.2,31.55,29.98,30.32,30.17,1.62,18.65,2.22
19,20,002240,盛新锂能,14.36,4.21,0.58,183910.0,258769241.48,4.93,14.39,13.71,13.88,13.78,2.12,-35.38,1.06
20,21,000701,厦门信达,4.22,4.2,0.17,135794.0,56010671.1,4.44,4.22,4.04,4.05,4.05,2.12,-24.7,8.03
21,22,605376,博迁新材,24.12,4.15,0.96,35549.0,83054850.0,6.48,24.16,22.66,23.18,23.16,1.36,57.81,3.98
22,23,600295,鄂尔多斯,9.69,4.08,0.38,107513.0,102252443.0,4.51,9.7,9.28,9.29,9.31,0.54,13.47,1.35
23,24,300034,钢研高纳,17.28,4.03,0.67,214825.0,366796485.2,4.58,17.38,16.62,16.71,16.61,2.8,37.24,3.89
24,25,002297,博云新材,6.74,4.01,0.26,82653.0,55239256.3,3.24,6.78,6.57,6.58,6.48,1.44,836.22,1.82
25,26,000688,国城矿业,11.67,4.01,0.45,50931.0,58062486.18,5.26,11.69,11.1,11.17,11.22,0.46,151.7,4.51
26,27,000655,金岭矿业,5.98,4.0,0.23,79637.0,47411578.34,5.74,6.14,5.81,5.89,5.75,1.34,22.28,1.09
27,28,002149,西部材料,14.77,3.94,0.56,115593.0,169066878.92,4.71,14.89,14.22,14.27,14.21,2.37,37.71,2.44
28,29,601168,西部矿业,18.52,3.81,0.68,325739.0,591652104.0,4.71,18.53,17.69,17.84,17.84,1.37,13.62,2.8
29,30,603977,国泰集团,11.47,3.8,0.42,98189.0,111646717.0,4.71,11.55,11.03,11.17,11.05,1.58,26.1,2.25
30,31,002378,章源钨业,6.62,3.76,0.24,139877.0,90936643.04,3.76,6.63,6.39,6.42,6.38,1.17,35.42,3.83
31,32,002182,宝武镁业,10.53,3.74,0.38,133455.0,137055241.32,4.83,10.54,10.05,10.17,10.15,1.71,43.59,1.97
32,33,000960,锡业股份,16.18,3.72,0.58,262687.0,419763354.93,3.85,16.29,15.69,15.8,15.6,1.6,16.65,1.47
33,34,000408,藏格矿业,26.72,3.65,0.94,92374.0,242087292.59,4.03,26.78,25.74,25.87,25.78,0.58,16.28,3.32
34,35,600711,ST盛屯,4.27,3.64,0.15,670264.0,282544987.0,4.37,4.32,4.14,4.15,4.12,2.15,5.96,0.9
35,36,000603,盛达资源,13.25,3.6,0.46,175081.0,228053129.23,5.71,13.32,12.59,12.66,12.79,2.77,55.41,2.89
36,37,002114,罗平锌电,5.52,3.56,0.19,101084.0,55310727.0,3.56,5.55,5.36,5.4,5.33,3.13,374.11,1.73
37,38,002009,天奇股份,12.04,3.53,0.41,105793.0,123977140.12,6.19,12.11,11.39,11.61,11.63,2.64,-30.84,2.33
38,39,002203,海亮股份,8.88,3.5,0.3,108390.0,94381783.09,3.73,8.89,8.57,8.66,8.58,0.56,14.35,1.3
39,40,002167,东方锆业,6.24,3.48,0.21,229894.0,140305795.75,4.98,6.25,5.95,6.03,6.03,3.03,-40.38,3.3
40,41,002266,浙富控股,3.28,3.47,0.11,281947.0,90646515.5,3.79,3.28,3.16,3.2,3.17,0.58,17.66,1.57
41,42,000737,北方铜业,9.46,3.39,0.31,437024.0,406817712.28,4.7,9.49,9.06,9.17,9.15,6.02,18.22,3.24
42,43,000975,山金国际,18.13,3.36,0.59,469328.0,840210536.84,6.5,18.29,17.15,17.31,17.54,1.89,23.41,4.24
43,44,300221,银禧科技,5.84,3.36,0.19,167825.0,96180460.0,4.25,5.85,5.61,5.72,5.65,3.71,53.27,2.08
44,45,300068,南都电源,18.48,3.24,0.58,897099.0,1596898878.68,8.44,18.65,17.14,17.9,17.9,10.81,43.53,2.93
45,46,300073,当升科技,41.64,3.17,1.28,187802.0,762905167.7,4.86,41.72,39.76,40.91,40.36,3.72,36.76,1.62
46,47,000795,英洛华,6.25,3.14,0.19,144297.0,88394421.9,3.96,6.27,6.03,6.06,6.06,1.27,24.33,2.67
47,48,000993,闽东电力,9.11,3.05,0.27,135864.0,124182335.77,6.22,9.5,8.95,9.36,8.84,3.09,38.96,1.72
48,49,002842,翔鹭钨业,5.82,3.01,0.17,42594.0,24717687.56,3.19,5.88,5.7,5.73,5.65,1.97,-77.29,2.13
49,50,601212,白银有色,3.12,2.97,0.09,621466.0,191726447.0,3.63,3.13,3.02,3.07,3.03,0.84,936.3,1.52
50,51,600367,红星发展,10.43,2.96,0.3,40929.0,41947207.0,3.55,10.44,10.08,10.15,10.13,1.27,75.54,1.53
51,52,601069,西部黄金,12.86,2.88,0.36,270995.0,341476501.0,7.68,12.98,12.02,12.36,12.5,3.96,89.12,2.65
52,53,600366,宁波韵升,6.48,2.86,0.18,136818.0,86605002.0,4.6,6.49,6.2,6.29,6.3,1.29,93.47,1.22
53,54,002125,湘潭电化,9.79,2.84,0.27,90708.0,87229076.8,4.41,9.82,9.4,9.59,9.52,1.44,20.02,2.17
54,55,301219,腾远钴业,48.43,2.82,1.33,54318.0,256519579.66,5.24,48.48,46.01,47.18,47.1,3.24,16.73,1.68
55,56,600961,株冶集团,8.4,2.82,0.23,147894.0,122112917.0,3.55,8.4,8.11,8.17,8.17,1.97,12.15,3.62
56,57,002056,横店东磁,13.77,2.76,0.37,99067.0,133359412.48,4.25,13.79,13.22,13.42,13.4,0.61,17.53,2.52
57,58,300618,寒锐钴业,34.58,2.73,0.92,134791.0,451568091.46,6.42,34.8,32.64,33.52,33.66,4.94,85.37,2.03
58,59,601020,华钰矿业,12.09,2.72,0.32,374856.0,449586859.0,3.82,12.16,11.71,11.77,11.77,4.57,45.39,3.05
59,60,000969,安泰科技,9.47,2.71,0.25,156469.0,145786773.05,3.47,9.49,9.17,9.29,9.22,1.53,17.74,1.85
60,61,600330,天通股份,7.01,2.64,0.18,162432.0,111366863.0,4.69,7.03,6.71,6.84,6.83,1.32,54.82,1.08
61,62,300267,尔康制药,2.75,2.61,0.07,273599.0,73975500.1,4.48,2.76,2.64,2.7,2.68,1.92,450.16,1.18
62,63,300409,道氏技术,11.8,2.61,0.3,135072.0,156073557.2,4.52,11.84,11.32,11.6,11.5,2.77,31.01,1.28
63,64,002155,湖南黄金,16.54,2.61,0.42,338340.0,552037476.98,4.96,16.6,15.8,16.13,16.12,2.82,22.69,3.06
64,65,601899,紫金矿业,17.67,2.49,0.43,1554671.0,2727770061.0,4.0,17.77,17.08,17.36,17.24,0.76,15.57,3.76
65,66,300340,科恒股份,9.13,2.47,0.22,58759.0,52741333.36,4.94,9.18,8.74,8.91,8.91,3.13,-20.74,12.5
66,67,600490,鹏欣资源,2.93,2.45,0.07,409059.0,118246526.0,3.5,2.94,2.84,2.88,2.86,2.05,-67.92,1.06
67,68,000751,锌业股份,2.95,2.43,0.07,137452.0,40273084.36,2.78,2.97,2.89,2.92,2.88,0.97,75.72,1.34
68,69,601390,中国中铁,6.75,2.43,0.16,2268370.0,1530916547.0,4.4,6.89,6.6,6.68,6.59,1.11,5.85,0.57
69,70,002392,北京利尔,3.83,2.41,0.09,152006.0,57207693.0,4.01,3.83,3.68,3.75,3.74,1.82,10.71,0.85
70,71,002738,中矿资源,33.23,2.4,0.78,120777.0,393760856.22,3.67,33.26,32.07,32.51,32.45,1.68,25.64,2.04
71,72,601669,中国电建,5.67,2.35,0.13,1783879.0,1007388984.0,3.25,5.75,5.57,5.65,5.54,1.36,7.7,0.72
72,73,603399,永杉锂业,7.08,2.31,0.16,88253.0,61676588.0,3.03,7.09,6.88,6.93,6.92,1.72,27.31,2.02
73,74,600392,盛和资源,9.64,2.23,0.21,193812.0,183624148.0,3.61,9.65,9.31,9.45,9.43,1.11,-123.31,2.05
74,75,600497,驰宏锌锗,5.62,2.18,0.12,718525.0,400448615.0,2.36,5.63,5.5,5.53,5.5,1.41,15.85,1.8
75,76,601618,中国中冶,3.38,2.11,0.07,1660986.0,560271793.0,3.63,3.44,3.32,3.35,3.31,0.93,8.44,0.71
76,77,600338,西藏珠峰,10.72,2.1,0.22,247522.0,261795034.0,4.76,10.81,10.31,10.52,10.5,2.71,38.29,2.82
77,78,002225,濮耐股份,3.92,2.08,0.08,107779.0,42062644.75,2.86,3.95,3.84,3.84,3.84,1.31,14.87,1.18
78,79,002560,通达股份,5.97,2.05,0.12,67560.0,40046318.41,2.22,5.98,5.85,5.9,5.85,1.49,42.67,1.21
79,80,000009,中国宝安,9.04,2.03,0.18,178847.0,158758246.05,3.84,9.08,8.74,8.9,8.86,0.7,59.54,2.34
80,81,600362,江西铜业,23.4,2.01,0.46,173434.0,402082531.0,2.48,23.45,22.88,22.96,22.94,0.84,11.2,1.09
81,82,000657,中钨高新,9.17,2.0,0.18,219260.0,197765310.6,4.12,9.19,8.82,9.02,8.99,1.76,43.6,2.22
82,83,600549,厦门钨业,19.9,2.0,0.39,122113.0,240191765.0,2.72,19.94,19.41,19.54,19.51,0.86,13.88,2.42
83,84,000962,东方钽业,11.93,1.97,0.23,91835.0,108478112.46,2.99,11.98,11.63,11.74,11.7,1.85,26.86,2.39
84,85,600459,贵研铂业,14.06,1.88,0.26,55634.0,77303278.0,2.61,14.07,13.71,13.81,13.8,0.74,16.84,1.56
85,86,600206,有研新材,10.82,1.88,0.2,174961.0,184366389.0,5.18,10.85,10.3,10.62,10.62,2.07,112.09,2.41
86,87,000758,中色股份,4.94,1.86,0.09,342111.0,167986259.6,3.09,4.97,4.82,4.91,4.85,1.74,15.64,1.76
87,88,603045,福达合金,11.48,1.77,0.2,34089.0,38728211.0,3.1,11.53,11.18,11.29,11.28,2.52,21.28,1.62
88,89,300919,中伟股份,38.43,1.72,0.65,96705.0,366255527.87,5.82,39.2,37.0,38.8,37.78,1.06,20.84,1.8
89,90,688005,容百科技,27.06,1.69,0.45,90454.0,239393599.0,5.19,27.2,25.82,26.98,26.61,2.87,635.87,1.56
90,91,600259,广晟有色,28.2,1.66,0.46,29730.0,82662938.0,3.42,28.25,27.3,27.75,27.74,0.9,-15.73,2.83
91,92,601106,中国一重,3.12,1.63,0.05,605677.0,187845186.0,3.58,3.15,3.04,3.09,3.07,0.88,-61.81,2.47
92,93,600868,梅雁吉祥,2.07,1.47,0.03,161816.0,33278127.0,3.43,2.09,2.02,2.05,2.04,0.85,162.02,1.71
93,94,000629,钒钛股份,2.76,1.47,0.04,695138.0,189700846.01,3.31,2.77,2.68,2.74,2.72,0.76,93.42,2.08
94,95,000816,智慧农业,2.23,1.36,0.03,206039.0,45640901.26,2.73,2.25,2.19,2.2,2.2,1.43,96.35,1.52
95,96,002340,格林美,6.77,1.35,0.09,802475.0,537717612.61,2.69,6.79,6.61,6.67,6.68,1.57,24.76,1.78
96,97,002716,湖南白银,3.27,1.24,0.04,436280.0,141212695.9,3.72,3.29,3.17,3.2,3.23,1.97,79.42,2.9
97,98,600116,三峡水利,7.44,1.22,0.09,112689.0,83149493.0,2.04,7.46,7.31,7.35,7.35,0.59,31.06,1.28
98,99,600010,包钢股份,1.67,1.21,0.02,2099775.0,349620021.0,1.82,1.68,1.65,1.66,1.65,0.67,350.72,1.46
99,100,002460,赣锋锂业,31.98,1.2,0.38,245845.0,773767401.6,4.02,32.09,30.82,31.61,31.6,2.03,-42.42,1.46
100,101,601958,金钼股份,11.41,1.15,0.13,232968.0,263951893.0,2.75,11.47,11.16,11.28,11.28,0.72,12.22,2.36
101,102,000060,中金岭南,4.88,1.04,0.05,380941.0,184709977.78,2.48,4.9,4.78,4.84,4.83,1.02,16.83,1.39
102,103,000970,中科三环,9.24,0.98,0.09,111469.0,101971974.4,2.84,9.27,9.01,9.21,9.15,0.92,-77.64,1.74
103,104,000831,中国稀土,26.2,0.96,0.25,152508.0,395833745.52,3.39,26.38,25.5,25.95,25.95,1.44,-56.88,6.14
104,105,600111,北方稀土,20.05,0.75,0.15,315750.0,627707437.0,3.02,20.16,19.56,19.9,19.9,0.87,798.33,3.37
105,106,600058,五矿发展,7.18,0.14,0.01,99033.0,70932111.0,2.37,7.24,7.07,7.22,7.17,0.92,75.82,1.56
106,107,300224,正海磁材,10.26,0.1,0.01,126580.0,127633615.39,3.8,10.27,9.88,10.2,10.25,1.55,33.35,2.37
107,108,000622,*ST恒立,1.51,0.0,0.0,88834.0,13461327.0,5.3,1.55,1.47,1.52,1.51,2.09,-27.6,3.75
108,109,000506,*ST中润,,,,,,,,,,1.45,0.0,-12.26,2.12
109,110,000778,新兴铸管,4.05,-0.98,-0.04,776770.0,311733250.94,4.16,4.1,3.93,4.1,4.09,1.99,18.89,0.63
110,111,000850,华茂股份,4.51,-2.8,-0.13,288153.0,129128013.31,6.03,4.66,4.38,4.58,4.64,3.05,104.63,1.0
