,序号,代码,名称,最新价,涨跌幅,涨跌额,成交量,成交额,振幅,最高,最低,今开,昨收,换手率,市盈率-动态,市净率
0,1,600463,空港股份,10.75,5.91,0.6,119595,125766530.0,6.9,10.88,10.18,10.27,10.15,3.99,-30.04,3.12
1,2,300189,神农种业,2.78,5.7,0.15,540245,147872616.4,9.13,2.85,2.61,2.63,2.63,6.1,-90.32,3.77
2,3,600683,京投发展,4.49,5.15,0.22,257274,115235074.0,5.15,4.6,4.38,4.52,4.27,3.47,-11.66,2.2
3,4,002679,福建金森,7.78,5.14,0.38,41216,31703728.0,4.59,7.85,7.51,7.55,7.4,1.75,-24.34,2.56
4,5,002431,棕榈股份,1.9,4.97,0.09,278229,52488268.13,5.52,1.94,1.84,1.88,1.81,1.56,-4.74,1.2
5,6,600675,中华企业,2.99,4.55,0.13,330406,96836899.0,4.55,3.0,2.87,2.92,2.86,0.55,-25.69,1.26
6,7,300021,大禹节水,3.92,4.53,0.17,152317,58727257.18,4.53,3.94,3.77,3.82,3.75,2.17,88.72,1.8
7,8,600506,统一股份,12.94,4.52,0.56,69727,89543280.0,4.12,13.06,12.55,12.8,12.38,4.72,54.81,5.86
8,9,000736,中交地产,11.13,4.41,0.47,391740,431881303.28,4.22,11.25,10.8,11.19,10.66,5.63,-4.23,7.76
9,10,600094,大名城,3.86,4.32,0.16,272357,103716107.0,3.78,3.87,3.73,3.81,3.7,1.2,32.84,0.76
10,11,600708,光明地产,2.32,4.04,0.09,427397,97996628.0,4.04,2.34,2.25,2.32,2.23,1.92,313.7,0.48
11,12,000735,罗 牛 山,5.61,3.89,0.21,226864,125016301.2,4.44,5.64,5.4,5.46,5.4,1.97,11.77,1.52
12,13,600057,厦门象屿,6.16,3.7,0.22,232702,140719932.0,4.21,6.19,5.94,5.97,5.94,1.06,8.98,1.08
13,14,002403,爱仕达,7.39,3.65,0.26,62410,45301286.0,4.07,7.4,7.11,7.16,7.13,2.1,-353.9,1.51
14,15,000797,中国武夷,3.09,3.34,0.1,476580,145786238.35,3.68,3.11,3.0,3.07,2.99,3.04,12.09,0.91
15,16,300175,朗源股份,5.47,3.21,0.17,140557,75707174.0,3.96,5.49,5.28,5.36,5.3,2.99,-59.16,4.49
16,17,600149,廊坊发展,3.99,3.1,0.12,73576,29149646.0,3.62,4.03,3.89,3.93,3.87,1.94,794.46,10.24
17,18,000663,永安林业,5.32,3.1,0.16,67606,35821882.0,2.91,5.37,5.22,5.24,5.16,2.21,-43.63,1.66
18,19,600510,黑牡丹,4.74,2.82,0.13,164969,77553796.0,4.12,4.8,4.61,4.76,4.61,1.6,44.65,0.49
19,20,002157,正邦科技,2.96,2.78,0.08,563243,164471618.54,2.78,2.96,2.88,2.9,2.88,0.94,-107.94,2.55
20,21,600692,亚通股份,5.92,2.6,0.15,121746,71647943.0,2.95,5.97,5.8,5.93,5.77,4.77,79.47,2.21
21,22,601996,丰林集团,1.98,2.59,0.05,106595,20850944.0,3.63,1.99,1.92,1.95,1.93,0.95,158.03,0.81
22,23,000620,新华联,1.64,2.5,0.04,373845,60920737.26,3.75,1.66,1.6,1.64,1.6,0.9,99.26,1.77
23,24,601118,海南橡胶,5.82,2.46,0.14,289612,167013616.0,3.35,5.87,5.68,5.73,5.68,0.68,-42.0,2.67
24,25,600126,杭钢股份,4.09,2.25,0.09,213653,86139197.0,3.5,4.1,3.96,4.0,4.0,0.63,-189.54,0.69
25,26,000911,广农糖业,7.21,2.12,0.15,49161,35089240.91,2.83,7.25,7.05,7.11,7.06,1.52,95.85,25.76
26,27,000523,红棉股份,2.89,2.12,0.06,127600,36522116.03,2.83,2.9,2.82,2.85,2.83,0.71,70.72,3.67
27,28,600359,新农开发,6.43,2.06,0.13,41673,26666123.0,2.86,6.48,6.3,6.31,6.3,1.09,22.9,3.52
28,29,000009,中国宝安,9.04,2.03,0.18,178765,158684114.05,3.84,9.08,8.74,8.9,8.86,0.7,59.54,2.34
29,30,002185,华天科技,9.67,2.0,0.19,729228,688140026.57,5.38,9.71,9.2,9.48,9.48,2.28,69.56,1.93
30,31,600748,上实发展,3.14,1.95,0.06,197765,61870293.0,5.84,3.23,3.05,3.14,3.08,1.07,-16.4,0.59
31,32,600493,凤竹纺织,4.74,1.94,0.09,37539,17634207.0,3.01,4.76,4.62,4.65,4.65,1.38,106.89,1.19
32,33,300158,振东制药,4.3,1.9,0.08,202492,85250991.68,4.27,4.3,4.12,4.26,4.22,2.02,70.5,0.85
33,34,600108,亚盛集团,2.69,1.89,0.05,149878,39853704.0,2.65,2.69,2.62,2.65,2.64,0.77,89.39,1.25
34,35,000055,方大集团,3.88,1.84,0.07,57285,22110206.36,1.84,3.89,3.82,3.82,3.81,0.85,17.84,0.69
35,36,600598,北大荒,14.23,1.79,0.25,152838,215875873.0,2.43,14.29,13.95,14.09,13.98,0.86,12.86,3.29
36,37,002016,世荣兆业,7.46,1.63,0.12,62486,46264632.4,3.54,7.53,7.27,7.48,7.34,0.77,109.85,1.26
37,38,000726,鲁  泰Ａ,6.21,1.47,0.09,58524,36083376.09,2.29,6.23,6.09,6.13,6.12,0.99,14.97,0.55
38,39,600515,海南机场,3.47,1.46,0.05,407066,140735146.0,2.05,3.49,3.42,3.45,3.42,0.44,68.48,1.71
39,40,601952,苏垦农发,10.04,1.41,0.14,97334,96776643.0,2.53,10.07,9.82,9.94,9.9,0.71,23.45,2.12
40,41,600626,申达股份,3.71,1.37,0.05,146575,53471889.0,5.19,3.78,3.59,3.78,3.66,1.72,45.2,1.51
41,42,002556,辉隆股份,5.19,1.17,0.06,65435,33717162.74,2.53,5.21,5.08,5.12,5.13,0.7,13.98,1.35
42,43,600189,泉阳泉,7.93,1.15,0.09,88898,69925365.0,4.08,8.04,7.72,7.79,7.84,1.24,137.14,4.67
43,44,002170,芭田股份,6.45,1.1,0.07,95817,61282388.05,3.76,6.49,6.25,6.42,6.38,1.35,19.13,2.22
44,45,600811,东方集团,1.74,0.0,0.0,1567904,268233362.0,4.6,1.76,1.68,1.7,1.74,4.29,34.69,0.38
45,46,002321,华英农业,1.83,-0.54,-0.01,209870,38242572.0,4.35,1.87,1.79,1.83,1.84,0.99,108.75,3.88
46,47,600759,洲际油气,2.45,-1.61,-0.04,254013,61947146.0,2.81,2.48,2.41,2.46,2.49,0.61,46.6,1.23
47,48,000850,华茂股份,4.5,-3.02,-0.14,288075,129092835.31,6.03,4.66,4.38,4.58,4.64,3.05,104.4,1.0
