,序号,代码,名称,最新价,涨跌幅,涨跌额,成交量,成交额,振幅,最高,最低,今开,昨收,换手率,市盈率-动态,市净率
0,1,300114,中航电测,69.67,20.0,11.61,657635,4505059951.12,10.11,69.67,63.8,63.8,58.06,11.13,244.94,16.64
1,2,000617,中油资本,9.32,10.04,0.85,8892266,8162760771.62,7.56,9.32,8.68,9.0,8.47,7.03,19.35,1.15
2,3,002423,中粮资本,17.91,10.01,1.63,1505828,2694663720.47,3.69,17.91,17.31,17.91,16.28,6.54,17.57,1.94
3,4,003042,中农联合,14.42,9.99,1.31,47286,67809445.0,8.01,14.42,13.37,13.37,13.11,3.71,-31.53,1.42
4,5,300425,中建环能,5.6,9.16,0.47,793193,432693282.17,11.31,5.82,5.24,5.29,5.13,11.7,74.84,1.65
5,6,300847,中船汉光,19.39,7.66,1.38,240032,458517945.84,11.49,19.99,17.92,17.92,18.01,8.11,46.95,4.25
6,7,300374,中铁装配,19.42,7.59,1.37,418107,799211531.0,16.45,20.46,17.49,17.49,18.05,20.55,-48.86,5.57
7,8,601600,中国铝业,9.12,7.04,0.6,3474463,3132065738.0,5.87,9.22,8.72,8.72,8.52,2.65,11.15,2.43
8,9,601598,中国外运,5.66,6.99,0.37,802238,440864865.0,6.81,5.69,5.33,5.51,5.29,1.53,10.61,1.07
9,10,000519,中兵红箭,15.03,6.22,0.88,608322,901297738.12,4.38,15.12,14.5,14.6,14.15,4.37,234.72,2.01
10,11,000099,中信海直,17.8,5.95,1.0,450244,782739735.02,6.43,17.88,16.8,16.8,16.8,5.8,52.15,2.67
11,12,601668,中国建筑,6.38,5.45,0.33,5445105,3441634707.0,4.79,6.47,6.18,6.18,6.05,1.32,4.51,0.61
12,13,601319,中国人保,7.37,4.69,0.33,1371900,991951359.0,4.69,7.38,7.05,7.14,7.04,0.39,7.18,1.29
13,14,600705,中航产融,3.69,4.53,0.16,2664236,961384451.0,9.92,3.8,3.45,3.72,3.53,3.03,68.77,0.89
14,15,601611,中国核建,8.56,4.52,0.37,387863,327982582.0,4.03,8.59,8.26,8.26,8.19,1.29,13.5,1.32
15,16,873122,中纺标,56.75,4.49,2.44,32361,181584630.02,13.07,58.0,50.9,50.92,54.31,9.49,422.27,15.79
16,17,002401,中远海科,17.0,4.42,0.72,76571,127087703.16,4.79,17.03,16.25,16.28,16.28,2.07,28.27,3.82
17,18,000736,中交地产,11.13,4.41,0.47,391740,431881303.28,4.22,11.25,10.8,11.19,10.66,5.63,-4.23,7.76
18,19,688128,中国电研,20.15,4.4,0.85,47064,91962430.0,5.85,20.28,19.15,19.26,19.3,1.16,20.72,2.77
19,20,600737,中粮糖业,10.7,4.29,0.44,517405,543480572.0,4.87,10.76,10.26,10.3,10.26,2.42,13.27,2.11
20,21,600862,中航高科,21.89,4.24,0.89,159790,344499757.0,4.19,21.94,21.06,21.37,21.0,1.15,25.26,4.67
21,22,600428,中远海特,6.75,4.17,0.27,333894,220415444.0,4.78,6.77,6.46,6.51,6.48,1.56,9.93,1.23
22,23,600720,中交设计,9.84,4.13,0.39,126406,121723336.0,4.87,9.87,9.41,9.49,9.45,1.63,16.17,1.64
23,24,601800,中国交建,10.92,4.0,0.42,2052720,2230029107.0,9.05,11.2,10.25,10.4,10.5,1.75,7.8,0.65
24,25,600088,中视传媒,15.75,3.89,0.59,81598,125211559.0,5.41,15.78,14.96,15.2,15.16,2.05,-169.89,5.14
25,26,601698,中国卫通,16.88,3.88,0.63,257792,429034891.0,4.0,16.96,16.31,16.35,16.25,0.61,87.72,4.57
26,27,601601,中国太保,38.68,3.87,1.44,410542,1563705038.0,4.83,38.85,37.05,37.7,37.24,0.6,7.4,1.39
27,28,601186,中国铁建,9.69,3.86,0.36,2084426,2022337107.0,7.72,10.09,9.37,9.37,9.33,1.81,5.53,0.51
28,29,000777,中核科技,15.92,3.78,0.58,98846,154827874.58,4.17,15.98,15.34,15.34,15.34,2.58,40.5,3.08
29,30,000951,中国重汽,16.68,3.73,0.6,125712,206266012.97,5.04,16.77,15.96,16.12,16.08,1.07,15.84,1.32
30,31,000151,中成股份,13.04,3.66,0.46,255192,325434799.44,10.49,13.38,12.06,12.38,12.58,8.29,-21.21,7.88
31,32,601898,中煤能源,14.37,3.53,0.49,282371,400855852.0,5.98,14.51,13.68,13.95,13.88,0.31,9.73,1.29
32,33,601728,中国电信,6.52,3.49,0.22,1849552,1187294029.0,3.49,6.54,6.32,6.33,6.3,0.91,13.68,1.31
33,34,601117,中国化学,8.23,3.26,0.26,798281,647174213.0,3.76,8.25,7.95,8.03,7.97,1.32,8.86,0.83
34,35,301516,中远通,19.22,3.22,0.6,122455,231047826.46,5.96,19.36,18.25,18.25,18.62,18.75,-146.19,3.84
35,36,601766,中国中车,8.31,3.1,0.25,1478334,1215794236.0,3.35,8.34,8.07,8.07,8.06,0.61,28.39,1.49
36,37,301508,中机认检,38.45,3.08,1.15,80367,306519159.19,5.66,39.1,36.99,36.99,37.3,17.77,63.72,4.64
37,38,600118,中国卫星,25.53,3.03,0.75,135666,341305526.0,3.83,25.56,24.61,24.85,24.78,1.15,1775.55,4.79
38,39,000798,中水渔业,7.14,2.88,0.2,51817,36672666.27,3.75,7.18,6.92,6.99,6.94,1.42,18.48,4.94
39,40,000881,中广核技,6.95,2.81,0.19,80285,55090717.84,3.55,6.98,6.74,6.76,6.76,1.02,-37.95,1.19
40,41,601628,中国人寿,43.9,2.81,1.2,165507,718261832.0,4.1,44.12,42.37,43.9,42.7,0.08,16.21,2.51
41,42,601988,中国银行,5.16,2.79,0.14,3088929,1585050617.0,2.39,5.18,5.06,5.07,5.02,0.15,6.4,0.66
42,43,002051,中工国际,8.25,2.74,0.22,168079,136948109.25,3.49,8.27,7.99,8.11,8.03,1.36,18.78,0.9
43,44,600050,中国联通,5.27,2.73,0.14,1873663,974649643.0,2.92,5.29,5.14,5.15,5.13,0.61,13.88,1.02
44,45,000928,中钢国际,6.44,2.55,0.16,561409,359101964.37,4.14,6.52,6.26,6.49,6.28,3.91,11.01,1.16
45,46,600007,中国国贸,24.38,2.52,0.6,50827,122530289.0,4.21,24.61,23.61,24.3,23.78,0.5,17.86,2.71
46,47,600528,中铁工业,8.16,2.51,0.2,252684,205010975.0,3.27,8.22,7.96,7.96,7.96,1.14,9.7,0.78
47,48,601390,中国中铁,6.75,2.43,0.16,2266074,1529365431.0,4.4,6.89,6.6,6.68,6.59,1.11,5.85,0.57
48,49,603126,中材节能,5.94,2.41,0.14,102738,60378986.0,3.45,5.96,5.76,5.89,5.8,1.68,54.92,1.75
49,50,000066,中国长城,9.83,2.4,0.23,455084,436699387.46,4.79,9.85,9.39,9.6,9.6,1.45,-37.61,2.59
50,51,601318,中国平安,58.91,2.38,1.37,934719,5459200598.0,2.94,59.24,57.55,58.39,57.54,0.87,7.19,1.15
51,52,601669,中国电建,5.67,2.35,0.13,1779275,1004779116.0,3.25,5.75,5.57,5.65,5.54,1.36,7.7,0.72
52,53,600764,中国海防,26.26,2.34,0.6,73437,191977438.0,5.34,26.57,25.2,25.66,25.66,1.03,123.8,2.29
53,54,600970,中材国际,10.96,2.33,0.25,146837,159782360.0,3.83,11.09,10.68,10.8,10.71,0.84,10.35,1.48
54,55,688009,中国通号,6.58,2.33,0.15,412620,267509458.0,4.04,6.62,6.36,6.51,6.43,0.48,21.79,1.59
55,56,601949,中国出版,6.66,2.3,0.15,135350,88327950.0,3.99,6.68,6.42,6.51,6.51,0.74,40.61,1.35
56,57,002057,中钢天源,7.18,2.28,0.16,92793,66098265.0,2.99,7.23,7.02,7.16,7.02,1.24,26.53,1.78
57,58,300962,中金辐照,16.25,2.27,0.36,53765,86321423.09,4.15,16.41,15.75,15.9,15.89,2.04,33.55,4.59
58,59,600941,中国移动,111.01,2.25,2.44,140805,1553394672.0,3.46,111.7,107.94,107.94,108.57,1.86,14.86,1.77
59,60,600328,中盐化工,8.29,2.22,0.18,155386,127065924.0,2.84,8.3,8.07,8.18,8.11,1.06,13.84,1.03
60,61,600685,中船防务,26.21,2.18,0.56,129066,337603910.0,3.31,26.55,25.7,26.05,25.65,1.57,126.15,2.02
61,62,003816,中国广核,4.32,2.13,0.09,1584800,681664277.9,3.78,4.36,4.2,4.24,4.23,0.4,15.34,1.89
62,63,601618,中国中冶,3.38,2.11,0.07,1658315,559369005.0,3.63,3.44,3.32,3.35,3.31,0.93,8.44,0.71
63,64,000009,中国宝安,9.04,2.03,0.18,178765,158684114.05,3.84,9.08,8.74,8.9,8.86,0.7,59.54,2.34
64,65,600916,中国黄金,9.06,2.03,0.18,251151,224229809.0,3.27,9.09,8.8,8.88,8.88,1.49,12.81,2.11
65,66,601179,中国西电,8.14,2.01,0.16,584720,467955128.0,4.39,8.17,7.82,7.99,7.98,1.14,46.12,1.9
66,67,600482,中国动力,23.99,2.0,0.47,251125,606950411.0,4.55,24.6,23.53,23.98,23.52,1.13,55.99,1.41
67,68,601068,中铝国际,4.77,1.92,0.09,370859,175308431.0,6.84,4.9,4.58,4.66,4.68,1.45,45.65,5.83
68,69,000927,中国铁物,2.66,1.92,0.05,395675,104301367.87,2.68,2.67,2.6,2.62,2.61,0.65,29.13,1.76
69,70,002080,中材科技,12.28,1.91,0.23,135852,164914346.7,2.99,12.3,11.94,12.05,12.05,0.81,22.17,1.14
70,71,000758,中色股份,4.94,1.86,0.09,341935,167899304.6,3.09,4.97,4.82,4.91,4.85,1.74,15.64,1.76
71,72,301215,中汽股份,6.25,1.79,0.11,244373,150618236.05,3.42,6.26,6.05,6.16,6.14,3.18,55.96,2.96
72,73,601868,中国能建,2.35,1.73,0.04,3744548,875798942.0,3.46,2.38,2.3,2.33,2.31,1.15,17.61,0.95
73,74,601106,中国一重,3.12,1.63,0.05,600525,186238245.0,3.58,3.15,3.04,3.09,3.07,0.88,-61.81,2.47
74,75,603860,中公高科,29.63,1.47,0.43,58651,172753570.0,4.93,30.35,28.91,28.91,29.2,8.8,-194.6,2.62
75,76,601919,中远海控,14.93,1.43,0.21,841065,1252541606.0,2.04,15.02,14.72,14.77,14.72,0.66,7.06,1.13
76,77,688119,中钢洛耐,3.87,1.31,0.05,52181,20004163.0,3.4,3.89,3.76,3.8,3.82,0.91,-391.45,1.43
77,78,600489,中金黄金,14.32,1.27,0.18,573191,818901099.0,4.1,14.59,14.01,14.23,14.14,1.18,19.92,2.71
78,79,600536,中国软件,40.51,1.25,0.5,340810,1348430252.0,5.4,40.71,38.55,40.03,40.01,4.04,-63.16,15.46
79,80,001213,中铁特货,4.18,1.21,0.05,215786,89599805.0,2.18,4.19,4.1,4.15,4.13,0.49,20.55,0.99
80,81,000839,中信国安,2.61,1.16,0.03,342028,88448392.24,2.33,2.62,2.56,2.6,2.58,0.87,32.56,8.63
81,82,601985,中国核电,10.78,1.13,0.12,1120316,1206186535.0,2.63,10.86,10.58,10.66,10.66,0.59,17.3,2.21
82,83,600028,中国石化,6.82,1.04,0.07,1350772,920064079.0,2.52,6.9,6.73,6.88,6.75,0.14,11.62,1.0
83,84,000831,中国稀土,26.2,0.96,0.25,152303,395296623.52,3.39,26.38,25.5,25.95,25.95,1.44,-56.88,6.14
84,85,601989,中国重工,5.4,0.93,0.05,1506690,812299538.0,3.36,5.49,5.31,5.41,5.35,0.66,115.63,1.47
85,86,600977,中国电影,11.11,0.91,0.1,103882,114030587.0,2.82,11.12,10.81,11.0,11.01,0.56,50.78,1.86
86,87,600056,中国医药,11.17,0.81,0.09,147143,162821497.0,2.62,11.2,10.91,11.08,11.08,0.98,25.7,1.44
87,88,002189,中光学,21.87,0.74,0.16,151831,322139258.58,7.05,21.99,20.46,21.99,21.71,5.81,210.97,5.14
88,89,600787,中储股份,5.19,0.58,0.03,199392,102697583.0,2.52,5.21,5.08,5.19,5.16,0.92,14.95,0.82
89,90,002116,中国海诚,10.39,0.58,0.06,190237,194386412.74,4.07,10.43,10.01,10.2,10.33,4.19,17.27,2.08
90,91,600938,中国海油,30.24,0.57,0.17,371527,1122140337.0,2.23,30.58,29.91,30.1,30.07,1.31,9.01,2.0
91,92,600176,中国巨石,10.91,0.46,0.05,298851,324018545.0,3.59,11.09,10.7,10.95,10.86,0.75,22.72,1.53
92,93,601857,中国石油,8.74,0.46,0.04,1384505,1211323697.0,2.53,8.84,8.62,8.7,8.7,0.09,9.03,1.07
93,94,601965,中国汽研,18.72,0.43,0.08,61418,112582052.0,4.08,18.76,18.0,18.7,18.64,0.62,23.41,2.83
94,95,601088,中国神华,42.78,0.42,0.18,260624,1114234456.0,3.83,43.55,41.92,42.4,42.6,0.16,14.4,2.14
95,96,600158,中体产业,7.85,0.38,0.03,118184,91786056.0,2.94,7.87,7.64,7.84,7.82,1.23,165.79,2.87
96,97,600026,中远海能,14.11,0.28,0.04,275185,386866636.0,3.06,14.28,13.85,14.1,14.07,0.79,12.91,1.89
97,98,600150,中国船舶,40.56,0.2,0.08,589877,2402236531.0,3.83,41.58,40.03,40.69,40.48,1.32,64.22,3.72
98,99,601858,中国科传,20.49,0.15,0.03,121791,241153621.0,5.77,20.62,19.44,19.98,20.46,1.54,57.93,3.07
99,100,601888,中国中免,71.63,0.0,0.0,273025,1916862089.0,5.17,72.51,68.81,71.6,71.63,1.4,22.57,2.75
100,101,600339,中油工程,3.58,0.0,0.0,539957,191969583.0,3.07,3.61,3.5,3.58,3.58,0.97,18.95,0.76
101,102,301058,中粮科工,13.13,-0.15,-0.02,549197,699989328.95,14.3,13.88,12.0,12.84,13.15,10.72,40.77,3.38
102,103,601111,中国国航,7.04,-0.71,-0.05,615169,430716821.0,2.96,7.13,6.92,7.1,7.09,0.53,-20.99,3.19
103,104,000930,中粮科技,5.89,-1.01,-0.06,556961,322999175.16,7.23,6.09,5.66,5.8,5.95,3.0,89.08,1.05
104,105,601881,中国银河,14.68,-5.11,-0.79,1838538,2653241026.0,7.63,15.15,13.97,15.01,15.47,2.54,18.29,1.54
