,序号,代码,名称,最新价,涨跌幅,涨跌额,成交量,成交额,振幅,最高,最低,今开,昨收,换手率,市盈率-动态,市净率
0,1,300865,大宏立,19.79,20.01,3.3,46187.0,86121101.5,19.95,19.79,16.5,16.96,16.49,6.82,85.9,2.17
1,2,002094,青岛金王,3.26,10.14,0.3,1219659.0,388777766.39,8.45,3.26,3.01,3.26,2.96,17.66,27.75,1.52
2,3,002480,新筑股份,4.47,10.1,0.41,201910.0,87185440.06,9.11,4.47,4.1,4.18,4.06,2.63,-9.42,2.77
3,4,002512,达华智能,4.58,10.1,0.42,1056551.0,473371521.54,11.3,4.58,4.11,4.16,4.16,10.08,1271.37,11.31
4,5,000514,渝 开 发,4.49,10.05,0.41,960059.0,425796634.55,4.66,4.49,4.3,4.49,4.08,11.38,-57.58,1.02
5,6,000617,中油资本,9.32,10.04,0.85,8892708.0,8163172715.62,7.56,9.32,8.68,9.0,8.47,7.03,19.35,1.15
6,7,605158,华达新材,9.0,10.02,0.82,133767.0,117843083.0,7.82,9.0,8.36,8.53,8.18,2.62,14.74,1.85
7,8,003001,中岩大地,25.48,10.02,2.32,60006.0,148074125.31,10.32,25.48,23.09,23.65,23.16,8.2,79.91,2.79
8,9,002302,西部建设,7.26,10.0,0.66,1138133.0,808977709.08,8.03,7.26,6.73,6.86,6.6,9.02,814.09,1.0
9,10,301027,华蓝集团,9.95,9.7,0.88,120083.0,115671173.3,7.94,9.98,9.26,9.38,9.07,10.16,-35.61,1.56
10,11,300542,新晨科技,20.16,9.03,1.67,401971.0,779646066.98,11.03,20.44,18.4,19.7,18.49,16.31,-210.26,9.47
11,12,300212,易华录,27.64,8.82,2.24,481878.0,1276592749.78,10.79,27.88,25.14,25.4,25.4,6.9,-27.01,6.17
12,13,002668,TCL智家,11.62,8.8,0.94,395073.0,439756194.37,10.58,11.65,10.52,10.64,10.68,3.64,11.26,6.43
13,14,002037,保利联合,8.19,8.48,0.64,319968.0,256664930.66,9.01,8.28,7.6,7.61,7.55,6.61,-38.1,2.08
14,15,600039,四川路桥,7.32,8.28,0.56,863296.0,619781852.0,4.88,7.35,7.02,7.14,6.76,1.29,9.98,1.45
15,16,300374,中铁装配,19.46,7.81,1.41,418529.0,800031769.0,16.45,20.46,17.49,17.49,18.05,20.57,-48.96,5.58
16,17,002281,光迅科技,32.97,7.75,2.37,374793.0,1198216818.04,8.95,33.26,30.52,30.57,30.6,4.85,62.73,3.08
17,18,300447,全信股份,14.14,7.69,1.01,82727.0,114121795.06,7.08,14.18,13.25,13.25,13.13,4.11,51.76,2.17
18,19,300732,设研院,8.13,7.68,0.58,172561.0,136511499.66,7.55,8.2,7.63,7.68,7.55,5.33,-15.07,0.97
19,20,300407,凯发电气,12.01,7.62,0.85,199220.0,235816369.23,9.86,12.5,11.4,11.52,11.16,8.16,43.51,2.18
20,21,000901,航天科技,10.91,7.49,0.76,473723.0,500737354.99,6.31,10.92,10.28,10.35,10.15,5.93,1107.02,2.09
21,22,002843,泰嘉股份,16.21,7.35,1.11,202061.0,313806528.32,12.91,16.37,14.42,14.94,15.1,8.08,37.66,2.95
22,23,300986,志特新材,11.2,7.18,0.75,39660.0,42788248.39,9.09,11.25,10.3,10.43,10.45,1.61,182.28,2.09
23,24,002205,国统股份,8.27,7.12,0.55,105724.0,85045396.78,8.42,8.44,7.79,7.8,7.72,5.69,-16.58,2.63
24,25,300808,久量股份,18.63,7.07,1.23,38587.0,70457011.24,8.56,18.9,17.41,17.7,17.4,3.67,-460.71,2.92
25,26,601598,中国外运,5.66,6.99,0.37,802740.0,441148702.0,6.81,5.69,5.33,5.51,5.29,1.53,10.61,1.07
26,27,603153,上海建科,18.79,6.94,1.22,130891.0,244498027.0,4.04,19.0,18.29,18.5,17.57,9.7,49.96,2.26
27,28,300213,佳讯飞鸿,7.6,6.74,0.48,293988.0,215615268.1,7.44,7.63,7.1,7.13,7.12,5.33,84.91,2.04
28,29,003002,壶化股份,20.23,6.7,1.27,71726.0,138995801.0,9.12,20.3,18.57,19.0,18.96,3.92,32.35,3.14
29,30,835579,机科股份,15.65,6.61,0.97,26939.0,40675755.4,8.45,15.74,14.5,14.96,14.68,6.04,146.62,3.93
30,31,300795,米奥会展,16.25,6.56,1.0,21434.0,33432186.39,8.07,16.38,15.15,15.38,15.25,1.61,45.8,6.72
31,32,601975,招商南油,3.35,6.35,0.2,1452445.0,475133557.0,5.4,3.37,3.2,3.21,3.15,3.02,6.59,1.59
32,33,600575,淮河能源,3.86,6.34,0.23,369632.0,137990237.0,7.16,3.88,3.62,3.65,3.63,0.95,13.04,1.34
33,34,000159,国际实业,6.73,6.32,0.4,177188.0,116219474.18,9.48,6.88,6.28,6.32,6.33,3.69,76.51,1.31
34,35,002941,新疆交建,11.69,6.18,0.68,283758.0,322935248.87,6.72,11.75,11.01,11.36,11.01,4.43,52.6,2.37
35,36,001979,招商蛇口,11.28,6.11,0.65,1717042.0,1905508644.38,4.89,11.32,10.8,10.95,10.63,2.06,36.06,1.06
36,37,603815,交建股份,6.5,6.04,0.37,165086.0,105265835.0,7.83,6.59,6.11,6.23,6.13,2.67,26.57,1.74
37,38,300087,荃银高科,7.75,6.02,0.44,239165.0,178837486.36,8.07,7.84,7.25,7.33,7.31,2.67,-165.07,4.03
38,39,600502,安徽建工,5.11,6.02,0.29,702320.0,351269798.0,5.6,5.15,4.88,4.98,4.82,4.09,7.16,0.87
39,40,002073,软控股份,7.96,5.99,0.45,284807.0,222702853.0,4.26,7.98,7.66,7.67,7.51,2.96,21.03,1.48
40,41,301079,邵阳液压,15.9,5.93,0.89,76324.0,119256013.74,5.73,15.96,15.1,15.1,15.01,13.54,83.49,3.54
41,42,601369,陕鼓动力,8.68,5.85,0.48,186789.0,157465959.0,6.1,8.72,8.22,8.3,8.2,1.1,16.34,1.75
42,43,300594,朗进科技,16.37,5.75,0.89,32798.0,52448500.0,5.56,16.38,15.52,15.75,15.48,3.62,-34.47,1.66
43,44,600248,陕建股份,4.24,5.74,0.23,696348.0,291317662.0,4.99,4.29,4.09,4.2,4.01,1.89,5.05,0.69
44,45,605598,上海港湾,19.59,5.72,1.06,27767.0,53109055.0,7.07,19.67,18.36,18.44,18.53,1.14,32.61,2.72
45,46,002047,宝鹰股份,1.86,5.68,0.1,225723.0,41520840.52,4.55,1.88,1.8,1.8,1.76,1.68,-6.3,113.14
46,47,300070,碧水源,5.24,5.65,0.28,1708239.0,899307566.72,10.69,5.53,5.0,5.53,4.96,4.97,-130.71,0.7
47,48,300989,蕾奥规划,13.34,5.62,0.71,72115.0,94089945.35,5.23,13.37,12.71,12.82,12.63,7.53,567.98,2.7
48,49,002984,森麒麟,26.68,5.62,1.42,188556.0,491975988.16,6.61,26.87,25.2,25.51,25.26,2.7,12.75,2.27
49,50,601668,中国建筑,6.39,5.62,0.34,5458507.0,3450201373.0,4.79,6.47,6.18,6.18,6.05,1.32,4.51,0.61
50,51,600439,瑞贝卡,3.04,5.56,0.16,1002481.0,300881938.0,12.5,3.15,2.79,2.87,2.88,8.86,211.61,1.26
51,52,002761,浙江建投,9.14,5.54,0.48,390679.0,350754832.7,4.85,9.19,8.77,9.04,8.66,3.61,29.67,1.5
52,53,603979,金诚信,46.01,5.53,2.41,153346.0,693481021.0,7.25,46.17,43.01,43.7,43.6,2.46,23.42,3.61
53,54,300011,鼎汉技术,9.05,5.48,0.47,329868.0,292274767.79,7.34,9.13,8.5,8.62,8.58,6.58,207.04,3.82
54,55,600801,华新水泥,13.07,5.4,0.67,171266.0,222720409.0,3.95,13.24,12.75,12.75,12.4,1.27,18.6,0.95
55,56,300453,三鑫医疗,7.81,5.4,0.4,70811.0,53664438.2,5.67,7.82,7.4,7.4,7.41,2.0,19.1,3.43
56,57,600984,建设机械,2.75,5.36,0.14,178165.0,48211488.0,4.98,2.77,2.64,2.64,2.61,1.42,-4.1,0.71
57,58,836208,青矩技术,22.41,5.36,1.14,5106.0,11231101.7,6.16,22.7,21.39,21.8,21.27,0.92,16.48,2.44
58,59,603843,正平股份,2.81,5.24,0.14,174016.0,48495295.0,6.37,2.87,2.7,2.78,2.67,2.49,-12.54,2.19
59,60,002789,建艺集团,10.35,5.18,0.51,25166.0,25637838.2,7.93,10.68,9.9,10.14,9.84,1.91,148.45,45.88
60,61,002948,青岛银行,3.73,5.07,0.18,553751.0,203578244.7,3.94,3.75,3.61,3.62,3.55,1.78,4.11,0.61
61,62,000672,上峰水泥,7.69,5.05,0.37,104443.0,78824434.35,4.51,7.71,7.38,7.46,7.32,1.08,21.82,0.87
62,63,002742,ST三圣,2.91,5.05,0.14,171102.0,49607364.0,3.25,2.91,2.82,2.91,2.77,3.96,-9.45,4.47
63,64,603131,上海沪工,15.32,5.0,0.73,148760.0,224246267.0,5.14,15.32,14.57,14.79,14.59,4.68,62.09,3.96
64,65,300351,永贵电器,17.24,4.99,0.82,105315.0,176322959.26,5.97,17.28,16.3,16.59,16.42,4.04,45.74,2.83
65,66,301137,哈焊华通,18.72,4.99,0.89,37406.0,68288974.0,6.67,18.8,17.61,17.61,17.83,3.68,119.17,2.56
66,67,300738,奥飞数据,11.81,4.98,0.56,401421.0,459122791.35,6.58,11.85,11.11,11.38,11.25,4.16,75.25,3.63
67,68,000425,徐工机械,7.84,4.95,0.37,1346662.0,1052009883.88,6.43,7.95,7.47,7.47,7.47,1.66,12.5,1.55
68,69,000893,亚钾国际,17.85,4.94,0.84,116714.0,202845742.1,5.53,17.88,16.94,16.94,17.01,1.44,30.71,1.44
69,70,301301,川宁生物,12.59,4.92,0.59,318217.0,385404406.82,8.08,12.62,11.65,12.11,12.0,5.17,18.3,3.86
70,71,600449,宁夏建材,12.61,4.82,0.58,89144.0,109523851.0,5.49,12.63,11.97,12.21,12.03,1.86,57.43,0.85
71,72,002583,海能达,8.74,4.8,0.4,3491466.0,3046383442.27,18.82,9.17,7.6,9.17,8.34,27.23,48.93,2.64
72,73,300490,华自科技,8.1,4.79,0.37,160034.0,127655714.76,6.99,8.2,7.66,7.8,7.73,4.09,-44.31,1.17
73,74,600590,泰豪科技,4.51,4.64,0.2,118607.0,52848943.0,3.25,4.52,4.38,4.43,4.31,1.41,-32.42,1.13
74,75,300995,奇德新材,15.75,4.58,0.69,14759.0,22713204.14,5.44,15.78,14.96,15.21,15.06,2.46,167.75,2.15
75,76,300845,捷安高科,13.48,4.58,0.59,44129.0,58126859.63,5.35,13.57,12.88,12.88,12.89,4.31,97.76,2.49
76,77,000877,天山股份,5.74,4.55,0.25,236369.0,133818357.44,3.64,5.75,5.55,5.6,5.49,1.3,-5.98,0.51
77,78,000598,兴蓉环境,7.59,4.55,0.33,336989.0,254638447.05,5.37,7.75,7.36,7.36,7.26,1.13,12.2,1.33
78,79,300517,海波重科,9.49,4.52,0.41,40675.0,38050481.18,4.85,9.54,9.1,9.3,9.08,3.28,60.34,1.84
79,80,001379,腾达科技,22.07,4.5,0.95,67242.0,144857067.95,5.26,22.09,20.98,21.18,21.12,13.45,55.23,3.08
80,81,300935,盈建科,20.96,4.49,0.9,18145.0,37097289.12,5.28,20.99,19.93,20.05,20.06,3.01,-33.94,1.93
81,82,002307,北新路桥,3.54,4.42,0.15,320224.0,112195465.05,6.19,3.62,3.41,3.45,3.39,2.94,213.27,1.3
82,83,300960,通业科技,21.61,4.4,0.91,18964.0,40254630.0,4.64,21.66,20.7,21.28,20.7,2.04,78.04,3.82
83,84,002430,杭氧股份,21.95,4.37,0.92,94122.0,199030284.44,7.85,22.1,20.45,21.09,21.03,0.97,24.7,2.5
84,85,300350,华鹏飞,5.51,4.36,0.23,179423.0,97030617.13,4.55,5.54,5.3,5.31,5.28,3.8,65.97,3.35
85,86,301085,亚康股份,52.7,4.32,2.18,33589.0,169138285.25,9.66,53.23,48.35,50.48,50.52,8.49,55.39,4.19
86,87,300208,*ST中程,2.19,4.29,0.09,104885.0,22633210.24,5.24,2.22,2.11,2.15,2.1,1.53,-7.89,-3.23
87,88,600148,长春一东,17.3,4.28,0.71,79320.0,134967298.0,7.53,17.45,16.2,16.6,16.59,5.61,1809.5,5.19
88,89,300665,飞鹿股份,6.1,4.27,0.25,66848.0,40368480.0,6.15,6.23,5.87,5.93,5.85,4.44,-12.11,2.39
89,90,600603,ST广物,5.86,4.27,0.24,129614.0,74706850.0,3.74,5.86,5.65,5.72,5.62,1.05,13.68,1.06
90,91,300021,大禹节水,3.91,4.27,0.16,152330.0,58732343.18,4.53,3.94,3.77,3.82,3.75,2.17,88.49,1.8
91,92,603308,应流股份,12.28,4.24,0.5,94149.0,113177314.0,4.58,12.32,11.78,11.99,11.78,1.39,27.44,1.82
92,93,002993,奥海科技,28.26,4.24,1.15,43295.0,118040954.5,7.08,28.33,26.41,27.11,27.11,1.82,16.72,1.61
93,94,300232,洲明科技,6.65,4.23,0.27,262672.0,169557670.92,5.33,6.66,6.32,6.48,6.38,2.97,36.06,1.52
94,95,603408,建霖家居,12.15,4.2,0.49,29938.0,35474483.0,5.15,12.16,11.56,11.7,11.66,0.67,10.5,1.74
95,96,600580,卧龙电驱,12.22,4.18,0.49,231832.0,275187333.0,5.29,12.24,11.62,11.73,11.73,1.77,20.35,1.63
96,97,600720,中交设计,9.84,4.13,0.39,126556.0,121870966.0,4.87,9.87,9.41,9.49,9.45,1.63,16.17,1.64
97,98,000528,柳    工,12.91,4.11,0.51,468952.0,598121639.9,5.48,13.08,12.4,12.45,12.4,3.24,13.02,1.47
98,99,000505,京粮控股,6.68,4.05,0.26,219503.0,144630240.93,8.72,6.85,6.29,6.45,6.42,3.47,100.92,1.55
99,100,002544,普天科技,23.2,4.04,0.9,139615.0,310360252.89,7.94,23.28,21.51,22.5,22.3,2.06,200.77,4.21
100,101,600428,中远海特,6.74,4.01,0.26,333993.0,220482240.0,4.78,6.77,6.46,6.51,6.48,1.56,9.92,1.23
101,102,600928,西安银行,3.64,4.0,0.14,360958.0,129463653.0,3.71,3.65,3.52,3.57,3.5,0.82,6.05,0.51
102,103,688418,震有科技,19.56,3.99,0.75,73630.0,138803142.0,6.7,19.56,18.3,18.95,18.81,3.8,244.99,4.53
103,104,002111,威海广泰,10.71,3.98,0.41,94166.0,99173581.52,3.79,10.75,10.36,10.4,10.3,1.98,26.49,1.87
104,105,002097,山河智能,6.29,3.97,0.24,177088.0,109310127.36,4.13,6.31,6.06,6.07,6.05,1.65,99.01,1.48
105,106,601698,中国卫通,16.89,3.94,0.64,258114.0,429578551.0,4.0,16.96,16.31,16.35,16.25,0.61,87.77,4.57
106,107,301503,智迪科技,31.46,3.93,1.19,10503.0,32186770.0,5.09,31.53,29.99,30.45,30.27,3.23,29.32,2.53
107,108,833171,国航远洋,5.82,3.93,0.22,204462.0,117230539.54,4.64,5.85,5.59,5.63,5.6,7.13,23.95,2.29
108,109,002552,宝鼎科技,12.24,3.9,0.46,26216.0,31538146.09,3.82,12.26,11.81,11.81,11.78,0.83,24.69,2.62
109,110,601800,中国交建,10.91,3.9,0.41,2054518.0,2231990338.0,9.05,11.2,10.25,10.4,10.5,1.75,7.79,0.65
110,111,600585,海螺水泥,25.84,3.9,0.97,379485.0,977071525.0,4.1,26.15,25.13,25.13,24.87,0.95,20.59,0.75
111,112,300139,晓程科技,18.47,3.88,0.69,436892.0,771669020.23,11.25,18.6,16.6,16.6,17.78,18.7,127.69,5.25
112,113,300673,佩蒂股份,14.49,3.87,0.54,53268.0,75890340.15,6.59,14.63,13.71,13.95,13.95,3.29,18.41,2.03
113,114,601872,招商轮船,7.53,3.86,0.28,738178.0,552787382.0,4.83,7.68,7.33,7.4,7.25,0.91,12.28,1.63
114,115,600031,三一重工,18.6,3.85,0.69,862824.0,1592850903.0,3.63,18.65,18.0,18.0,17.91,1.02,22.06,2.28
115,116,002323,雅博股份,1.35,3.85,0.05,473087.0,62788299.64,4.62,1.36,1.3,1.31,1.3,2.23,-31.76,4.98
116,117,002917,金奥博,8.93,3.84,0.33,60491.0,52981230.2,5.58,8.98,8.5,8.6,8.6,2.32,21.64,1.99
117,118,002146,荣盛发展,1.64,3.8,0.06,1211430.0,196661040.05,6.33,1.68,1.58,1.65,1.58,3.11,-11.26,0.31
118,119,300140,节能环境,6.3,3.79,0.23,178227.0,110033847.24,4.61,6.32,6.04,6.17,6.07,1.75,22.32,1.43
119,120,000777,中核科技,15.92,3.78,0.58,98866.0,154859714.58,4.17,15.98,15.34,15.34,15.34,2.58,40.5,3.08
120,121,601156,东航物流,17.6,3.77,0.64,130367.0,224644937.0,5.25,17.66,16.77,16.96,16.96,1.38,10.94,1.67
121,122,300789,唐源电气,14.87,3.77,0.54,23607.0,34229080.17,5.02,14.88,14.16,14.35,14.33,2.39,23.03,2.11
122,123,601186,中国铁建,9.68,3.75,0.35,2086859.0,2024693284.0,7.72,10.09,9.37,9.37,9.33,1.81,5.52,0.51
123,124,600198,大唐电信,7.75,3.75,0.28,364765.0,274921109.0,5.89,7.77,7.33,7.53,7.47,4.14,-81.72,40.67
124,125,000151,中成股份,13.05,3.74,0.47,255444.0,325763599.44,10.49,13.38,12.06,12.38,12.58,8.3,-21.23,7.89
125,126,002135,东南网架,4.46,3.72,0.16,161546.0,71461082.98,6.51,4.58,4.3,4.32,4.3,1.5,20.13,0.81
126,127,600057,厦门象屿,6.16,3.7,0.22,233542.0,141237093.0,4.21,6.19,5.94,5.97,5.94,1.07,8.98,1.08
127,128,301048,金鹰重工,9.99,3.63,0.35,67879.0,66705470.23,5.19,10.04,9.54,9.54,9.64,1.27,32.17,2.1
128,129,601789,宁波建工,4.03,3.6,0.14,192898.0,76581432.0,3.6,4.04,3.9,3.97,3.89,1.77,15.22,1.01
129,130,002523,天桥起重,2.61,3.57,0.09,178294.0,45896028.71,3.17,2.61,2.53,2.57,2.52,1.26,72.27,1.61
130,131,605286,同力日升,26.89,3.54,0.92,33200.0,87408208.0,5.74,27.0,25.51,26.47,25.97,1.98,18.4,2.45
131,132,601886,江河集团,5.56,3.54,0.19,105412.0,57682160.0,3.72,5.57,5.37,5.39,5.37,0.93,9.77,0.9
132,133,600170,上海建工,2.35,3.52,0.08,1537603.0,357366606.0,3.08,2.36,2.29,2.32,2.27,1.73,12.63,0.69
133,134,600853,龙建股份,3.55,3.5,0.12,219142.0,76940940.0,4.96,3.59,3.42,3.57,3.43,2.17,26.05,1.25
134,135,000619,海螺新材,4.75,3.49,0.16,53501.0,25155860.0,3.05,4.76,4.62,4.62,4.59,1.49,-86.99,0.78
135,136,600581,八一钢铁,3.28,3.47,0.11,225647.0,73087994.0,3.47,3.29,3.18,3.19,3.17,1.47,-3.5,4.73
136,137,002266,浙富控股,3.28,3.47,0.11,281947.0,90646515.5,3.79,3.28,3.16,3.2,3.17,0.58,17.66,1.57
137,138,300923,研奥股份,21.31,3.45,0.71,16701.0,35167344.0,3.74,21.35,20.58,20.58,20.6,2.18,51.0,1.48
138,139,300971,博亚精工,20.44,3.44,0.68,23584.0,47511899.0,3.85,20.48,19.72,19.91,19.76,3.59,31.24,1.74
139,140,601117,中国化学,8.24,3.39,0.27,799792.0,648418038.0,3.76,8.25,7.95,8.03,7.97,1.32,8.87,0.83
140,141,600710,苏美达,8.88,3.38,0.29,156910.0,137639803.0,4.07,8.95,8.6,8.7,8.59,1.2,10.17,1.66
141,142,301588,美新科技,20.9,3.36,0.68,15036.0,31090257.42,3.36,20.94,20.26,20.6,20.22,6.32,37.05,2.76
142,143,688480,赛恩斯,28.68,3.35,0.93,4404.0,12340776.0,4.5,28.76,27.51,27.8,27.75,0.7,11.85,2.58
143,144,601398,工商银行,6.48,3.35,0.21,6220245.0,3995837162.0,2.87,6.5,6.32,6.32,6.27,0.23,6.77,0.66
144,145,300370,安控科技,2.47,3.35,0.08,371922.0,89687674.54,5.02,2.48,2.36,2.4,2.39,2.81,-57.26,6.59
145,146,000797,中国武夷,3.09,3.34,0.1,477417.0,146044952.35,3.68,3.11,3.0,3.07,2.99,3.04,12.09,0.91
146,147,300511,雪榕生物,3.74,3.31,0.12,148964.0,54721546.75,4.42,3.76,3.6,3.62,3.62,3.56,-6.5,1.39
147,148,300177,中海达,10.93,3.31,0.35,927568.0,970833513.78,9.64,11.03,10.01,10.14,10.58,15.3,-110.29,4.97
148,149,000521,长虹美菱,9.4,3.3,0.3,370149.0,338680583.13,6.04,9.44,8.89,9.09,9.1,4.23,11.66,1.63
149,150,601177,杭齿前进,8.15,3.3,0.26,48648.0,39443533.0,3.68,8.3,8.01,8.3,7.89,1.22,14.5,1.34
150,151,300188,国投智能,14.47,3.28,0.46,174063.0,245737359.74,5.0,14.49,13.79,14.08,14.01,2.23,-48.74,3.27
151,152,300846,首都在线,11.65,3.28,0.37,130546.0,148357720.16,5.59,11.69,11.06,11.29,11.28,3.35,-31.62,5.16
152,153,600282,南钢股份,4.73,3.28,0.15,358458.0,168557583.0,3.93,4.78,4.6,4.7,4.58,0.58,11.82,1.14
153,154,300597,吉大通信,8.57,3.25,0.27,66384.0,55981925.0,3.98,8.6,8.27,8.3,8.3,2.45,161.1,2.26
154,155,000498,山东路桥,6.04,3.25,0.19,184304.0,110759785.6,3.25,6.11,5.92,5.96,5.85,1.26,4.63,0.67
155,156,600312,平高电气,21.38,3.24,0.67,216587.0,455877178.0,4.78,21.54,20.55,20.86,20.71,1.6,27.19,2.82
156,157,003037,三和管桩,6.07,3.23,0.19,77079.0,46164500.25,4.25,6.1,5.85,6.02,5.88,3.83,966.91,1.33
157,158,002282,博深股份,6.71,3.23,0.21,44699.0,29590406.0,3.85,6.73,6.48,6.65,6.5,0.89,16.08,1.02
158,159,300017,网宿科技,8.98,3.22,0.28,730950.0,639362954.56,6.09,9.04,8.51,8.71,8.7,3.2,36.88,2.34
159,160,002060,广东建工,3.85,3.22,0.12,222478.0,84736053.9,3.75,3.87,3.73,3.79,3.73,1.42,15.79,1.12
160,161,000520,凤凰航运,2.89,3.21,0.09,611165.0,174881002.5,5.71,2.93,2.77,2.78,2.8,6.04,-98.07,5.52
161,162,605488,福莱新材,12.91,3.2,0.4,23180.0,29414422.0,4.24,12.92,12.39,12.64,12.51,1.25,19.38,1.94
162,163,000565,渝三峡Ａ,4.87,3.18,0.15,42030.0,20111679.0,3.81,4.88,4.7,4.75,4.72,0.97,52.6,1.68
163,164,603220,中贝通信,21.48,3.17,0.66,157769.0,328578871.0,6.44,21.59,20.25,20.78,20.82,3.64,44.23,4.89
164,165,603291,联合水务,10.49,3.15,0.32,15176.0,15715771.0,3.15,10.51,10.19,10.38,10.17,1.17,26.73,2.57
165,166,688155,先惠技术,38.83,3.13,1.18,13891.0,53099243.0,3.51,38.98,37.66,38.12,37.65,1.29,18.74,2.55
166,167,000680,山推股份,7.95,3.11,0.24,166212.0,130513536.28,2.98,7.97,7.74,7.78,7.71,1.27,14.25,2.06
167,168,600251,冠农股份,7.64,3.1,0.23,62888.0,47374929.0,3.51,7.65,7.39,7.4,7.41,0.81,9.81,1.62
168,169,601766,中国中车,8.31,3.1,0.25,1482562.0,1219307751.0,3.35,8.34,8.07,8.07,8.06,0.61,28.39,1.49
169,170,002161,远 望 谷,4.69,3.08,0.14,96518.0,44314517.19,4.4,4.7,4.5,4.58,4.55,1.35,39.05,2.25
170,171,300510,金冠股份,4.39,3.05,0.13,209595.0,90273573.21,4.69,4.41,4.21,4.28,4.26,2.54,-105.44,1.37
171,172,600118,中国卫星,25.53,3.03,0.75,135883.0,341859376.0,3.83,25.56,24.61,24.85,24.78,1.15,1775.55,4.79
172,173,300499,高澜股份,11.26,3.02,0.33,112133.0,122682552.0,6.13,11.3,10.63,10.88,10.93,4.13,-1003.16,2.45
173,174,002800,天顺股份,11.27,3.02,0.33,60610.0,67677393.8,3.75,11.35,10.94,11.08,10.94,4.28,108.45,3.31
174,175,603106,恒银科技,8.56,3.01,0.25,910088.0,698798014.0,15.76,8.79,7.48,7.48,8.31,17.48,-60.78,3.63
175,176,002129,TCL中环,9.63,2.99,0.28,595075.0,561368840.46,4.17,9.65,9.26,9.36,9.35,1.47,-6.35,1.04
176,177,688387,信科移动-U,6.21,2.99,0.18,206769.0,124942737.0,5.14,6.23,5.92,6.07,6.03,1.5,-172.86,3.28
177,178,300640,德艺文创,4.85,2.97,0.14,47653.0,22670443.0,4.67,4.88,4.66,4.66,4.71,2.14,363.77,1.9
178,179,600706,曲江文旅,9.04,2.96,0.26,58801.0,52697757.0,2.96,9.08,8.82,8.92,8.78,2.31,-6.16,3.97
179,180,000881,中广核技,6.96,2.96,0.2,80292.0,55095589.84,3.55,6.98,6.74,6.76,6.76,1.02,-38.0,1.2
180,181,600279,重庆港,4.2,2.94,0.12,91547.0,37911261.0,2.94,4.21,4.09,4.1,4.08,0.77,51.02,0.8
181,182,002990,盛视科技,21.8,2.93,0.62,27489.0,58367896.56,4.96,21.9,20.85,21.2,21.18,2.05,32.11,2.44
182,183,002467,二六三,3.89,2.91,0.11,275566.0,104604031.15,5.03,3.9,3.71,3.77,3.78,2.02,52.14,2.86
183,184,002301,齐心集团,5.68,2.9,0.16,71981.0,40063797.91,3.99,5.69,5.47,5.55,5.52,1.0,21.62,1.32
184,185,301587,中瑞股份,25.96,2.89,0.73,21657.0,54647235.05,5.39,26.02,24.66,25.23,25.23,7.09,42.49,1.92
185,186,603036,如通股份,11.08,2.88,0.31,27521.0,30341241.0,3.25,11.15,10.8,11.03,10.77,1.34,25.65,1.79
186,187,600885,宏发股份,32.21,2.87,0.9,85867.0,270448113.0,4.57,32.31,30.88,31.52,31.31,0.82,19.89,4.01
187,188,300823,建科智能,12.55,2.87,0.35,26958.0,33529268.24,3.44,12.62,12.2,12.38,12.2,3.54,41.93,1.75
188,189,002682,龙洲股份,3.95,2.86,0.11,155560.0,60518192.8,3.13,3.95,3.83,3.84,3.84,2.77,-32.65,1.51
189,190,301139,元道通信,22.67,2.86,0.63,25915.0,57504592.0,5.22,22.75,21.6,22.02,22.04,3.61,45.73,1.43
190,191,603357,设计总院,9.01,2.85,0.25,70324.0,62604253.0,2.97,9.03,8.77,8.8,8.76,1.28,10.81,1.45
191,192,600522,中天科技,15.14,2.85,0.42,403414.0,603155665.0,3.06,15.17,14.72,14.86,14.72,1.18,17.7,1.53
192,193,601326,秦港股份,3.61,2.85,0.1,243537.0,87035430.0,3.42,3.64,3.52,3.56,3.51,0.51,9.98,1.07
193,194,002889,东方嘉盛,18.86,2.84,0.52,50987.0,94185509.73,4.47,18.9,18.08,18.5,18.34,2.91,19.66,2.19
194,195,000957,中通客车,10.16,2.83,0.28,197444.0,197372695.83,3.74,10.18,9.81,9.88,9.88,3.33,27.15,2.14
195,196,001314,亿道信息,39.88,2.81,1.09,33609.0,131241911.7,5.03,40.03,38.08,38.5,38.79,6.49,484.52,2.78
196,197,300603,立昂技术,9.15,2.81,0.25,121845.0,108732312.26,5.28,9.17,8.7,9.01,8.9,3.39,-127.69,2.99
197,198,001872,招商港口,23.07,2.81,0.63,85528.0,197328025.53,3.79,23.45,22.6,22.85,22.44,0.49,11.33,0.96
198,199,600019,宝钢股份,6.96,2.81,0.19,1295104.0,897487171.0,4.14,7.09,6.81,6.82,6.77,0.59,16.84,0.76
199,200,002645,华宏科技,7.33,2.81,0.2,60767.0,43677604.0,4.49,7.35,7.03,7.2,7.13,1.19,958.3,1.19
200,201,601020,华钰矿业,12.1,2.8,0.33,374838.0,449565096.0,3.82,12.16,11.71,11.77,11.77,4.57,45.42,3.05
201,202,002110,三钢闽光,3.3,2.8,0.09,182523.0,59565630.0,3.12,3.31,3.21,3.24,3.21,0.75,-17.27,0.4
202,203,000856,冀东装备,7.0,2.79,0.19,38773.0,26926156.4,2.94,7.04,6.84,6.86,6.81,1.71,44.83,3.76
203,204,600425,青松建化,3.7,2.78,0.1,195124.0,71221181.0,3.89,3.71,3.57,3.63,3.6,1.42,13.79,0.94
204,205,300818,耐普矿机,26.74,2.77,0.72,12790.0,33690227.8,5.15,26.95,25.61,26.12,26.02,1.36,24.28,2.92
205,206,001226,拓山重工,23.19,2.75,0.62,12115.0,27859320.0,2.97,23.32,22.65,22.75,22.57,6.49,71.44,2.36
206,207,603871,嘉友国际,22.83,2.75,0.61,98030.0,218500409.0,5.94,22.98,21.66,22.3,22.22,1.0,14.69,4.17
207,208,002051,中工国际,8.25,2.74,0.22,168245.0,137084951.25,3.49,8.27,7.99,8.11,8.03,1.36,18.78,0.9
208,209,600820,隧道股份,6.82,2.71,0.18,469191.0,316677848.0,2.56,6.83,6.66,6.72,6.64,1.49,13.65,0.74
209,210,600512,腾达建设,2.28,2.7,0.06,207520.0,46882881.0,3.15,2.29,2.22,2.25,2.22,1.31,16.75,0.58
210,211,600105,永鼎股份,4.18,2.7,0.11,214994.0,88315021.0,3.93,4.19,4.03,4.07,4.07,1.54,93.01,2.1
211,212,603970,中农立华,14.09,2.7,0.37,21776.0,30201388.0,3.94,14.1,13.56,13.76,13.72,0.81,11.98,2.56
212,213,603032,德新科技,16.98,2.66,0.44,73365.0,123068950.0,4.84,17.16,16.36,16.61,16.54,3.19,255.23,3.16
213,214,301148,嘉戎技术,18.93,2.66,0.49,17624.0,33016554.77,3.52,19.06,18.41,18.76,18.44,4.58,44.42,1.28
214,215,600119,长江投资,6.97,2.65,0.18,77292.0,53576088.0,3.83,7.05,6.79,6.79,6.79,2.12,-84.5,13.32
215,216,300267,尔康制药,2.75,2.61,0.07,273599.0,73975500.1,4.48,2.76,2.64,2.7,2.68,1.92,450.16,1.18
216,217,002204,大连重工,4.72,2.61,0.12,191229.0,88959193.0,2.83,4.72,4.59,4.65,4.6,0.99,16.63,1.28
217,218,000157,中联重科,7.11,2.6,0.18,587327.0,414514385.86,2.74,7.13,6.94,6.97,6.93,0.83,13.48,1.1
218,219,003013,地铁设计,13.88,2.59,0.35,18495.0,25355726.0,3.1,13.92,13.5,13.68,13.53,0.46,13.69,2.31
219,220,000862,银星能源,4.79,2.57,0.12,76947.0,36330023.0,3.64,4.81,4.64,4.7,4.67,1.23,16.83,1.02
220,221,000928,中钢国际,6.44,2.55,0.16,561980.0,359469973.37,4.14,6.52,6.26,6.49,6.28,3.92,11.01,1.16
221,222,002202,金风科技,10.08,2.54,0.25,364660.0,362288498.68,3.26,10.12,9.8,9.84,9.83,1.07,15.35,1.17
222,223,300365,恒华科技,6.05,2.54,0.15,155523.0,91627741.0,4.92,6.05,5.76,5.9,5.9,3.22,287.41,1.83
223,224,600875,东方电气,15.02,2.53,0.37,213748.0,318685003.0,2.25,15.06,14.73,14.85,14.65,1.06,13.84,1.25
224,225,600528,中铁工业,8.16,2.51,0.2,253579.0,205741298.0,3.27,8.22,7.96,7.96,7.96,1.14,9.7,0.78
225,226,603111,康尼机电,5.72,2.51,0.14,73565.0,41522121.0,3.23,5.73,5.55,5.57,5.58,0.88,23.89,1.41
226,227,600509,天富能源,5.73,2.5,0.14,166468.0,94136847.0,3.4,5.75,5.56,5.6,5.59,1.21,12.62,1.02
227,228,601798,蓝科高新,5.75,2.5,0.14,53312.0,30241985.0,3.21,5.77,5.59,5.6,5.61,1.5,-105.21,1.55
228,229,601899,紫金矿业,17.67,2.49,0.43,1554195.0,2726929248.0,4.0,17.77,17.08,17.36,17.24,0.76,15.57,3.76
229,230,601866,中远海发,2.48,2.48,0.06,692877.0,170268050.0,2.48,2.49,2.43,2.45,2.42,0.84,18.8,1.13
230,231,688569,铁科轨道,23.57,2.48,0.57,15980.0,37231673.0,3.22,23.66,22.92,23.0,23.0,0.76,21.5,1.81
231,232,000959,首钢股份,3.33,2.46,0.08,291016.0,96035452.8,2.46,3.34,3.26,3.3,3.25,0.45,32.79,0.52
232,233,601599,浙文影业,3.34,2.45,0.08,116859.0,38534425.0,3.07,3.35,3.25,3.31,3.26,1.01,16.05,2.56
233,234,002524,光正眼科,3.79,2.43,0.09,72789.0,27227677.25,3.24,3.79,3.67,3.75,3.7,1.43,771.23,6.7
234,235,000825,太钢不锈,3.79,2.43,0.09,379349.0,142633957.63,2.43,3.8,3.71,3.73,3.7,0.67,77.8,0.64
235,236,601390,中国中铁,6.75,2.43,0.16,2268370.0,1530916547.0,4.4,6.89,6.6,6.68,6.59,1.11,5.85,0.57
236,237,600755,厦门国贸,7.21,2.41,0.17,225774.0,161307181.0,3.13,7.25,7.03,7.03,7.04,1.06,9.32,0.76
237,238,301156,美农生物,13.0,2.36,0.3,13565.0,17328193.26,3.94,13.03,12.53,12.85,12.7,1.97,47.21,2.56
238,239,601669,中国电建,5.67,2.35,0.13,1783233.0,1007022190.0,3.25,5.75,5.57,5.65,5.54,1.36,7.7,0.72
239,240,600970,中材国际,10.96,2.33,0.25,147264.0,160250354.0,3.83,11.09,10.68,10.8,10.71,0.84,10.35,1.48
240,241,002871,伟隆股份,8.8,2.33,0.2,24207.0,21093721.6,2.67,8.8,8.57,8.6,8.6,2.02,18.83,2.62
241,242,002123,梦网科技,9.71,2.32,0.22,513717.0,475767978.37,8.54,9.78,8.97,9.49,9.49,7.48,420.76,4.75
242,243,600764,中国海防,26.25,2.3,0.59,73456.0,192027326.0,5.34,26.57,25.2,25.66,25.66,1.03,123.75,2.29
243,244,002278,神开股份,4.93,2.28,0.11,79512.0,38916511.0,3.11,4.96,4.81,4.87,4.82,2.38,84.7,1.64
244,245,002792,通宇通讯,12.14,2.27,0.27,91031.0,109051661.3,3.37,12.18,11.78,11.81,11.87,2.9,132.62,2.3
245,246,001360,南矿集团,13.49,2.27,0.3,12048.0,16107600.76,2.27,13.49,13.19,13.19,13.19,1.47,26.64,2.0
246,247,300387,富邦股份,7.65,2.27,0.17,59421.0,44861155.07,3.88,7.68,7.39,7.42,7.48,2.06,15.81,1.62
247,248,000925,众合科技,6.3,2.27,0.14,95389.0,59211362.0,3.25,6.31,6.11,6.18,6.16,1.74,-24.22,1.3
248,249,000065,北方国际,10.35,2.27,0.23,126949.0,129168995.84,3.95,10.37,9.97,10.12,10.12,1.4,9.62,1.18
249,250,002774,快意电梯,6.32,2.27,0.14,27453.0,17122745.0,3.24,6.34,6.14,6.18,6.18,0.97,17.79,1.78
250,251,603706,东方环宇,16.26,2.26,0.36,20552.0,33122819.0,4.4,16.36,15.66,15.92,15.9,1.09,13.39,1.93
251,252,603126,中材节能,5.93,2.24,0.13,102773.0,60399742.0,3.45,5.96,5.76,5.89,5.8,1.68,54.83,1.75
252,253,601608,中信重工,4.11,2.24,0.09,399125.0,162746075.0,2.99,4.14,4.02,4.04,4.02,0.92,49.26,2.12
253,254,002061,浙江交科,4.11,2.24,0.09,425364.0,174315366.26,3.23,4.16,4.03,4.13,4.02,1.64,10.43,0.74
254,255,000980,众泰汽车,1.83,2.23,0.04,1110740.0,199288471.76,5.03,1.84,1.75,1.79,1.79,2.27,-18.17,7.41
255,256,600983,惠而浦,7.8,2.23,0.17,11742.0,9008595.0,3.15,7.8,7.56,7.63,7.63,0.15,96.14,2.39
256,257,300195,长荣股份,5.08,2.21,0.11,95414.0,47628827.0,4.23,5.09,4.88,4.98,4.97,3.04,-120.92,0.81
257,258,600202,哈空调,4.22,2.18,0.09,40822.0,17110104.0,2.42,4.24,4.14,4.14,4.13,1.06,90.86,1.93
258,259,688009,中国通号,6.57,2.18,0.14,412833.0,267649470.0,4.04,6.62,6.36,6.51,6.43,0.48,21.75,1.59
259,260,601008,连云港,3.76,2.17,0.08,75870.0,28263264.0,2.17,3.76,3.68,3.7,3.68,0.61,24.46,1.17
260,261,600629,华建集团,5.17,2.17,0.11,153340.0,78579183.0,2.96,5.2,5.05,5.17,5.06,1.62,13.39,1.0
261,262,000582,北部湾港,7.99,2.17,0.17,106377.0,84288183.03,2.81,8.04,7.82,7.84,7.82,0.75,14.45,1.06
262,263,301057,汇隆新材,13.64,2.17,0.29,15143.0,20456363.0,4.49,13.76,13.16,13.51,13.35,1.84,42.38,2.16
263,264,600496,精工钢构,2.83,2.17,0.06,193428.0,54264762.0,3.25,2.85,2.76,2.8,2.77,0.96,10.43,0.67
264,265,002092,ST中泰,3.78,2.16,0.08,219288.0,82321420.31,3.51,3.82,3.69,3.73,3.7,0.85,-20.17,0.44
265,266,688599,天合光能,22.26,2.16,0.47,205177.0,445512027.0,5.42,22.28,21.1,21.79,21.79,0.94,46.1,1.61
266,267,601865,福莱特,19.49,2.15,0.41,179268.0,340807883.0,5.08,19.55,18.58,19.11,19.08,0.94,15.24,2.08
267,268,601880,辽港股份,1.43,2.14,0.03,783127.0,110863628.0,2.86,1.44,1.4,1.41,1.4,0.42,37.69,0.86
268,269,601618,中国中冶,3.38,2.11,0.07,1660980.0,560269764.0,3.63,3.44,3.32,3.35,3.31,0.93,8.44,0.71
269,270,002104,恒宝股份,6.76,2.11,0.14,163373.0,108002742.29,4.53,6.77,6.47,6.72,6.62,2.74,37.41,2.16
270,271,300471,厚普股份,10.64,2.11,0.22,151643.0,157819623.56,7.58,10.74,9.95,10.23,10.42,4.14,-107.41,3.58
271,272,300712,永福股份,23.81,2.1,0.49,14130.0,33087584.68,4.5,23.95,22.9,23.42,23.32,0.76,73.66,3.26
272,273,688585,上纬新材,6.33,2.1,0.13,18636.0,11627369.0,4.52,6.36,6.08,6.28,6.2,0.46,28.64,2.07
273,274,002226,江南化工,4.42,2.08,0.09,190252.0,82961301.18,3.7,4.44,4.28,4.36,4.33,0.72,14.01,1.3
274,275,600335,国机汽车,6.4,2.07,0.13,177576.0,111280677.0,4.47,6.41,6.13,6.27,6.27,1.19,19.28,0.86
275,276,001288,运机集团,27.64,2.07,0.56,11973.0,32809205.0,2.73,27.71,26.97,27.18,27.08,1.85,37.56,2.3
276,277,002560,通达股份,5.97,2.05,0.12,67555.0,40043333.41,2.22,5.98,5.85,5.9,5.85,1.49,42.67,1.21
277,278,300809,华辰装备,22.1,2.03,0.44,30597.0,66488602.94,4.16,22.16,21.26,21.74,21.66,2.19,58.47,3.51
278,279,603169,兰石重装,5.03,2.03,0.1,128892.0,64007382.0,3.04,5.04,4.89,4.93,4.93,0.99,46.99,2.05
279,280,600017,日照港,3.02,2.03,0.06,406648.0,121699031.0,2.36,3.03,2.96,2.98,2.96,1.32,10.7,0.69
280,281,600498,烽火通信,16.64,2.02,0.33,174019.0,284399130.0,4.11,16.7,16.03,16.32,16.31,1.51,45.44,1.58
281,282,603073,彩蝶实业,14.64,2.02,0.29,6356.0,9227551.0,2.51,14.66,14.3,14.4,14.35,1.25,14.17,1.29
282,283,600256,广汇能源,7.58,2.02,0.15,728745.0,547779376.0,2.96,7.61,7.39,7.44,7.43,1.11,17.1,1.92
283,284,600362,江西铜业,23.4,2.01,0.46,173431.0,402075511.0,2.48,23.45,22.88,22.96,22.94,0.84,11.2,1.09
284,285,601179,中国西电,8.14,2.01,0.16,584983.0,468169228.0,4.39,8.17,7.82,7.99,7.98,1.14,46.12,1.9
285,286,600586,金晶科技,5.61,2.0,0.11,146493.0,81251428.0,3.45,5.63,5.44,5.6,5.5,1.03,14.59,1.35
286,287,600338,西藏珠峰,10.71,2.0,0.21,247516.0,261788602.0,4.76,10.81,10.31,10.52,10.5,2.71,38.26,2.81
287,288,002080,中材科技,12.29,1.99,0.24,135913.0,164989282.7,2.99,12.3,11.94,12.05,12.05,0.81,22.19,1.14
288,289,002067,景兴纸业,3.1,1.97,0.06,150847.0,46163021.0,2.96,3.1,3.01,3.05,3.04,1.43,38.79,0.67
289,290,600477,杭萧钢构,2.62,1.95,0.05,223545.0,57884512.0,3.5,2.63,2.54,2.59,2.57,0.94,19.41,1.18
290,291,601068,中铝国际,4.77,1.92,0.09,371030.0,175389926.0,6.84,4.9,4.58,4.66,4.68,1.45,45.65,5.83
291,292,600735,新华锦,4.24,1.92,0.08,51266.0,21459966.0,2.4,4.24,4.14,4.17,4.16,1.2,42.77,1.34
292,293,000927,中国铁物,2.66,1.92,0.05,395904.0,104362358.87,2.68,2.67,2.6,2.62,2.61,0.65,29.13,1.76
293,294,600981,汇鸿集团,2.13,1.91,0.04,162872.0,34307603.0,2.87,2.13,2.07,2.1,2.09,0.73,-7.23,1.07
294,295,002801,微光股份,20.32,1.91,0.38,9845.0,19734010.0,3.26,20.38,19.73,19.99,19.94,0.85,15.06,2.96
295,296,002811,郑中设计,8.03,1.9,0.15,29589.0,23526561.45,2.66,8.05,7.84,7.87,7.88,1.2,16.93,2.19
296,297,601226,华电重工,5.36,1.9,0.1,62163.0,32943871.0,2.85,5.36,5.21,5.27,5.26,0.54,85.0,1.48
297,298,600075,新疆天业,4.3,1.9,0.08,139269.0,58916980.0,4.5,4.33,4.14,4.21,4.22,0.82,548.89,0.82
298,299,000012,南  玻Ａ,5.43,1.88,0.1,188236.0,101053114.96,3.0,5.44,5.28,5.37,5.33,0.96,11.37,1.19
299,300,603280,南方路机,20.17,1.87,0.37,8835.0,17625247.0,2.53,20.2,19.7,19.8,19.8,3.16,15.97,1.7
300,301,000758,中色股份,4.94,1.86,0.09,342047.0,167954643.6,3.09,4.97,4.82,4.91,4.85,1.74,15.64,1.76
301,302,600545,卓郎智能,1.65,1.85,0.03,182698.0,29912673.0,3.09,1.66,1.61,1.62,1.62,1.02,-20.2,0.93
302,303,688036,传音控股,103.02,1.85,1.87,68052.0,684908585.0,5.4,103.56,98.1,102.0,101.15,0.6,20.39,6.22
303,304,603639,海利尔,12.15,1.84,0.22,13153.0,15801310.0,2.6,12.16,11.85,11.97,11.93,0.39,12.74,1.16
304,305,603019,中科曙光,51.95,1.84,0.94,736069.0,3694143445.0,6.37,52.0,48.75,51.26,51.01,5.05,67.49,4.0
305,306,000055,方大集团,3.88,1.84,0.07,57340.0,22131546.36,1.84,3.89,3.82,3.82,3.81,0.85,17.84,0.69
306,307,603969,银龙股份,5.01,1.83,0.09,78178.0,38730502.0,3.86,5.03,4.84,4.95,4.92,0.93,21.32,1.83
307,308,600010,包钢股份,1.68,1.82,0.03,2099751.0,349615999.0,1.82,1.68,1.65,1.66,1.65,0.67,352.82,1.47
308,309,601311,骆驼股份,8.43,1.81,0.15,115042.0,95499791.0,3.14,8.44,8.18,8.3,8.28,0.98,15.76,1.03
309,310,000905,厦门港务,6.36,1.76,0.11,81674.0,51604697.0,1.76,6.38,6.27,6.27,6.25,1.1,18.29,0.97
310,311,600018,上港集团,6.38,1.75,0.11,333827.0,212181549.0,2.55,6.44,6.28,6.3,6.27,0.14,8.83,1.16
311,312,601002,晋亿实业,3.49,1.75,0.06,54936.0,19001459.0,2.92,3.51,3.41,3.46,3.43,0.58,-61.51,0.83
312,313,000338,潍柴动力,14.56,1.75,0.25,564083.0,812477266.1,2.66,14.59,14.21,14.33,14.31,1.14,10.76,1.51
313,314,601868,中国能建,2.35,1.73,0.04,3759159.0,879232951.0,3.46,2.38,2.3,2.33,2.31,1.16,17.61,0.95
314,315,688285,高铁电气,7.3,1.67,0.12,15830.0,11457392.0,2.92,7.34,7.13,7.24,7.18,1.68,64.69,1.69
315,316,002344,海宁皮城,3.71,1.64,0.06,100967.0,37031112.4,3.29,3.72,3.6,3.68,3.65,0.79,40.12,0.56
316,317,601018,宁波港,3.72,1.64,0.06,295936.0,109424145.0,2.46,3.75,3.66,3.67,3.66,0.19,16.2,0.96
317,318,600368,五洲交通,3.72,1.64,0.06,155812.0,57574473.0,2.73,3.74,3.64,3.68,3.66,0.97,8.48,0.92
318,319,002040,南 京 港,6.21,1.64,0.1,35609.0,21962591.64,2.13,6.23,6.1,6.12,6.11,0.74,18.58,0.95
319,320,300703,创源股份,8.73,1.63,0.14,48201.0,41210597.0,4.54,8.75,8.36,8.54,8.59,2.84,21.03,1.93
320,321,002489,浙江永强,3.12,1.63,0.05,227316.0,69833698.02,3.26,3.12,3.02,3.09,3.07,1.19,6.66,1.65
321,322,002972,科安达,10.76,1.61,0.17,24728.0,26297990.9,3.21,10.79,10.45,10.6,10.59,1.86,23.56,2.24
322,323,001225,和泰机电,30.54,1.6,0.48,1955.0,5922239.0,1.6,30.56,30.08,30.2,30.06,0.93,33.39,1.41
323,324,001368,通达创智,19.28,1.58,0.3,7011.0,13380088.0,2.79,19.33,18.8,18.92,18.98,2.23,17.57,1.59
324,325,601727,上海电气,4.5,1.58,0.07,531795.0,237772454.0,2.26,4.52,4.42,4.46,4.43,0.42,58.25,1.31
325,326,002803,吉宏股份,12.28,1.57,0.19,69171.0,83325137.55,4.71,12.33,11.76,12.1,12.09,2.41,32.65,2.19
326,327,301158,德石股份,13.64,1.56,0.21,22242.0,29959109.0,3.5,13.65,13.18,13.44,13.43,2.78,29.35,1.61
327,328,002365,永安药业,7.87,1.55,0.12,26869.0,21014399.5,2.58,7.91,7.71,7.8,7.75,1.1,22.09,1.16
328,329,001317,三羊马,24.95,1.55,0.38,11111.0,27426389.0,3.5,25.06,24.2,24.99,24.57,3.78,97.29,2.47
329,330,603648,畅联股份,8.6,1.53,0.13,34831.0,29704556.0,2.48,8.62,8.41,8.45,8.47,0.96,19.48,1.62
330,331,000852,石化机械,5.96,1.53,0.09,73013.0,43038916.39,2.9,5.98,5.81,5.9,5.87,0.78,43.37,1.86
331,332,600354,敦煌种业,5.31,1.53,0.08,70209.0,37075111.0,2.49,5.34,5.21,5.23,5.23,1.33,44.63,4.45
332,333,600487,亨通光电,17.31,1.52,0.26,324746.0,557911052.0,3.23,17.44,16.89,17.04,17.05,1.32,13.27,1.56
333,334,600320,振华重工,4.01,1.52,0.06,288616.0,115216693.0,2.28,4.03,3.94,4.0,3.95,0.87,34.47,1.38
334,335,600515,海南机场,3.47,1.46,0.05,407172.0,140771930.0,2.05,3.49,3.42,3.45,3.42,0.44,68.48,1.71
335,336,600307,酒钢宏兴,1.4,1.45,0.02,226968.0,31620629.0,2.17,1.41,1.38,1.39,1.38,0.36,-4.53,0.95
336,337,603329,上海雅仕,11.92,1.45,0.17,17440.0,20679774.0,1.87,11.97,11.75,11.9,11.75,1.1,66.36,1.73
337,338,605155,西大门,9.17,1.44,0.13,16631.0,15111367.0,2.43,9.19,8.97,9.06,9.04,0.88,15.97,1.46
338,339,300198,纳川股份,2.12,1.44,0.03,619381.0,130257998.2,4.78,2.15,2.05,2.09,2.09,6.05,-28.31,3.05
339,340,002394,联发股份,7.1,1.43,0.1,30798.0,21673412.05,2.14,7.1,6.95,7.0,7.0,0.95,23.34,0.58
340,341,601919,中远海控,14.93,1.43,0.21,843094.0,1255570949.0,2.04,15.02,14.72,14.77,14.72,0.66,7.06,1.13
341,342,300851,交大思诺,31.38,1.42,0.44,16405.0,50371273.0,4.43,31.45,30.08,30.79,30.94,3.75,54.13,2.14
342,343,603569,长久物流,7.17,1.41,0.1,54269.0,38522163.0,2.97,7.19,6.98,7.12,7.07,0.9,41.16,1.52
343,344,603101,汇嘉时代,5.02,1.41,0.07,24962.0,12380877.0,3.23,5.02,4.86,4.98,4.95,0.53,28.64,1.58
344,345,603583,捷昌驱动,18.25,1.39,0.25,60615.0,109041385.0,3.5,18.28,17.65,18.04,18.0,1.59,18.5,1.65
345,346,600406,国电南瑞,27.02,1.39,0.37,250901.0,673477086.0,3.3,27.25,26.37,27.02,26.65,0.31,40.06,4.78
346,347,002545,东方铁塔,6.61,1.38,0.09,70994.0,46459342.0,2.91,6.63,6.44,6.53,6.52,0.63,14.93,0.96
347,348,002478,常宝股份,5.21,1.36,0.07,64771.0,33493332.0,2.33,5.23,5.11,5.18,5.14,0.9,7.2,0.88
348,349,301053,远信工业,20.93,1.36,0.28,11907.0,24557793.0,3.87,20.96,20.16,20.96,20.65,1.5,37.59,2.83
349,350,600495,晋西车轴,3.79,1.34,0.05,120161.0,45180166.0,2.41,3.79,3.7,3.77,3.74,0.99,-115.43,1.42
350,351,000039,中集集团,8.62,1.29,0.11,241732.0,206687303.84,2.7,8.68,8.45,8.51,8.51,1.05,26.84,1.01
351,352,600499,科达制造,7.86,1.29,0.1,150600.0,116457996.0,3.74,7.88,7.59,7.86,7.76,0.79,16.58,1.34
352,353,301335,天元宠物,19.35,1.26,0.24,5544.0,10599465.57,2.67,19.39,18.88,18.93,19.11,1.11,39.1,1.28
353,354,600717,天津港,4.87,1.25,0.06,212910.0,103245454.0,2.49,4.91,4.79,4.86,4.81,0.74,11.44,0.74
354,355,002206,海 利 得,4.07,1.24,0.05,141390.0,56845915.0,2.74,4.07,3.96,4.03,4.02,1.54,12.47,1.28
355,356,600693,东百集团,3.28,1.23,0.04,67002.0,21745570.0,2.47,3.29,3.21,3.24,3.24,0.77,20.41,0.8
356,357,002627,三峡旅游,4.93,1.23,0.06,58214.0,28553413.0,1.85,4.95,4.86,4.89,4.87,0.81,33.22,1.18
357,358,601500,通用股份,5.01,1.21,0.06,360356.0,177792401.0,3.64,5.02,4.84,4.97,4.95,2.29,13.9,1.42
358,359,001213,中铁特货,4.18,1.21,0.05,215882.0,89639969.0,2.18,4.19,4.1,4.15,4.13,0.49,20.55,0.99
359,360,600096,云天化,22.63,1.21,0.27,277998.0,621552882.0,3.18,22.71,22.0,22.3,22.36,1.52,7.31,2.09
360,361,000759,中百集团,3.53,1.15,0.04,161966.0,56746746.29,2.58,3.55,3.46,3.49,3.49,2.47,-8.46,1.12
361,362,600790,轻纺城,3.69,1.1,0.04,89716.0,32894651.0,2.19,3.71,3.63,3.7,3.65,0.61,15.16,0.88
362,363,002644,佛慈制药,7.39,1.09,0.08,39506.0,28846668.0,2.87,7.41,7.2,7.32,7.31,0.77,52.27,2.14
363,364,000564,供销大集,1.85,1.09,0.02,1726363.0,314116846.34,3.83,1.85,1.78,1.82,1.83,1.13,-400.38,2.22
364,365,300676,华大基因,45.48,1.09,0.49,38984.0,174372804.84,3.87,45.65,43.91,45.0,44.99,0.95,519.55,1.88
365,366,603727,博迈科,11.4,1.06,0.12,48716.0,55007517.0,3.28,11.47,11.1,11.27,11.28,1.73,25.39,1.01
366,367,300001,特锐德,22.89,1.06,0.24,239179.0,540344480.52,3.58,23.0,22.19,22.9,22.65,2.33,62.56,3.64
367,368,600379,宝光股份,9.72,1.04,0.1,37925.0,36543887.0,2.29,9.74,9.52,9.63,9.62,1.15,34.94,4.4
368,369,603187,海容冷链,10.7,1.04,0.11,53489.0,56354133.0,3.49,10.72,10.35,10.58,10.59,1.38,10.33,1.04
369,370,600798,宁波海运,2.95,1.03,0.03,69963.0,20481590.0,1.71,2.95,2.9,2.93,2.92,0.58,-96.81,0.91
370,371,000507,珠海港,4.95,1.02,0.05,66418.0,32662481.84,1.43,4.95,4.88,4.92,4.9,0.74,11.84,0.88
371,372,002019,亿帆医药,12.13,1.0,0.12,84416.0,100787943.32,3.5,12.15,11.73,12.02,12.01,1.0,29.13,1.76
372,373,601106,中国一重,3.1,0.98,0.03,600669.0,186283032.0,3.58,3.15,3.04,3.09,3.07,0.88,-61.41,2.45
373,374,603150,万朗磁塑,25.77,0.94,0.24,7883.0,19938292.0,3.64,25.77,24.84,25.28,25.53,1.47,15.0,1.51
374,375,600180,瑞茂通,4.3,0.94,0.04,67040.0,28576009.0,2.82,4.32,4.2,4.26,4.26,0.62,14.48,0.59
375,376,002329,皇氏集团,3.23,0.94,0.03,156286.0,49704970.0,4.06,3.24,3.11,3.16,3.2,2.37,1094.31,1.59
376,377,603318,水发燃气,6.47,0.94,0.06,45891.0,29414932.0,2.65,6.49,6.32,6.41,6.41,1.2,33.79,1.75
377,378,003041,真爱美家,11.95,0.93,0.11,8108.0,9616646.0,2.79,12.0,11.67,11.98,11.84,0.59,25.54,1.32
378,379,600778,友好集团,5.45,0.93,0.05,33338.0,18069309.0,2.96,5.49,5.33,5.38,5.4,1.07,106.95,7.71
379,380,000610,西安旅游,12.11,0.92,0.11,51464.0,61892719.11,2.25,12.15,11.88,12.01,12.0,2.19,-22.52,6.62
380,381,600500,中化国际,4.41,0.92,0.04,180714.0,79041830.0,2.75,4.44,4.32,4.42,4.37,0.5,642.41,1.03
381,382,600028,中国石化,6.81,0.89,0.06,1352911.0,921521259.0,2.52,6.9,6.73,6.88,6.75,0.14,11.61,1.0
382,383,601228,广州港,3.41,0.89,0.03,274736.0,93207337.0,1.78,3.42,3.36,3.38,3.38,0.36,21.27,1.26
383,384,002554,惠博普,2.55,0.79,0.02,129901.0,32997249.65,2.77,2.57,2.5,2.52,2.53,0.96,55.92,1.34
384,385,600157,永泰能源,1.31,0.77,0.01,4527026.0,589340460.0,3.08,1.32,1.28,1.3,1.3,2.04,12.23,0.62
385,386,000703,恒逸石化,6.55,0.77,0.05,105205.0,68332285.16,2.15,6.56,6.42,6.49,6.5,0.29,27.9,1.0
386,387,601989,中国重工,5.39,0.75,0.04,1507671.0,812829047.0,3.36,5.49,5.31,5.41,5.35,0.66,115.42,1.47
387,388,002493,荣盛石化,9.5,0.74,0.07,215115.0,203393831.0,2.01,9.55,9.36,9.49,9.43,0.23,56.06,2.19
388,389,688425,铁建重工,4.15,0.73,0.03,271132.0,111982668.0,2.67,4.18,4.07,4.16,4.12,1.83,15.31,1.32
389,390,002207,准油股份,5.77,0.7,0.04,144552.0,82500121.08,5.76,5.89,5.56,5.61,5.73,5.54,-54.26,21.88
390,391,002091,江苏国泰,7.28,0.69,0.05,122560.0,88393360.56,2.63,7.3,7.11,7.24,7.23,0.77,12.06,0.8
391,392,002116,中国海诚,10.4,0.68,0.07,190506.0,194666136.74,4.07,10.43,10.01,10.2,10.33,4.19,17.28,2.08
392,393,600125,铁龙物流,6.07,0.66,0.04,145067.0,87165258.0,2.82,6.08,5.91,6.04,6.03,1.11,13.96,1.08
393,394,000088,盐 田 港,4.95,0.61,0.03,124927.0,61761524.61,2.24,4.99,4.88,4.92,4.92,0.56,16.9,1.62
394,395,688121,卓然股份,11.68,0.6,0.07,28542.0,32946227.0,3.53,11.71,11.3,11.61,11.61,2.02,38.44,1.08
395,396,600176,中国巨石,10.92,0.55,0.06,299117.0,324309008.0,3.59,11.09,10.7,10.95,10.86,0.75,22.74,1.53
396,397,600583,海油工程,5.67,0.53,0.03,242145.0,136275660.0,2.13,5.68,5.56,5.63,5.64,0.55,10.48,0.99
397,398,601808,中海油服,15.87,0.51,0.08,61734.0,97574488.0,2.85,16.05,15.6,15.75,15.79,0.21,23.78,1.79
398,399,600691,阳煤化工,2.14,0.47,0.01,215791.0,45783714.0,3.76,2.17,2.09,2.15,2.13,0.91,-8.88,1.16
399,400,601857,中国石油,8.74,0.46,0.04,1386542.0,1213104963.0,2.53,8.84,8.62,8.7,8.7,0.09,9.03,1.07
400,401,600089,特变电工,13.59,0.44,0.06,315370.0,427598443.0,2.0,13.69,13.42,13.45,13.53,0.62,11.31,1.1
401,402,000008,神州高铁,2.27,0.44,0.01,453740.0,102379882.0,2.65,2.28,2.22,2.26,2.26,1.69,-17.66,1.82
402,403,002937,兴瑞科技,18.06,0.33,0.06,58050.0,103959826.0,3.78,18.18,17.5,18.01,18.0,1.96,18.21,3.75
403,404,601399,国机重装,3.03,0.33,0.01,370824.0,111720230.0,2.65,3.05,2.97,3.03,3.02,0.51,51.3,1.55
404,405,300827,上能电气,40.51,0.3,0.12,83932.0,334197763.88,5.17,40.77,38.68,40.16,40.39,3.23,45.31,7.57
405,406,600339,中油工程,3.59,0.28,0.01,540450.0,192146567.0,3.07,3.61,3.5,3.58,3.58,0.97,19.0,0.76
406,407,603117,万林物流,4.06,0.25,0.01,52699.0,21370001.0,1.48,4.09,4.03,4.06,4.05,0.88,74.89,2.08
407,408,603556,海兴电力,45.9,0.24,0.11,28587.0,129938003.0,3.54,46.3,44.68,46.08,45.79,0.58,21.04,3.39
408,409,600026,中远海能,14.1,0.21,0.03,275509.0,387323710.0,3.06,14.28,13.85,14.1,14.07,0.79,12.9,1.89
409,410,600150,中国船舶,40.56,0.2,0.08,590510.0,2404803828.0,3.83,41.58,40.03,40.69,40.48,1.32,64.22,3.72
410,411,603619,中曼石油,21.24,0.09,0.02,69331.0,145798200.0,4.01,21.37,20.52,20.9,21.22,1.73,11.48,2.58
411,412,600104,上汽集团,13.68,0.07,0.01,242500.0,330675110.0,2.05,13.78,13.5,13.67,13.67,0.21,11.95,0.55
412,413,600560,金自天正,14.49,0.0,0.0,77974.0,110285031.0,4.49,14.53,13.88,14.0,14.49,3.49,87.98,3.56
413,414,600278,东方创业,6.67,0.0,0.0,73010.0,47819066.0,3.75,6.68,6.43,6.6,6.67,0.84,22.63,0.81
414,415,600190,ST锦港,,,,,,,,,,1.47,0.0,33.44,0.44
415,416,600011,华能国际,7.31,0.0,0.0,898810.0,655131904.0,2.46,7.38,7.2,7.31,7.31,0.82,7.7,2.05
416,417,002976,瑞玛精密,22.42,0.0,0.0,22006.0,48318023.58,4.33,22.45,21.48,21.99,22.42,3.38,195.06,3.32
417,418,002707,众信旅游,6.71,0.0,0.0,237257.0,158043153.41,3.73,6.78,6.53,6.73,6.71,2.88,45.94,7.96
418,419,000506,*ST中润,,,,,,,,,,1.45,0.0,-12.26,2.12
419,420,301058,中粮科工,13.13,-0.15,-0.02,549950.0,700979314.95,14.3,13.88,12.0,12.84,13.15,10.74,40.77,3.38
420,421,000796,ST凯撒,3.81,-0.52,-0.02,167210.0,62584581.0,4.7,3.85,3.67,3.77,3.83,1.72,-181.16,7.05
421,422,001319,铭科精技,20.59,-0.77,-0.16,26878.0,54276027.76,4.14,20.66,19.8,20.2,20.75,4.41,32.21,2.38
422,423,600415,小商品城,11.01,-0.81,-0.09,3739353.0,4282343361.0,15.32,12.21,10.51,12.02,11.1,6.84,20.85,3.34
423,424,300103,达刚控股,6.94,-1.0,-0.07,170698.0,114267735.95,6.85,6.98,6.5,6.96,7.01,7.7,-76.28,3.59
424,425,600894,广日股份,11.54,-1.03,-0.12,123854.0,142159640.0,3.43,11.7,11.3,11.66,11.66,1.44,21.52,1.11
425,426,000400,许继电气,32.22,-1.44,-0.47,234261.0,743357454.89,5.93,32.84,30.9,32.8,32.69,2.32,26.14,2.97
426,427,002828,贝肯能源,8.77,-1.79,-0.16,122508.0,106605940.34,5.15,8.96,8.5,8.75,8.93,6.37,85.03,3.02
427,428,603298,杭叉集团,19.03,-1.96,-0.38,126956.0,243059593.0,4.59,19.81,18.92,19.81,19.41,0.97,12.38,2.74
428,429,000032,深桑达Ａ,17.35,-2.31,-0.41,637616.0,1057183820.38,9.52,17.7,16.01,16.63,17.76,9.89,-260.53,3.12
429,430,002635,安洁科技,16.03,-2.91,-0.48,318833.0,493979474.59,5.88,16.04,15.07,15.57,16.51,8.06,30.24,1.85
430,431,002309,*ST中利,1.97,-2.96,-0.06,100614.0,19905265.0,5.42,2.04,1.93,2.04,2.03,1.16,-3.23,-2.12
431,432,002353,杰瑞股份,33.33,-3.08,-1.06,106709.0,355793762.89,4.59,34.4,32.82,34.39,34.39,1.54,15.68,1.74
432,433,920019,铜冠矿建,26.7,-25.83,-9.3,158725.0,406938419.74,10.0,28.8,25.2,25.2,36.0,36.86,62.76,6.32
