,序号,代码,名称,最新价,涨跌幅,涨跌额,成交量,成交额,振幅,最高,最低,今开,昨收,换手率,市盈率-动态,市净率
0,1,600657,信达地产,4.46,10.12,0.41,355784,158679664.0,0.0,4.46,4.46,4.46,4.05,1.25,59.75,0.51
1,2,600120,浙江东方,4.57,10.12,0.42,1648151,735928257.0,6.99,4.57,4.28,4.57,4.15,4.83,61.12,1.05
2,3,000563,陕国投Ａ,3.72,10.06,0.34,3792195,1397640634.39,4.44,3.72,3.57,3.68,3.38,7.42,13.86,1.09
3,4,600837,海通证券,11.68,9.98,1.06,6381186,7358151852.0,5.56,11.68,11.09,11.68,10.62,6.61,80.05,0.94
4,5,000652,泰达股份,4.2,9.95,0.38,799915,326043569.27,6.81,4.2,3.94,4.07,3.82,5.43,31.3,1.09
5,6,601211,国泰君安,19.3,8.49,1.51,5124266,9821912177.0,8.54,19.57,18.05,19.57,17.79,6.85,17.13,1.16
6,7,601600,中国铝业,9.13,7.16,0.61,3476748,3134149437.0,5.87,9.22,8.72,8.72,8.52,2.65,11.16,2.43
7,8,600219,南山铝业,4.43,7.0,0.29,1879276,817549817.0,7.0,4.47,4.18,4.22,4.14,1.61,11.85,1.06
8,9,002142,宁波银行,26.05,6.81,1.66,602089,1539098894.02,5.04,26.13,24.9,24.99,24.39,0.92,6.3,0.89
9,10,600435,北方导航,10.84,6.59,0.67,378322,400453410.0,6.1,10.88,10.26,10.34,10.17,2.52,-109.73,6.26
10,11,600048,保利发展,10.9,6.34,0.65,2991470,3197257784.0,7.22,11.15,10.41,10.59,10.25,2.5,8.79,0.67
11,12,002246,北化股份,10.58,6.22,0.62,335583,351715518.82,6.43,10.81,10.17,10.26,9.96,6.11,83.79,2.01
12,13,001979,招商蛇口,11.28,6.11,0.65,1716472,1904865636.38,4.89,11.32,10.8,10.95,10.63,2.06,36.06,1.06
13,14,600383,金地集团,5.38,6.11,0.31,2354921,1238690052.0,7.69,5.45,5.06,5.27,5.07,5.22,-3.61,0.39
14,15,600376,首开股份,2.79,6.08,0.16,483803,131962998.0,4.56,2.79,2.67,2.71,2.63,1.88,-1.85,0.45
15,16,002073,软控股份,7.96,5.99,0.45,284807,222702853.0,4.26,7.98,7.66,7.67,7.51,2.96,21.03,1.48
16,17,600606,绿地控股,2.01,5.79,0.11,1667029,330820498.0,7.37,2.06,1.92,2.04,1.9,1.19,67.37,0.35
17,18,000062,深圳华强,26.3,5.71,1.42,515381,1290639895.12,9.57,26.4,24.02,24.48,24.88,4.93,77.9,3.85
18,19,601668,中国建筑,6.39,5.62,0.34,5457773,3449732248.0,4.79,6.47,6.18,6.18,6.05,1.32,4.51,0.61
19,20,002244,滨江集团,10.46,5.44,0.54,739396,769147076.41,5.85,10.67,10.09,10.2,9.92,2.76,13.95,1.23
20,21,000768,中航西飞,28.49,5.4,1.46,459010,1300169757.83,5.88,28.82,27.23,27.31,27.03,1.66,60.3,3.97
21,22,000997,新 大 陆,16.69,5.3,0.84,255556,415450839.37,5.36,16.75,15.9,16.01,15.85,2.49,16.25,2.57
22,23,600325,华发股份,7.05,5.22,0.35,725845,500917895.0,5.22,7.05,6.7,6.93,6.7,2.82,7.67,0.84
23,24,601939,建设银行,8.58,5.15,0.42,2259484,1913414612.0,4.66,8.63,8.25,8.25,8.16,2.36,6.53,0.71
24,25,600021,上海电力,9.37,5.04,0.45,751240,696802267.0,3.81,9.45,9.11,9.2,8.92,2.87,9.94,1.4
25,26,000786,北新建材,32.84,4.99,1.56,170455,547298038.71,4.8,32.87,31.37,31.61,31.28,1.04,12.53,2.29
26,27,600570,恒生电子,24.54,4.96,1.16,819123,1908937969.0,8.85,24.56,22.49,23.52,23.38,4.32,777.55,5.96
27,28,000425,徐工机械,7.84,4.95,0.37,1346644,1051995765.88,6.43,7.95,7.47,7.47,7.47,1.66,12.5,1.55
28,29,000598,兴蓉环境,7.59,4.55,0.33,336989,254638447.05,5.37,7.75,7.36,7.36,7.26,1.13,12.2,1.33
29,30,002724,海洋王,5.07,4.54,0.22,64247,31832368.22,4.54,5.08,4.86,4.88,4.85,1.12,45.31,1.4
30,31,601155,新城控股,14.43,4.49,0.62,461739,655291556.0,5.65,14.6,13.82,14.1,13.81,2.05,12.35,0.53
31,32,601166,兴业银行,19.83,4.37,0.83,1134471,2231300600.0,3.63,19.96,19.27,19.27,19.0,0.55,4.78,0.57
32,33,000002,万  科Ａ,9.49,4.29,0.39,2948170,2755776113.86,4.07,9.53,9.16,9.41,9.1,3.03,-5.75,0.47
33,34,601012,隆基绿能,16.88,4.2,0.68,1171612,1928658217.0,4.75,16.9,16.13,16.35,16.2,1.55,-12.2,2.0
34,35,601992,金隅集团,1.74,4.19,0.07,579273,99573262.0,3.59,1.75,1.69,1.69,1.67,0.7,-11.52,0.42
35,36,600633,浙数文化,10.24,4.17,0.41,163580,162030540.0,7.53,10.33,9.59,9.83,9.83,1.29,44.01,1.34
36,37,600743,华远地产,1.5,4.17,0.06,354235,52663018.0,3.47,1.51,1.46,1.49,1.44,1.51,-4.49,15.1
37,38,601288,农业银行,5.03,4.14,0.2,7679540,3822768147.0,3.73,5.06,4.88,4.9,4.83,0.24,6.48,0.71
38,39,002153,石基信息,7.21,4.04,0.28,212682,148588246.12,5.77,7.24,6.84,6.95,6.93,1.33,397.96,2.69
39,40,600252,中恒集团,2.33,4.02,0.09,467669,107609683.0,4.91,2.35,2.24,2.29,2.24,1.37,183.53,1.27
40,41,000031,大悦城,3.15,3.96,0.12,289791,89430072.52,5.61,3.17,3.0,3.09,3.03,0.72,-18.56,1.01
41,42,601800,中国交建,10.91,3.9,0.41,2054295,2231747149.0,9.05,11.2,10.25,10.4,10.5,1.75,7.79,0.65
42,43,603328,依顿电子,9.58,3.9,0.36,223836,209744849.0,4.66,9.59,9.16,9.16,9.22,2.24,18.37,2.48
43,44,600585,海螺水泥,25.84,3.9,0.97,379441,976957819.0,4.1,26.15,25.13,25.13,24.87,0.95,20.59,0.75
44,45,601601,中国太保,38.67,3.84,1.43,410850,1564895984.0,4.83,38.85,37.05,37.7,37.24,0.6,7.4,1.39
45,46,000631,顺发恒业,2.71,3.83,0.1,147771,39398234.04,4.21,2.74,2.63,2.67,2.61,0.62,97.57,1.14
46,47,600031,三一重工,18.59,3.8,0.68,860507,1588541294.0,3.63,18.65,18.0,18.0,17.91,1.02,22.05,2.28
47,48,601186,中国铁建,9.68,3.75,0.35,2085738,2023608135.0,7.72,10.09,9.37,9.37,9.33,1.81,5.52,0.51
48,49,601998,中信银行,6.97,3.72,0.25,901235,620861166.0,2.98,6.98,6.78,6.82,6.72,0.23,5.25,0.57
49,50,300033,同花顺,188.96,3.7,6.74,218272,3926847417.81,9.89,190.0,171.98,184.0,182.22,7.98,139.97,15.61
50,51,002475,立讯精密,43.75,3.67,1.55,581189,2512280452.57,4.72,43.84,41.85,41.85,42.2,0.81,29.29,5.36
51,52,600061,国投资本,7.79,3.59,0.27,758245,574388214.0,6.25,7.82,7.35,7.64,7.52,1.18,20.01,0.99
52,53,000001,平安银行,12.14,3.58,0.42,1927963,2313585605.02,3.33,12.18,11.79,11.98,11.72,0.99,4.55,0.57
53,54,600636,国新文化,9.0,3.57,0.31,57475,50791059.0,4.14,9.0,8.64,8.85,8.69,1.31,-53.73,1.63
54,55,601898,中煤能源,14.37,3.53,0.49,282663,401275367.0,5.98,14.51,13.68,13.95,13.88,0.31,9.73,1.29
55,56,600170,上海建工,2.35,3.52,0.08,1537515,357345887.0,3.08,2.36,2.29,2.32,2.27,1.73,12.63,0.69
56,57,002236,大华股份,16.47,3.52,0.56,470570,760178648.81,3.96,16.5,15.87,15.9,15.91,2.24,14.98,1.56
57,58,000651,格力电器,50.29,3.5,1.7,431450,2140613425.85,3.54,50.38,48.66,48.66,48.59,0.78,10.02,2.4
58,59,601666,平煤股份,10.69,3.48,0.36,479561,506236187.0,5.13,10.78,10.25,10.4,10.33,1.94,9.5,1.12
59,60,601117,中国化学,8.24,3.39,0.27,799588,648250070.0,3.76,8.25,7.95,8.03,7.97,1.32,8.87,0.83
60,61,601231,环旭电子,15.4,3.36,0.5,134866,202311248.0,4.9,15.41,14.68,14.91,14.9,0.61,21.71,2.05
61,62,000069,华侨城Ａ,2.78,3.35,0.09,1319674,362490563.46,5.95,2.83,2.67,2.79,2.69,1.91,-10.58,0.39
62,63,002053,云南能投,12.46,3.32,0.4,51356,62951275.57,4.98,12.57,11.97,12.13,12.06,0.56,10.09,1.57
63,64,600064,南京高科,6.9,3.29,0.22,246842,167763674.0,3.44,6.91,6.68,6.83,6.68,1.43,5.84,0.66
64,65,600000,浦发银行,10.49,3.25,0.33,726175,754912852.0,2.85,10.54,10.25,10.31,10.16,0.25,5.7,0.49
65,66,002415,海康威视,30.59,3.24,0.96,660048,1993903929.16,4.05,30.71,29.51,29.63,29.63,0.72,27.89,3.83
66,67,601398,工商银行,6.47,3.19,0.2,6220109,3995749085.0,2.87,6.5,6.32,6.32,6.27,0.23,6.76,0.66
67,68,600663,陆家嘴,10.12,3.16,0.31,96875,96726667.0,3.98,10.2,9.81,10.0,9.81,0.33,45.85,2.06
68,69,601818,光大银行,3.6,3.15,0.11,1727893,617188200.0,2.87,3.62,3.52,3.53,3.49,0.37,4.34,0.46
69,70,601328,交通银行,7.6,3.12,0.23,1947044,1475339223.0,3.53,7.68,7.42,7.42,7.37,0.5,6.23,0.61
70,71,600690,海尔智家,32.43,3.12,0.98,360659,1150658219.0,4.23,32.49,31.16,31.57,31.45,0.58,14.6,2.88
71,72,601766,中国中车,8.31,3.1,0.25,1482261,1219057651.0,3.35,8.34,8.07,8.07,8.06,0.61,28.39,1.49
72,73,600736,苏州高新,4.77,3.02,0.14,230233,109183863.0,3.89,4.84,4.66,4.8,4.63,2.0,19.26,0.74
73,74,000823,超声电子,8.9,3.01,0.26,85688,74781401.0,4.28,8.93,8.56,8.68,8.64,1.6,31.97,1.06
74,75,000333,美的集团,79.07,3.0,2.3,338535,2640666578.42,3.33,79.16,76.6,77.03,76.77,0.49,14.54,3.67
75,76,002594,比亚迪,308.98,2.98,8.93,131795,4023184021.74,3.26,309.98,300.2,300.99,300.05,1.13,32.97,6.3
76,77,601628,中国人寿,43.95,2.93,1.25,165775,719440200.0,4.1,44.12,42.37,43.9,42.7,0.08,16.23,2.52
77,78,601158,重庆水务,4.93,2.92,0.14,190081,93239233.0,3.13,4.97,4.82,4.92,4.79,0.4,28.44,1.42
78,79,600895,张江高科,24.37,2.91,0.69,540858,1281073042.0,5.91,24.5,23.1,23.9,23.68,3.49,70.87,3.04
79,80,600036,招商银行,39.54,2.89,1.11,996270,3911230392.0,2.89,39.8,38.69,39.01,38.43,0.48,6.67,1.04
80,81,601225,陕西煤业,26.13,2.87,0.73,382659,993266450.0,5.87,26.36,24.87,25.5,25.4,0.39,12.0,2.85
81,82,600522,中天科技,15.14,2.85,0.42,403404,603140534.0,3.06,15.17,14.72,14.86,14.72,1.18,17.7,1.53
82,83,600510,黑牡丹,4.74,2.82,0.13,164969,77553796.0,4.12,4.8,4.61,4.76,4.61,1.6,44.65,0.49
83,84,601988,中国银行,5.16,2.79,0.14,3100343,1590940990.0,2.39,5.18,5.06,5.07,5.02,0.15,6.4,0.66
84,85,600015,华夏银行,7.5,2.74,0.2,481222,358160846.0,2.74,7.55,7.35,7.36,7.3,0.31,4.79,0.42
85,86,600284,浦东建设,6.01,2.74,0.16,130734,77897060.0,2.91,6.03,5.86,5.92,5.85,1.35,11.19,0.77
86,87,600019,宝钢股份,6.95,2.66,0.18,1295019,897428052.0,4.14,7.09,6.81,6.82,6.77,0.59,16.81,0.76
87,88,002202,金风科技,10.09,2.64,0.26,364619,362247142.68,3.26,10.12,9.8,9.84,9.83,1.07,15.37,1.17
88,89,300059,东方财富,21.4,2.64,0.55,12801058,25529749195.04,12.9,21.58,18.89,20.65,20.85,9.58,41.65,4.5
89,90,600863,内蒙华电,4.69,2.63,0.12,676024,313745781.0,3.5,4.72,4.56,4.6,4.57,1.04,8.66,1.91
90,91,300321,同大股份,16.31,2.58,0.41,15807,25383587.0,4.28,16.36,15.68,15.89,15.9,1.78,79.35,2.31
91,92,000541,佛山照明,5.27,2.53,0.13,122206,63630133.64,2.72,5.27,5.13,5.19,5.14,1.02,21.23,1.3
92,93,601899,紫金矿业,17.67,2.49,0.43,1554072,2726711907.0,4.0,17.77,17.08,17.36,17.24,0.76,15.57,3.76
93,94,601000,唐山港,4.94,2.49,0.12,690120,340179601.0,4.15,5.02,4.82,4.83,4.82,1.16,13.26,1.47
94,95,600261,阳光照明,2.9,2.47,0.07,106107,30652126.0,2.47,2.92,2.85,2.86,2.83,0.79,26.48,1.14
95,96,601318,中国平安,58.96,2.47,1.42,935242,5462284294.0,2.94,59.24,57.55,58.39,57.54,0.87,7.19,1.15
96,97,000157,中联重科,7.1,2.45,0.17,587295,414491635.86,2.74,7.13,6.94,6.97,6.93,0.83,13.46,1.1
97,98,002242,九阳股份,10.87,2.45,0.26,49123,52070212.23,5.0,10.89,10.36,10.59,10.61,0.64,23.77,2.34
98,99,600276,恒瑞医药,51.43,2.45,1.23,296976,1510846402.0,3.21,51.67,50.06,50.5,50.2,0.47,47.8,7.7
99,100,601390,中国中铁,6.75,2.43,0.16,2267559,1530369041.0,4.4,6.89,6.6,6.68,6.59,1.11,5.85,0.57
100,101,002241,歌尔股份,22.66,2.39,0.53,596525,1332608130.53,3.62,22.78,21.98,22.15,22.13,1.98,31.6,2.48
101,102,000100,TCL科技,4.3,2.38,0.1,2280798,963808090.88,3.81,4.32,4.16,4.2,4.2,1.26,40.57,1.54
102,103,601669,中国电建,5.67,2.35,0.13,1781453,1006012481.0,3.25,5.75,5.57,5.65,5.54,1.36,7.7,0.72
103,104,601801,皖新传媒,7.0,2.34,0.16,116965,80177394.0,4.97,7.04,6.7,6.89,6.84,0.6,11.84,1.19
104,105,600874,创业环保,5.74,2.32,0.13,146256,84227504.0,5.88,5.95,5.62,5.9,5.61,1.19,10.68,0.97
105,106,600398,海澜之家,6.4,2.24,0.14,464636,292812782.0,3.51,6.41,6.19,6.28,6.26,0.97,9.39,1.75
106,107,002030,达安基因,5.99,2.22,0.13,139518,81991010.78,4.1,6.0,5.76,5.87,5.86,0.99,-10.53,1.0
107,108,600757,长江传媒,8.9,2.18,0.19,154665,135428580.0,4.59,8.95,8.55,8.81,8.71,1.27,10.15,1.19
108,109,000973,佛塑科技,4.24,2.17,0.09,100709,42245806.5,3.61,4.26,4.11,4.17,4.15,1.04,40.72,1.46
109,110,000898,鞍钢股份,2.37,2.16,0.05,381788,90000302.85,3.02,2.39,2.32,2.34,2.32,0.48,-4.14,0.43
110,111,000063,中兴通讯,30.48,2.14,0.64,872795,2618301501.6,3.69,30.56,29.46,29.98,29.84,2.17,12.72,2.07
111,112,601618,中国中冶,3.38,2.11,0.07,1659230,559678413.0,3.63,3.44,3.32,3.35,3.31,0.93,8.44,0.71
112,113,002267,陕天然气,7.79,2.1,0.16,115182,89020535.9,2.75,7.84,7.63,7.68,7.63,1.04,8.34,1.28
113,114,002225,濮耐股份,3.92,2.08,0.08,107778,42062252.75,2.86,3.95,3.84,3.84,3.84,1.31,14.87,1.18
114,115,000728,国元证券,8.33,2.08,0.17,816268,661304746.58,5.64,8.37,7.91,8.22,8.16,1.87,18.17,1.02
115,116,600780,通宝能源,5.89,2.08,0.12,66160,38436972.0,3.81,5.92,5.7,5.84,5.77,0.58,13.42,0.91
116,117,002250,联化科技,5.45,2.06,0.11,123229,66046969.32,3.93,5.46,5.25,5.35,5.34,1.34,177.72,0.79
117,118,600750,江中药业,22.42,2.0,0.44,66063,144734380.0,4.64,22.45,21.43,21.98,21.98,1.06,14.43,3.95
118,119,600588,用友网络,11.28,1.99,0.22,375441,412189563.0,5.52,11.31,10.7,11.07,11.06,1.1,-24.27,4.13
119,120,300408,三环集团,35.94,1.99,0.7,125343,439782008.14,4.57,36.05,34.44,35.24,35.24,0.67,33.58,3.69
120,121,000600,建投能源,5.15,1.98,0.1,218899,111699007.39,2.97,5.18,5.03,5.08,5.05,2.01,13.97,0.92
121,122,600177,雅戈尔,7.84,1.95,0.15,213368,165680013.0,3.12,7.89,7.65,7.74,7.69,0.46,9.72,0.93
122,123,601009,南京银行,10.62,1.92,0.2,877514,938610386.0,3.45,10.88,10.52,10.52,10.42,0.93,4.85,0.76
123,124,600362,江西铜业,23.37,1.87,0.43,173244,401637991.0,2.48,23.45,22.88,22.96,22.94,0.83,11.19,1.09
124,125,000686,东北证券,7.64,1.87,0.14,360909,268738277.14,5.2,7.66,7.27,7.57,7.5,1.54,67.66,0.97
125,126,600600,青岛啤酒,71.95,1.84,1.3,55992,397778866.0,3.06,72.0,69.84,70.51,70.65,0.79,13.48,3.46
126,127,000963,华东医药,33.83,1.84,0.61,86008,286770922.8,3.19,33.88,32.82,33.22,33.22,0.49,17.5,2.73
127,128,600010,包钢股份,1.68,1.82,0.03,2099684,349604743.0,1.82,1.68,1.65,1.66,1.65,0.67,352.82,1.47
128,129,600958,东方证券,10.8,1.79,0.19,1005531,1060563941.0,5.37,10.85,10.28,10.61,10.61,1.35,21.73,1.22
129,130,000061,农 产 品,6.28,1.78,0.11,69008,42995794.46,2.27,6.3,6.16,6.25,6.17,0.41,25.03,1.74
130,131,600018,上港集团,6.38,1.75,0.11,333743,212127957.0,2.55,6.44,6.28,6.3,6.27,0.14,8.83,1.16
131,132,600547,山东黄金,27.87,1.75,0.48,284556,785753364.0,4.2,28.07,26.92,27.36,27.39,0.79,45.06,5.31
132,133,000338,潍柴动力,14.56,1.75,0.25,563982,812330138.1,2.66,14.59,14.21,14.33,14.31,1.13,10.76,1.51
133,134,000900,现代投资,4.11,1.73,0.07,142493,58465726.28,1.73,4.13,4.06,4.08,4.04,0.94,12.11,0.58
134,135,601868,中国能建,2.35,1.73,0.04,3758890,879169736.0,3.46,2.38,2.3,2.33,2.31,1.16,17.61,0.95
135,136,600999,招商证券,20.35,1.7,0.34,956210,1880903380.0,6.7,20.4,19.06,20.0,20.01,1.29,18.64,1.62
136,137,600017,日照港,3.01,1.69,0.05,406634,121694803.0,2.36,3.03,2.96,2.98,2.96,1.32,10.67,0.68
137,138,601018,宁波港,3.72,1.64,0.06,295933,109423029.0,2.46,3.75,3.66,3.67,3.66,0.19,16.2,0.96
138,139,601727,上海电气,4.5,1.58,0.07,531746,237750408.0,2.26,4.52,4.42,4.46,4.43,0.42,58.25,1.31
139,140,600422,昆药集团,14.35,1.56,0.22,95992,135157901.0,4.39,14.39,13.77,14.06,14.13,1.27,23.67,2.02
140,141,002365,永安药业,7.87,1.55,0.12,26869,21014399.5,2.58,7.91,7.71,7.8,7.75,1.1,22.09,1.16
141,142,000402,金 融 街,3.31,1.53,0.05,1395031,456437243.87,7.98,3.4,3.14,3.34,3.26,4.67,-2.49,0.29
142,143,600729,重庆百货,23.3,1.53,0.35,33482,77106254.0,3.18,23.35,22.62,22.84,22.95,1.78,7.21,1.49
143,144,601010,文峰股份,2.01,1.52,0.03,105608,20981620.0,2.53,2.01,1.96,2.0,1.98,0.57,25.64,0.84
144,145,601006,大秦铁路,6.73,1.51,0.1,778293,521325933.0,1.66,6.74,6.63,6.64,6.63,0.43,10.48,0.82
145,146,300396,迪瑞医疗,16.34,1.49,0.24,61523,98473930.5,4.53,16.36,15.63,16.08,16.1,2.26,13.48,2.15
146,147,600741,华域汽车,17.11,1.48,0.25,166214,282826243.0,2.55,17.18,16.75,16.9,16.86,0.53,9.42,0.93
147,148,000726,鲁  泰Ａ,6.21,1.47,0.09,58524,36083376.09,2.29,6.23,6.09,6.13,6.12,0.99,14.97,0.55
148,149,601216,君正集团,4.17,1.46,0.06,452920,186439954.0,2.92,4.18,4.06,4.13,4.11,0.54,11.62,1.36
149,150,300498,温氏股份,18.89,1.45,0.27,387622,723730570.15,2.52,18.9,18.43,18.62,18.62,0.71,47.34,3.74
150,151,002466,天齐锂业,33.89,1.44,0.48,351758,1170608636.59,4.07,33.94,32.58,33.33,33.41,2.38,-5.34,1.25
151,152,601919,中远海控,14.93,1.43,0.21,842782,1255105135.0,2.04,15.02,14.72,14.77,14.72,0.66,7.06,1.13
152,153,600406,国电南瑞,27.03,1.43,0.38,250884,673431142.0,3.3,27.25,26.37,27.02,26.65,0.31,40.07,4.78
153,154,600578,京能电力,3.61,1.4,0.05,274587,98682845.0,2.81,3.65,3.55,3.56,3.56,0.41,13.23,1.14
154,155,002462,嘉事堂,12.3,1.4,0.17,28004,34173224.0,2.56,12.32,12.01,12.15,12.13,0.96,10.66,0.83
155,156,000883,湖北能源,5.07,1.4,0.07,231697,116765027.37,2.6,5.11,4.98,5.02,5.0,0.36,11.56,0.99
156,157,000625,长安汽车,13.37,1.36,0.18,1241342,1638344987.99,2.96,13.4,13.01,13.19,13.19,1.51,23.41,1.85
157,158,600808,马钢股份,2.25,1.35,0.03,354460,79426768.0,2.7,2.27,2.21,2.24,2.22,0.59,-7.61,0.66
158,159,600795,国电电力,5.25,1.35,0.07,998615,521971565.0,3.47,5.31,5.13,5.19,5.18,0.56,6.97,1.71
159,160,600812,华北制药,5.34,1.33,0.07,90873,47944512.0,3.23,5.36,5.19,5.27,5.27,0.53,63.64,1.72
160,161,601336,新华保险,50.34,1.31,0.65,276391,1372615669.0,4.39,50.58,48.4,49.95,49.69,1.33,7.08,1.74
161,162,600660,福耀玻璃,58.59,1.3,0.75,119604,696433389.0,3.28,58.96,57.06,57.85,57.84,0.6,21.85,4.83
162,163,600717,天津港,4.87,1.25,0.06,212909,103244967.0,2.49,4.91,4.79,4.86,4.81,0.74,11.44,0.74
163,164,000417,合百集团,4.94,1.23,0.06,148027,72284756.11,3.48,4.96,4.79,4.9,4.88,1.9,10.15,0.81
164,165,601985,中国核电,10.79,1.22,0.13,1122789,1208854940.0,2.63,10.86,10.58,10.66,10.66,0.59,17.32,2.21
165,166,603288,海天味业,46.58,1.22,0.56,121045,556764009.0,3.78,46.82,45.08,46.79,46.02,0.22,37.5,9.24
166,167,002396,星网锐捷,15.83,1.21,0.19,102583,159849436.84,3.84,15.9,15.3,15.71,15.64,1.76,37.22,1.45
167,168,002008,大族激光,23.58,1.2,0.28,285718,660491274.8,4.16,23.6,22.63,23.2,23.3,2.92,10.13,1.58
168,169,000776,广发证券,16.05,1.2,0.19,926782,1455059438.03,4.92,16.1,15.32,15.89,15.86,1.57,14.02,1.05
169,170,601633,长城汽车,29.23,1.14,0.33,165319,477606045.0,2.63,29.28,28.52,28.95,28.9,0.27,17.64,3.39
170,171,002277,友阿股份,2.71,1.12,0.03,396151,104665583.18,4.85,2.72,2.59,2.69,2.68,2.84,19.21,0.56
171,172,600027,华电国际,5.83,1.04,0.06,677218,393380103.0,3.81,5.91,5.69,5.78,5.77,0.8,9.25,1.46
172,173,000685,中山公用,8.58,0.94,0.08,237599,202415951.04,3.88,8.74,8.41,8.66,8.5,1.89,11.4,0.75
173,174,600085,同仁堂,37.72,0.91,0.34,106227,396941140.0,3.08,37.89,36.74,37.55,37.38,0.77,25.33,4.09
174,175,600028,中国石化,6.81,0.89,0.06,1352481,921228414.0,2.52,6.9,6.73,6.88,6.75,0.14,11.61,1.0
175,176,600851,海欣股份,5.68,0.89,0.05,55504,30906227.0,4.09,5.68,5.45,5.62,5.63,0.75,33.68,1.76
176,177,002029,七 匹 狼,5.85,0.86,0.05,50472,29315854.0,2.59,5.87,5.72,5.85,5.8,0.76,11.06,0.63
177,178,600642,申能股份,8.35,0.85,0.07,193065,159890571.0,2.66,8.38,8.16,8.29,8.28,0.4,9.33,1.21
178,179,002500,山西证券,6.13,0.82,0.05,615563,368946777.9,4.93,6.15,5.85,6.12,6.08,1.71,34.53,1.24
179,180,600056,中国医药,11.17,0.81,0.09,147145,162823730.0,2.62,11.2,10.91,11.08,11.08,0.98,25.7,1.44
180,181,000538,云南白药,57.87,0.8,0.46,103255,594414095.6,2.02,58.11,56.95,57.55,57.41,0.58,16.19,2.62
181,182,000030,富奥股份,5.14,0.78,0.04,109548,55939730.9,2.55,5.17,5.04,5.12,5.1,0.65,14.13,1.18
182,183,000568,泸州老窖,142.45,0.76,1.07,182833,2554719530.66,4.28,142.75,136.7,141.38,141.38,1.25,13.06,5.02
183,184,600037,歌华有线,6.68,0.75,0.05,129649,85248284.0,3.62,6.7,6.46,6.65,6.63,0.93,-103.82,0.73
184,185,601989,中国重工,5.39,0.75,0.04,1507437,812702721.0,3.36,5.49,5.31,5.41,5.35,0.66,115.42,1.47
185,186,000876,新 希 望,9.7,0.73,0.07,238669,229836685.77,2.28,9.74,9.52,9.66,9.63,0.53,-18.11,2.2
186,187,000895,双汇发展,24.98,0.73,0.18,112532,280145304.3,1.85,25.1,24.64,24.83,24.8,0.32,18.84,4.7
187,188,600557,康缘药业,14.03,0.72,0.1,88294,121560802.0,4.02,14.07,13.51,13.93,13.93,1.53,15.38,1.59
188,189,002736,国信证券,11.8,0.68,0.08,531684,617225732.74,4.18,11.84,11.35,11.72,11.72,0.58,18.07,1.37
189,190,600519,贵州茅台,1615.27,0.64,10.28,32659,5233790647.0,2.46,1620.63,1581.17,1613.0,1604.99,0.26,24.33,9.28
190,191,600196,复星医药,25.88,0.62,0.16,154930,395925876.0,2.88,25.94,25.2,25.74,25.72,0.73,28.22,1.47
191,192,600900,长江电力,29.39,0.62,0.18,1033031,3032822329.0,1.54,29.55,29.1,29.22,29.21,0.43,31.64,3.71
192,193,600787,中储股份,5.19,0.58,0.03,199642,102827449.0,2.52,5.21,5.08,5.19,5.16,0.92,14.95,0.82
193,194,601857,中国石油,8.75,0.57,0.05,1385410,1212115587.0,2.53,8.84,8.62,8.7,8.7,0.09,9.04,1.07
194,195,000858,五 粮 液,150.49,0.56,0.84,258326,3840116592.14,3.33,151.0,146.01,151.0,149.65,0.67,15.33,4.48
195,196,601088,中国神华,42.83,0.54,0.23,260905,1115437774.0,3.83,43.55,41.92,42.4,42.6,0.16,14.42,2.14
196,197,600309,万华化学,82.44,0.54,0.44,229018,1879557357.0,2.83,83.5,81.18,82.5,82.0,0.73,15.83,2.83
197,198,601808,中海油服,15.87,0.51,0.08,61722,97555444.0,2.85,16.05,15.6,15.75,15.79,0.21,23.78,1.79
198,199,600628,新世界,6.56,0.46,0.03,41193,26807252.0,2.91,6.6,6.41,6.53,6.53,0.64,45.59,1.0
199,200,000661,长春高新,104.44,0.41,0.43,96809,990358424.05,4.91,105.11,100.0,104.44,104.01,2.43,12.22,1.92
200,201,601377,兴业证券,6.35,0.32,0.02,1174942,734524746.0,4.11,6.38,6.12,6.36,6.33,1.36,29.12,1.02
201,202,002066,瑞泰科技,9.58,0.31,0.03,44334,42242227.45,2.72,9.65,9.39,9.56,9.55,1.92,29.53,3.19
202,203,600332,白云山,28.8,0.31,0.09,97497,277933074.0,2.96,28.92,28.07,28.74,28.71,0.69,9.18,1.29
203,204,600436,片仔癀,239.34,0.3,0.71,22618,536008164.0,3.57,242.0,233.48,240.0,238.63,0.37,41.94,10.56
204,205,600026,中远海能,14.11,0.28,0.04,275498,387308191.0,3.06,14.28,13.85,14.1,14.07,0.79,12.91,1.89
205,206,600637,东方明珠,7.18,0.28,0.02,235787,168024867.0,3.35,7.26,7.02,7.17,7.16,0.7,28.51,0.82
206,207,002007,华兰生物,16.29,0.25,0.04,135396,217744700.22,3.38,16.38,15.83,16.2,16.25,0.86,33.84,2.65
207,208,002304,洋河股份,86.81,0.23,0.2,80445,690628420.75,3.14,87.21,84.49,86.61,86.61,0.54,8.23,2.47
208,209,600887,伊利股份,27.41,0.22,0.06,659624,1782559685.0,3.07,27.45,26.61,27.32,27.35,1.05,11.58,3.29
209,210,002294,信立泰,34.93,0.2,0.07,66134,226388721.4,4.48,35.04,33.48,34.43,34.86,0.59,56.58,4.97
210,211,601688,华泰证券,17.02,0.18,0.03,1508769,2536069471.0,4.18,17.19,16.48,17.05,16.99,2.07,14.47,1.0
211,212,601607,上海医药,20.36,0.1,0.02,161043,325011821.0,2.56,20.44,19.92,20.36,20.34,0.83,12.82,1.08
212,213,600104,上汽集团,13.68,0.07,0.01,242375,330504110.0,2.05,13.78,13.5,13.67,13.67,0.21,11.95,0.55
213,214,601888,中国中免,71.63,0.0,0.0,273146,1917728713.0,5.17,72.51,68.81,71.6,71.63,1.4,22.57,2.75
214,215,600826,兰生股份,7.18,0.0,0.0,199862,139921353.0,5.85,7.27,6.85,7.17,7.18,2.72,32.12,1.4
215,216,600115,中国东航,3.69,0.0,0.0,848092,310632846.0,2.17,3.7,3.62,3.7,3.69,0.58,-14.86,4.76
216,217,600029,南方航空,5.8,0.0,0.0,468191,269320154.0,2.41,5.82,5.68,5.8,5.8,0.37,-42.79,2.96
217,218,600011,华能国际,7.31,0.0,0.0,898460,654876077.0,2.46,7.38,7.2,7.31,7.31,0.82,7.7,2.05
218,219,000166,申万宏源,5.35,0.0,0.0,2017713,1058196530.94,4.67,5.36,5.11,5.34,5.35,0.9,31.48,1.32
219,220,601901,方正证券,8.64,-0.23,-0.02,1356028,1148992200.0,5.43,8.71,8.24,8.67,8.66,1.65,26.32,1.53
220,221,600009,上海机场,35.18,-0.26,-0.09,112149,391951450.0,2.58,35.44,34.53,35.27,35.27,0.58,53.72,2.13
221,222,600674,川投能源,18.09,-0.33,-0.06,323756,583352626.0,3.42,18.34,17.72,18.16,18.15,0.66,14.96,2.1
222,223,601139,深圳燃气,7.16,-0.69,-0.05,198261,141184330.0,2.08,7.2,7.05,7.13,7.21,0.69,14.63,1.36
223,224,601111,中国国航,7.04,-0.71,-0.05,615305,430812565.0,2.96,7.13,6.92,7.1,7.09,0.53,-20.99,3.19
224,225,600694,大商股份,18.85,-0.89,-0.17,51812,97050369.0,3.63,19.15,18.46,19.11,19.02,1.66,6.65,0.69
225,226,600894,广日股份,11.55,-0.94,-0.11,123836,142138852.0,3.43,11.7,11.3,11.66,11.66,1.44,21.54,1.11
226,227,601788,光大证券,17.85,-1.22,-0.22,620893,1092779960.0,5.37,18.18,17.21,18.09,18.07,1.59,29.59,1.43
227,228,600886,国投电力,16.21,-1.34,-0.22,328417,532101552.0,2.68,16.38,15.94,16.35,16.43,0.47,16.14,2.26
228,229,600030,中信证券,27.76,-1.46,-0.41,3551480,9556720684.0,6.78,27.98,26.07,27.97,28.17,2.92,19.46,1.61
229,230,000006,深振业Ａ,5.43,-2.34,-0.13,522005,281271959.38,7.01,5.65,5.26,5.64,5.56,3.87,-10.59,1.11
230,231,601066,中信建投,27.15,-2.51,-0.7,425081,1126188912.0,5.57,27.35,25.8,27.3,27.85,1.12,36.85,2.88
231,232,601881,中国银河,14.7,-4.98,-0.77,1840734,2656468346.0,7.63,15.15,13.97,15.01,15.47,2.54,18.32,1.54
232,233,601021,春秋航空,53.95,-5.65,-3.23,179994,972744351.0,6.44,56.8,53.12,56.8,57.18,1.84,19.4,3.22
233,234,601995,中金公司,37.67,-5.8,-2.32,941906,3457766313.0,6.73,38.68,35.99,38.66,39.99,3.22,40.81,2.04
