,序号,代码,名称,最新价,涨跌幅,涨跌额,成交量,成交额,振幅,最高,最低,今开,昨收,换手率,市盈率-动态,市净率
0,1,837006,晟楠科技,15.05,29.97,3.47,133759,195503415.59,22.19,15.05,12.48,12.5,11.58,41.63,82.87,4.01
1,2,300489,光智科技,27.34,20.02,4.56,4701,12851987.2,0.0,27.34,27.34,27.34,22.78,0.34,-53.15,6.58
2,3,300114,中航电测,69.67,20.0,11.61,657665,4505268961.12,10.11,69.67,63.8,63.8,58.06,11.13,244.94,16.64
3,4,301357,北方长龙,35.59,19.99,5.93,59300,205599089.17,11.36,35.59,32.22,32.6,29.66,24.92,-408.39,2.99
4,5,300337,银邦股份,17.11,19.99,2.85,1395689,2182237722.75,20.13,17.11,14.24,14.44,14.26,19.62,84.59,8.26
5,6,300581,晨曦航空,10.92,19.08,1.75,502386,530367167.93,15.7,11.0,9.56,9.56,9.17,9.13,-118.33,6.0
6,7,920008,成电光信,40.15,18.86,6.37,56973,219092617.32,28.27,42.15,32.6,33.5,33.78,23.87,47.41,9.46
7,8,300427,红相股份,9.49,17.89,1.44,1357230,1201870084.14,28.2,9.66,7.39,7.39,8.05,33.16,231.09,3.29
8,9,300810,中科海讯,21.96,17.5,3.27,158795,346540561.05,18.35,22.43,19.0,19.0,18.69,13.93,-22.46,3.3
9,10,300722,新余国科,32.0,15.94,4.4,227468,698631262.02,14.02,32.5,28.63,29.48,27.6,8.22,101.36,14.87
10,11,871642,通易航天,10.07,15.22,1.33,104839,105928624.95,19.79,10.94,9.21,9.27,8.74,10.41,-77.26,4.35
11,12,300227,光韵达,7.88,14.04,0.97,367638,274439490.04,15.48,7.98,6.91,7.04,6.91,8.91,145.98,2.46
12,13,688543,国科军工,48.87,13.39,5.77,77047,363498746.0,10.3,48.88,44.44,45.0,43.1,9.44,53.91,3.97
13,14,300922,天秦装备,16.18,13.38,1.91,151157,240203798.78,11.42,16.33,14.7,14.7,14.27,13.13,79.71,2.93
14,15,300900,广联航空,22.51,13.17,2.62,244625,530885022.17,11.76,22.64,20.3,20.3,19.89,11.23,81.89,4.58
15,16,300563,神宇股份,54.01,13.06,6.24,315316,1630894623.37,15.68,54.66,47.17,48.58,47.77,25.63,83.87,9.38
16,17,300875,捷强装备,35.48,11.57,3.68,98362,341658774.04,12.61,36.36,32.35,32.35,31.8,14.77,1424.36,2.83
17,18,688685,迈信林,39.05,11.0,3.87,33618,122968273.0,12.28,39.12,34.8,35.42,35.18,2.31,98.67,7.95
18,19,688143,长盈通,23.2,10.95,2.29,34800,76918819.0,11.14,23.23,20.9,21.0,20.91,3.74,93.54,2.4
19,20,300424,航新科技,15.44,10.92,1.52,227931,340866172.29,10.78,15.59,14.09,14.09,13.92,9.52,114.99,4.97
20,21,688800,瑞可达,34.05,10.52,3.24,76077,241900931.0,16.1,34.46,29.5,30.5,30.81,4.8,41.52,2.7
21,22,002686,亿利达,5.69,10.06,0.52,278128,156863545.21,4.64,5.69,5.45,5.68,5.17,5.32,47.61,1.97
22,23,000595,宝塔实业,10.29,10.05,0.94,777096,782888363.82,6.42,10.29,9.69,9.75,9.35,6.83,-182.29,24.91
23,24,601606,长城军工,11.72,10.05,1.07,297020,346244610.0,3.85,11.72,11.31,11.7,10.65,4.1,-107.1,3.31
24,25,002130,沃尔核材,15.68,10.04,1.43,1807582,2755764700.12,10.95,15.68,14.12,14.35,14.25,14.47,23.55,3.88
25,26,000801,四川九洲,10.12,10.0,0.92,403507,390630752.68,8.7,10.12,9.32,9.4,9.2,3.95,76.39,3.54
26,27,000697,炼石航空,7.71,9.99,0.7,361245,274577091.91,11.41,7.71,6.91,7.04,7.01,6.41,-25.31,22.56
27,28,603261,立航科技,30.07,9.99,2.73,46826,136667732.0,9.18,30.07,27.56,27.56,27.34,17.81,-48.29,2.96
28,29,835640,富士达,16.09,9.98,1.46,22085,34133128.72,12.3,16.16,14.36,14.85,14.63,1.25,44.89,3.57
29,30,002272,川润股份,5.98,9.93,0.54,966009,564576845.27,11.21,5.98,5.37,5.47,5.44,25.45,-25.62,1.82
30,31,836247,华密新材,16.3,9.91,1.47,34526,54110399.04,11.13,16.46,14.81,15.0,14.83,8.98,47.96,4.54
31,32,300719,安达维尔,21.48,9.87,1.93,278955,590422364.02,11.51,22.3,20.05,20.2,19.55,15.53,191.0,5.2
32,33,300159,新研股份,3.01,9.85,0.27,1445689,434148772.99,14.6,3.2,2.8,2.8,2.74,9.82,-16.5,-44.55
33,34,301586,佳力奇,53.4,9.81,4.77,47362,247002574.43,8.43,54.78,50.68,50.68,48.63,24.07,36.0,3.59
34,35,600316,洪都航空,26.1,9.66,2.3,255174,643576508.0,10.08,26.13,23.73,23.73,23.8,3.56,2640.31,3.54
35,36,300102,乾照光电,8.47,9.43,0.73,476334,389479737.42,11.5,8.55,7.66,7.66,7.74,5.21,119.71,1.92
36,37,300862,蓝盾光电,27.45,9.41,2.36,114153,307739968.72,14.31,29.08,25.49,25.49,25.09,7.54,1283.91,2.53
37,38,301517,陕西华达,52.65,9.32,4.49,35418,178726404.76,8.55,52.82,48.7,49.5,48.16,15.85,115.09,4.25
38,39,839680,广道数字,17.55,9.14,1.47,35186,57944405.19,14.05,17.77,15.51,16.4,16.08,7.5,-412.73,1.78
39,40,001270,铖昌科技,37.46,9.02,3.1,59911,215757578.35,7.8,37.46,34.78,34.88,34.36,5.91,-159.87,5.72
40,41,301306,西测测试,37.72,9.02,3.12,42124,154383307.0,7.54,37.86,35.25,35.25,34.6,10.72,-32.4,2.82
41,42,300542,新晨科技,20.15,8.98,1.66,401954,779611808.98,11.03,20.44,18.4,19.7,18.49,16.31,-210.15,9.47
42,43,300965,*ST恒宇,31.76,8.92,2.6,10178,31854309.0,15.5,33.69,29.17,29.5,29.16,6.2,105.46,1.56
43,44,003009,中天火箭,42.85,8.65,3.41,41457,174201438.82,6.92,42.88,40.15,40.28,39.44,2.67,162.55,4.23
44,45,600501,航天晨光,17.85,8.51,1.4,295336,516052947.0,7.36,17.88,16.67,16.81,16.45,6.96,-31.26,3.59
45,46,688066,航天宏图,18.73,8.45,1.46,140876,254186455.0,8.22,18.77,17.35,17.64,17.27,5.39,-13.25,2.43
46,47,300593,新雷能,12.14,8.39,0.94,129659,151551142.04,8.3,12.18,11.25,11.36,11.2,2.88,-48.39,2.29
47,48,600839,四川长虹,6.13,8.3,0.47,2808591,1650868433.0,9.01,6.18,5.67,5.77,5.66,6.09,50.45,1.97
48,49,301213,观想科技,38.93,8.29,2.98,34264,131753292.2,7.68,39.56,36.8,37.2,35.95,11.76,515.8,3.91
49,50,002049,紫光国微,67.3,8.22,5.11,374309,2400605963.01,10.05,68.0,61.75,62.2,62.19,4.41,38.76,4.91
50,51,300008,天海防务,5.03,8.17,0.38,1494159,747025040.18,9.68,5.25,4.8,4.83,4.65,9.07,71.56,4.33
51,52,300210,森远股份,10.17,8.08,0.76,202152,197413696.6,8.61,10.21,9.4,9.58,9.41,4.18,-69.72,11.74
52,53,300775,三角防务,28.42,8.02,2.11,325117,913767126.69,7.6,29.09,27.09,27.09,26.31,6.11,26.82,2.81
53,54,300047,天源迪科,16.74,8.0,1.24,1476314,2242052318.3,18.71,16.95,14.05,15.5,15.5,26.86,174.41,3.2
54,55,300036,超图软件,18.54,7.92,1.36,226654,398832066.46,9.43,18.55,16.93,17.25,17.18,5.18,134.74,3.17
55,56,688682,霍莱沃,33.45,7.87,2.44,14241,46267485.0,7.71,33.59,31.2,31.2,31.01,1.96,197.5,3.72
56,57,688511,天微电子,15.05,7.73,1.08,26895,39311692.0,10.31,15.41,13.97,13.97,13.97,2.61,562.93,1.8
57,58,002777,久远银海,18.0,7.72,1.29,232660,401217475.25,10.29,18.1,16.38,16.89,16.71,5.75,327.11,4.5
58,59,600151,航天机电,7.13,7.7,0.51,477113,330452374.0,8.16,7.14,6.6,6.68,6.62,3.33,-155.57,2.09
59,60,300447,全信股份,14.14,7.69,1.01,82706,114092101.06,7.08,14.18,13.25,13.25,13.13,4.11,51.76,2.17
60,61,300696,爱乐达,17.4,7.67,1.24,158776,270180892.16,6.68,17.48,16.4,16.71,16.16,8.52,-145.02,2.77
61,62,300342,天银机电,16.57,7.67,1.18,305044,487313215.59,7.28,16.62,15.5,15.6,15.39,7.3,105.6,4.65
62,63,300847,中船汉光,19.39,7.66,1.38,240049,458550901.84,11.49,19.99,17.92,17.92,18.01,8.11,46.95,4.25
63,64,300455,航天智装,13.97,7.63,0.99,222191,300636539.94,6.86,14.05,13.16,13.19,12.98,3.14,245.79,5.56
64,65,000901,航天科技,10.92,7.59,0.77,473460,500450319.99,6.31,10.92,10.28,10.35,10.15,5.93,1108.03,2.1
65,66,300762,上海瀚讯,19.47,7.57,1.37,419839,785928731.19,8.01,19.56,18.11,18.55,18.1,6.69,-117.46,5.0
66,67,300045,华力创通,22.18,7.57,1.56,444810,945885195.56,7.86,22.26,20.64,20.8,20.62,9.15,2600.08,8.44
67,68,300711,广哈通信,20.65,7.5,1.44,128242,258914896.24,7.7,20.79,19.31,19.8,19.21,5.16,178.47,7.4
68,69,688539,高华科技,24.25,7.49,1.69,18831,43892326.0,8.6,24.35,22.41,22.66,22.56,2.12,73.62,2.58
69,70,300397,天和防务,12.1,7.27,0.82,454767,549339470.57,14.01,12.98,11.4,11.57,11.28,11.47,-113.31,3.88
70,71,688270,臻镭科技,29.17,7.24,1.97,71256,201590809.0,7.1,29.36,27.43,27.69,27.2,4.94,554.55,2.95
71,72,300527,中船应急,10.22,7.24,0.69,897683,912465153.22,19.1,10.98,9.16,9.16,9.53,9.32,-3853.24,3.9
72,73,688586,江航装备,10.1,7.22,0.68,129920,127633221.0,6.58,10.13,9.51,9.59,9.42,1.64,38.37,3.22
73,74,300733,西菱动力,11.35,7.18,0.76,69555,77159726.8,7.18,11.45,10.69,10.85,10.59,3.08,71.45,2.18
74,75,300440,运达科技,6.43,7.17,0.43,140207,87068233.34,7.0,6.45,6.03,6.1,6.0,3.16,98.69,1.82
75,76,002096,易普力,13.08,7.13,0.87,144128,181732686.95,8.85,13.16,12.08,12.21,12.21,2.95,23.11,2.29
76,77,000886,海南高速,5.12,7.11,0.34,507259,258050062.37,5.86,5.24,4.96,5.05,4.78,5.19,86.68,1.67
77,78,300726,宏达电子,32.22,7.08,2.13,102088,318485758.28,7.31,32.5,30.3,30.57,30.09,4.78,36.61,2.75
78,79,688597,煜邦电力,9.26,7.05,0.61,32767,29388267.0,6.94,9.28,8.68,8.89,8.65,1.33,29.53,2.86
79,80,830839,万通液压,11.67,6.87,0.75,7308,8238420.89,8.88,11.7,10.73,11.05,10.92,1.12,14.5,2.67
80,81,002253,川大智胜,11.85,6.85,0.76,106144,122152600.86,6.04,11.9,11.23,11.23,11.09,5.11,-78.23,2.25
81,82,603766,隆鑫通用,8.11,6.85,0.52,342596,269380190.0,8.04,8.13,7.52,7.63,7.59,1.67,14.13,1.93
82,83,300213,佳讯飞鸿,7.6,6.74,0.48,293885,215536975.1,7.44,7.63,7.1,7.13,7.12,5.33,84.91,2.04
83,84,301571,国科天成,52.88,6.72,3.33,88760,457248582.5,6.86,53.26,49.86,51.0,49.55,26.04,82.71,5.5
84,85,301005,超捷股份,28.05,6.65,1.75,52363,144296937.58,5.44,28.27,26.84,27.3,26.3,3.96,106.09,4.87
85,86,688636,智明达,26.15,6.65,1.63,25578,65419269.0,6.53,26.25,24.65,24.65,24.52,2.27,864.77,2.72
86,87,003002,壶化股份,20.22,6.65,1.26,71720,138983663.0,9.12,20.3,18.57,19.0,18.96,3.92,32.33,3.14
87,88,300446,航天智造,16.15,6.6,1.0,242055,376931984.8,6.67,16.17,15.16,15.27,15.15,7.77,17.64,2.82
88,89,600435,北方导航,10.84,6.59,0.67,378322,400453410.0,6.1,10.88,10.26,10.34,10.17,2.52,-109.73,6.26
89,90,600990,四创电子,22.54,6.57,1.39,111963,240539229.0,11.77,22.55,20.06,20.88,21.15,4.16,-79.07,2.89
90,91,002389,航天彩虹,17.37,6.5,1.06,297878,504889236.66,5.4,17.4,16.52,16.75,16.31,3.01,131.1,2.15
91,92,301302,华如科技,18.09,6.47,1.1,53348,94360261.09,5.77,18.16,17.18,17.22,16.99,6.33,-21.46,1.38
92,93,600765,中航重机,21.09,6.46,1.28,293782,603208120.0,6.61,21.15,19.84,20.0,19.81,2.0,21.61,2.61
93,94,300553,集智股份,24.03,6.42,1.45,17293,39784635.0,9.17,24.23,22.16,22.83,22.58,3.26,126.8,2.75
94,95,603712,七一二,17.96,6.34,1.07,183831,318849036.0,6.51,18.0,16.9,17.28,16.89,2.38,103.57,2.96
95,96,300589,江龙船艇,13.22,6.27,0.78,148759,194837557.91,4.74,13.34,12.75,12.75,12.44,6.42,120.78,6.0
96,97,000733,振华科技,44.72,6.25,2.63,196568,856945203.12,6.7,44.98,42.16,42.41,42.09,3.55,29.49,1.75
97,98,300626,华瑞股份,10.55,6.24,0.62,168494,173402200.09,10.27,10.73,9.71,9.9,9.93,9.47,90.04,3.57
98,99,300201,海伦哲,4.09,6.23,0.24,253189,100250667.37,9.09,4.16,3.81,3.84,3.85,2.44,41.58,3.18
99,100,002246,北化股份,10.58,6.22,0.62,335583,351715518.82,6.43,10.81,10.17,10.26,9.96,6.11,83.79,2.01
100,101,000519,中兵红箭,15.03,6.22,0.88,608556,901649249.12,4.38,15.12,14.5,14.6,14.15,4.37,234.72,2.01
101,102,688297,中无人机,38.51,6.21,2.25,81575,307282479.0,6.15,38.66,36.43,37.04,36.26,3.0,-338.52,4.56
102,103,300411,金盾股份,12.18,6.19,0.71,201807,239663775.0,5.49,12.21,11.58,11.58,11.47,6.59,192.39,5.23
103,104,300629,新劲刚,19.25,6.18,1.12,87782,165250158.79,5.85,19.26,18.2,18.2,18.13,4.15,30.77,2.89
104,105,002265,建设工业,10.39,6.13,0.6,74422,75307989.0,5.92,10.41,9.83,9.89,9.79,1.85,60.51,3.11
105,106,688522,纳睿雷达,53.91,6.12,3.11,38995,205540981.0,6.04,54.07,51.0,51.5,50.8,4.6,991.09,5.36
106,107,300887,谱尼测试,8.18,6.1,0.47,154787,122860239.14,5.45,8.19,7.77,7.8,7.71,4.27,-13.03,1.36
107,108,600602,云赛智联,14.33,6.07,0.82,383429,527396355.0,7.62,14.35,13.32,13.69,13.51,3.57,86.72,4.2
108,109,600391,航发科技,18.29,6.03,1.04,91907,164255344.0,5.33,18.32,17.4,17.48,17.25,2.78,197.37,3.75
109,110,000099,中信海直,17.81,6.01,1.01,450527,783243682.02,6.43,17.88,16.8,16.8,16.8,5.81,52.17,2.67
110,111,002985,北摩高科,22.33,5.93,1.25,48295,105369992.03,4.7,22.35,21.36,21.36,21.08,2.33,55.59,2.9
111,112,301079,邵阳液压,15.9,5.93,0.89,76324,119256013.74,5.73,15.96,15.1,15.1,15.01,13.54,83.49,3.54
112,113,300252,金信诺,8.68,5.85,0.48,238122,201207548.09,5.37,8.7,8.26,8.28,8.2,4.43,894.69,2.68
113,114,301117,佳缘科技,32.4,5.85,1.79,39228,123553652.0,6.7,32.55,30.5,31.0,30.61,8.56,192.09,2.28
114,115,000561,烽火电子,7.61,5.84,0.42,161156,119988579.2,5.7,7.63,7.22,7.28,7.19,2.68,-46.35,2.5
115,116,300366,创意信息,10.28,5.76,0.56,279457,276759120.59,7.72,10.33,9.58,9.82,9.72,5.27,-26.94,3.44
116,117,002735,王子新材,9.37,5.76,0.51,186950,170938786.6,6.32,9.39,8.83,8.91,8.86,6.66,155.83,2.02
117,118,688010,福光股份,16.99,5.72,0.92,11432,18663059.0,6.16,16.99,16.0,16.2,16.07,0.71,-38.99,1.65
118,119,300099,尤洛卡,5.91,5.72,0.32,160535,92486600.37,6.08,5.94,5.6,5.64,5.59,2.76,62.88,1.84
119,120,605598,上海港湾,19.59,5.72,1.06,27767,53109055.0,7.07,19.67,18.36,18.44,18.53,1.14,32.61,2.72
120,121,002190,成飞集成,16.56,5.68,0.89,75245,123074815.21,5.74,16.65,15.75,15.81,15.67,2.1,-111.68,1.99
121,122,002428,云南锗业,14.0,5.66,0.75,307245,420510241.59,5.66,14.04,13.29,13.34,13.25,4.7,-494.55,6.56
122,123,300237,美晨科技,1.87,5.65,0.1,707055,130421662.45,7.34,1.92,1.79,1.86,1.77,4.91,-7.03,18.98
123,124,300777,中简科技,27.25,5.62,1.45,112380,299902309.8,5.23,27.4,26.05,26.3,25.8,2.65,57.23,2.9
124,125,300414,中光防雷,8.28,5.61,0.44,75475,60917508.0,6.38,8.3,7.8,7.9,7.84,2.41,533.21,2.77
125,126,600184,光电股份,9.99,5.6,0.53,74303,72781772.0,4.65,10.0,9.56,9.66,9.46,1.46,396.08,2.01
126,127,002977,天箭科技,29.65,5.59,1.57,27936,81260555.76,5.06,29.68,28.26,28.26,28.08,4.19,159.38,3.27
127,128,600343,航天动力,9.52,5.54,0.5,105169,98196046.0,4.88,9.55,9.11,9.15,9.02,1.65,-53.37,3.82
128,129,600399,抚顺特钢,6.32,5.51,0.33,653506,404065983.0,5.84,6.34,5.99,6.03,5.99,3.31,27.34,1.91
129,130,002651,利君股份,5.75,5.5,0.3,129082,72873208.0,4.95,5.77,5.5,5.5,5.45,2.28,35.47,2.17
130,131,002368,太极股份,21.48,5.5,1.12,289967,606316859.96,7.27,21.66,20.18,20.4,20.36,4.68,-42.14,2.68
131,132,001696,宗申动力,14.59,5.5,0.76,707682,1002094768.93,7.38,14.66,13.64,13.9,13.83,7.94,29.63,3.47
132,133,688281,华秦科技,95.27,5.48,4.95,15560,144619069.0,6.7,95.28,89.23,91.98,90.32,3.2,43.01,4.24
133,134,300820,英杰电气,45.53,5.44,2.35,32659,144320792.4,7.06,45.73,42.68,43.21,43.18,2.94,28.4,4.41
134,135,300123,亚光科技,6.2,5.44,0.32,406158,246801299.32,4.25,6.21,5.96,6.03,5.88,4.06,-108.83,2.58
135,136,002723,小崧股份,5.64,5.42,0.29,143271,78577280.36,6.17,5.67,5.34,5.38,5.35,4.52,227.06,1.44
136,137,688011,新光光电,16.0,5.4,0.82,9794,15098741.0,6.32,16.0,15.04,15.5,15.18,0.98,-44.78,1.42
137,138,000768,中航西飞,28.49,5.4,1.46,459010,1300169757.83,5.88,28.82,27.23,27.31,27.03,1.66,60.3,3.97
138,139,002025,航天电器,55.63,5.4,2.85,57484,315109561.61,6.35,56.08,52.73,52.75,52.78,1.27,33.0,3.9
139,140,688311,盟升电子,25.79,5.35,1.31,36109,90507736.0,6.7,25.79,24.15,24.58,24.48,2.25,-48.05,2.54
140,141,300659,中孚信息,15.8,5.33,0.8,91215,139779110.5,6.2,15.88,14.95,15.0,15.0,4.79,-15.79,3.06
141,142,688287,观典防务,4.97,5.3,0.25,74998,36665449.0,5.72,5.02,4.75,4.75,4.72,2.02,-22.39,1.97
142,143,300964,本川智能,38.9,5.28,1.95,20810,78947226.55,5.55,39.08,37.03,37.03,36.95,3.85,96.21,3.07
143,144,603267,鸿远电子,38.36,5.27,1.92,56854,213552620.0,5.52,38.56,36.55,36.94,36.44,2.45,36.98,2.12
144,145,600760,中航沈飞,47.73,5.25,2.38,274296,1294820868.0,4.83,47.96,45.77,46.0,45.35,1.0,40.64,8.36
145,146,832885,星辰科技,9.67,5.22,0.48,82901,78015857.89,13.82,9.9,8.63,9.33,9.19,9.58,124.46,4.45
146,147,300067,安诺其,4.85,5.21,0.24,562765,263625888.16,6.72,4.86,4.55,4.64,4.61,6.0,251.63,2.19
147,148,301056,森赫股份,8.1,5.19,0.4,35383,27862342.0,5.58,8.12,7.69,7.78,7.7,1.33,18.23,2.6
148,149,002935,天奥电子,15.45,5.17,0.76,83724,126648541.89,4.29,15.48,14.85,14.85,14.69,2.02,213.22,4.27
149,150,300044,赛为智能,5.11,5.14,0.25,353712,175974645.53,5.76,5.13,4.85,4.86,4.86,4.63,-512.28,6.18
150,151,002829,星网宇达,19.67,5.13,0.96,115185,220881367.68,5.93,19.72,18.61,18.88,18.71,8.05,-124.59,2.14
151,152,300311,任子行,5.14,5.11,0.25,360947,178500853.21,8.18,5.17,4.77,4.85,4.89,6.72,-17.84,5.62
152,153,000638,万方发展,4.32,5.11,0.21,130690,55896724.67,3.41,4.34,4.2,4.29,4.11,4.21,642.31,7.95
153,154,831961,创远信科,11.13,5.1,0.54,31505,34164838.86,6.33,11.2,10.53,10.61,10.59,2.99,571.76,2.13
154,155,002413,雷科防务,4.33,5.1,0.21,336201,143777415.89,4.85,4.35,4.15,4.17,4.12,2.69,-43.26,1.54
155,156,002446,盛路通信,6.41,5.08,0.31,299005,186331426.72,6.07,6.45,6.08,6.1,6.1,3.53,59.15,1.8
156,157,688084,晶品特装,45.51,5.08,2.2,6783,30568548.0,8.43,46.53,42.88,43.6,43.31,1.88,-87.09,2.11
157,158,300547,川环科技,17.18,5.08,0.83,63687,106448702.0,5.87,17.18,16.22,16.8,16.35,3.57,18.94,3.31
158,159,300520,科大国创,18.25,5.07,0.88,109128,192828311.84,6.45,18.3,17.18,17.55,17.37,3.93,-134.95,2.85
159,160,300157,新锦动力,2.91,5.05,0.14,213818,60351246.0,5.42,2.91,2.76,2.79,2.77,3.04,-14.48,-10.76
160,161,301137,哈焊华通,18.73,5.05,0.9,37367,68215944.0,6.67,18.8,17.61,17.61,17.83,3.67,119.23,2.56
161,162,002536,飞龙股份,10.63,5.04,0.51,203104,215149047.02,7.31,10.9,10.16,10.17,10.12,3.79,16.62,1.89
162,163,603809,豪能股份,8.39,5.01,0.4,81459,67351418.0,3.5,8.4,8.12,8.18,7.99,1.4,15.06,2.17
163,164,603131,上海沪工,15.32,5.0,0.73,148733,224204905.0,5.14,15.32,14.57,14.79,14.59,4.68,62.09,3.96
164,165,600775,南京熊猫,8.62,4.99,0.41,221066,185783173.0,5.72,8.64,8.17,8.25,8.21,3.29,-57.75,2.44
165,166,300351,永贵电器,17.24,4.99,0.82,105285,176271239.26,5.97,17.28,16.3,16.59,16.42,4.04,45.74,2.83
166,167,002414,高德红外,7.36,4.99,0.35,485040,347744983.95,5.71,7.39,6.99,7.03,7.01,1.43,874.59,4.64
167,168,000425,徐工机械,7.84,4.95,0.37,1346644,1051995765.88,6.43,7.95,7.47,7.47,7.47,1.66,12.5,1.55
168,169,688552,航天南湖,16.75,4.95,0.79,20081,33039991.0,4.39,16.78,16.08,16.26,15.96,2.39,-71.76,2.17
169,170,600523,贵航股份,12.3,4.95,0.58,86231,104394617.0,4.95,12.33,11.75,11.75,11.72,2.13,33.62,1.68
170,171,688577,浙海德曼,34.84,4.94,1.64,6903,23188661.0,6.93,35.0,32.7,33.2,33.2,0.91,126.37,2.77
171,172,000576,甘化科工,6.8,4.94,0.32,76446,51232108.14,5.56,6.85,6.49,6.49,6.48,1.76,56.31,1.82
172,173,002023,海特高新,10.21,4.93,0.48,206086,206032981.3,5.34,10.22,9.7,9.73,9.73,2.78,80.33,1.77
173,174,603629,利通电子,17.0,4.87,0.79,63637,105244647.0,5.92,17.06,16.1,16.25,16.21,2.5,52.67,2.65
174,175,003029,吉大正元,22.34,4.83,1.03,141423,308980704.0,8.45,22.4,20.6,21.8,21.31,8.28,-69.35,3.43
175,176,600416,湘电股份,11.93,4.83,0.55,199635,231992879.0,5.27,11.94,11.34,11.44,11.38,1.51,47.4,2.13
176,177,688151,华强科技,16.1,4.82,0.74,14265,22441717.0,4.69,16.14,15.42,15.59,15.36,1.4,104.08,1.32
177,178,688122,西部超导,46.22,4.81,2.12,107190,487762610.0,4.99,46.43,44.23,44.5,44.1,1.65,43.08,4.79
178,179,300490,华自科技,8.1,4.79,0.37,159934,127574714.76,6.99,8.2,7.66,7.8,7.73,4.09,-44.31,1.17
179,180,002933,新兴装备,28.29,4.78,1.29,49815,140442735.47,5.07,28.77,27.4,27.53,27.0,4.37,161.75,2.23
180,181,002519,银河电子,5.33,4.72,0.24,252306,131603605.42,4.13,5.33,5.12,5.14,5.09,2.26,22.09,1.88
181,182,300249,依米康,8.47,4.7,0.38,134235,110551254.73,5.32,8.48,8.05,8.13,8.09,3.59,280.31,8.99
182,183,600855,航天长峰,10.93,4.69,0.49,96979,104418585.0,5.17,10.94,10.4,10.43,10.44,2.07,-49.2,2.84
183,184,688568,中科星图,37.68,4.67,1.68,58087,213460239.0,6.33,37.81,35.53,36.4,36.0,1.07,160.97,5.82
184,185,603678,XD火炬电,26.14,4.64,1.16,52559,133852544.0,5.56,26.15,24.76,25.13,24.98,1.15,36.47,2.22
185,186,688695,中创股份,32.69,4.64,1.45,13983,44226616.0,7.62,32.77,30.39,31.66,31.24,7.31,701.51,3.59
186,187,600590,泰豪科技,4.51,4.64,0.2,118604,52847770.0,3.25,4.52,4.38,4.43,4.31,1.41,-32.42,1.13
187,188,300419,浩丰科技,6.78,4.63,0.3,234154,154925500.0,5.25,6.78,6.44,6.5,6.48,6.37,303.43,5.49
188,189,301311,昆船智能,20.93,4.6,0.92,75219,156198989.86,6.15,21.3,20.07,20.07,20.01,8.62,-92.47,2.77
189,190,300302,同有科技,14.8,4.59,0.65,193072,277716150.8,5.37,14.83,14.07,14.22,14.15,5.23,78.55,5.16
190,191,300845,捷安高科,13.48,4.58,0.59,44129,58126859.63,5.35,13.57,12.88,12.88,12.89,4.31,97.76,2.49
191,192,002724,海洋王,5.07,4.54,0.22,64247,31832368.22,4.54,5.08,4.86,4.88,4.85,1.12,45.31,1.4
192,193,600705,中航产融,3.69,4.53,0.16,2666466,962207912.0,9.92,3.8,3.45,3.72,3.53,3.03,68.77,0.89
193,194,300699,光威复材,32.35,4.52,1.4,155240,492708272.45,5.65,32.45,30.7,31.35,30.95,1.89,36.51,4.75
194,195,601611,中国核建,8.56,4.52,0.37,388405,328446823.0,4.03,8.59,8.26,8.26,8.19,1.29,13.5,1.32
195,196,300903,科翔股份,8.1,4.52,0.35,118846,93965710.77,4.65,8.11,7.75,7.76,7.75,3.61,-17.07,1.6
196,197,002151,北斗星通,27.8,4.51,1.2,115068,312883300.6,4.89,27.85,26.55,26.75,26.6,2.61,-171.84,2.77
197,198,873122,中纺标,56.75,4.49,2.44,32446,182067402.27,13.07,58.0,50.9,50.92,54.31,9.52,422.27,15.79
198,199,301018,申菱环境,23.44,4.41,0.99,38898,88260268.3,7.57,23.55,21.85,22.62,22.45,1.95,28.18,2.47
199,200,688788,科思科技,28.47,4.4,1.2,7201,20231277.0,4.22,28.56,27.41,27.72,27.27,0.68,-10.77,1.3
200,201,000547,航天发展,7.61,4.39,0.32,311336,233127556.19,4.25,7.64,7.33,7.43,7.29,1.96,-16.73,1.87
201,202,301233,盛帮股份,40.22,4.39,1.69,12198,48598816.0,3.22,40.31,39.07,39.07,38.53,6.53,24.47,2.35
202,203,002214,大立科技,12.67,4.37,0.53,68200,84401125.8,4.61,12.7,12.14,12.28,12.14,1.42,-19.37,4.41
203,204,300438,鹏辉能源,30.66,4.36,1.28,238560,712415807.64,5.58,30.85,29.21,29.5,29.38,5.9,185.14,2.86
204,205,600893,航发动力,41.68,4.36,1.74,261840,1085977543.0,3.98,42.09,40.5,40.69,39.94,0.98,93.4,2.8
205,206,300350,华鹏飞,5.51,4.36,0.23,179423,97030617.13,4.55,5.54,5.3,5.31,5.28,3.8,65.97,3.35
206,207,002708,光洋股份,7.68,4.35,0.32,179693,135254960.0,4.62,7.71,7.37,7.37,7.36,3.63,49.68,2.46
207,208,688283,坤恒顺维,24.52,4.34,1.02,3541,8395631.0,6.09,24.53,23.1,23.5,23.5,0.41,106.65,3.1
208,209,600148,长春一东,17.31,4.34,0.72,79294,134922303.0,7.53,17.45,16.2,16.6,16.59,5.6,1810.55,5.2
209,210,603308,应流股份,12.29,4.33,0.51,94139,113165027.0,4.58,12.32,11.78,11.99,11.78,1.39,27.46,1.83
210,211,600456,宝钛股份,31.47,4.31,1.3,77558,239326939.0,5.2,31.55,29.98,30.32,30.17,1.62,18.66,2.22
211,212,600862,中航高科,21.9,4.29,0.9,159934,344815058.0,4.19,21.94,21.06,21.37,21.0,1.15,25.27,4.67
212,213,300402,宝色股份,14.63,4.28,0.6,36260,52061519.0,4.49,14.68,14.05,14.13,14.03,1.49,46.76,2.49
213,214,300665,飞鹿股份,6.1,4.27,0.25,66843,40365430.0,6.15,6.23,5.87,5.93,5.85,4.44,-12.11,2.39
214,215,002669,康达新材,9.03,4.27,0.37,79520,70421737.0,4.5,9.04,8.65,8.65,8.66,2.64,-24.24,0.94
215,216,300229,拓尔思,16.4,4.26,0.67,281899,445249216.42,7.82,16.48,15.25,15.77,15.73,3.55,109.03,3.85
216,217,688456,有研粉材,29.59,4.23,1.2,15729,45696227.0,4.51,29.66,28.38,28.78,28.39,1.52,52.19,2.63
217,218,300560,中富通,14.63,4.2,0.59,71526,102414790.17,4.7,14.67,14.01,14.17,14.04,3.83,151.3,3.09
218,219,301041,金百泽,25.09,4.19,1.01,30871,75319836.35,6.06,25.15,23.69,24.3,24.08,3.91,82.67,4.0
219,220,605123,派克新材,57.09,4.18,2.29,12443,69350635.0,5.8,57.18,54.0,55.98,54.8,1.03,20.94,1.61
220,221,600580,卧龙电驱,12.22,4.18,0.49,231807,275156783.0,5.29,12.24,11.62,11.73,11.73,1.77,20.35,1.63
221,222,688375,国博电子,51.53,4.16,2.06,17623,88226911.0,6.45,51.99,48.8,50.79,49.47,0.66,62.79,5.17
222,223,002837,英维克,26.78,4.16,1.07,118296,308903165.81,5.64,26.85,25.4,25.75,25.71,1.84,53.98,7.66
223,224,000738,航发控制,22.03,4.16,0.88,120458,262796740.55,4.02,22.18,21.33,21.46,21.15,0.92,30.84,2.4
224,225,688561,奇安信-U,31.5,4.13,1.25,53511,163153966.0,6.58,31.6,29.61,31.09,30.25,0.78,-13.15,2.31
225,226,002625,光启技术,28.01,4.13,1.11,769508,2115828325.18,6.47,28.48,26.74,28.13,26.9,4.33,83.5,7.0
226,227,301199,迈赫股份,26.97,4.09,1.06,20411,53596643.6,5.48,27.14,25.72,26.06,25.91,4.37,43.9,2.0
227,228,300324,旋极信息,3.06,4.08,0.12,710412,212649182.36,5.44,3.08,2.92,2.95,2.94,4.16,-23.07,1.74
228,229,600271,航天信息,9.97,4.07,0.39,195109,189259891.0,5.22,9.98,9.48,9.61,9.58,1.05,-131.26,1.33
229,230,688081,兴图新科,11.26,4.07,0.44,11669,12863974.0,4.16,11.28,10.83,10.86,10.82,1.13,-20.98,2.37
230,231,300600,ST瑞科,6.93,4.05,0.27,46267,31790785.2,4.5,6.96,6.66,6.66,6.66,1.88,-85.59,2.18
231,232,603698,航天工程,15.17,4.05,0.59,44786,66591607.0,4.8,15.2,14.5,14.67,14.58,0.84,44.78,2.42
232,233,002544,普天科技,23.2,4.04,0.9,139560,310232652.89,7.94,23.28,21.51,22.5,22.3,2.06,200.77,4.21
233,234,688132,邦彦技术,15.99,4.03,0.62,10895,17136928.0,4.03,16.05,15.43,15.6,15.37,1.0,31.68,1.58
234,235,300034,钢研高纳,17.28,4.03,0.67,214737,366644435.2,4.58,17.38,16.62,16.71,16.61,2.8,37.24,3.89
235,236,688439,振华风光,61.7,4.03,2.39,25930,153768395.0,7.45,62.0,57.58,59.2,59.31,2.28,26.68,2.56
236,237,002297,博云新材,6.74,4.01,0.26,82636,55227798.3,3.24,6.78,6.57,6.58,6.48,1.44,836.22,1.82
237,238,301092,争光股份,24.13,4.01,0.93,13868,32934790.0,5.13,24.19,23.0,23.4,23.2,3.21,30.75,1.76
238,239,300678,中科信息,33.49,4.01,1.29,154947,500950840.97,7.39,33.68,31.3,32.18,32.2,5.43,994.89,11.62
239,240,688418,震有科技,19.56,3.99,0.75,73630,138803142.0,6.7,19.56,18.3,18.95,18.81,3.8,244.99,4.53
240,241,688175,高凌信息,14.35,3.99,0.55,6707,9471787.0,3.62,14.35,13.85,13.98,13.8,1.15,-41.48,1.02
241,242,002111,威海广泰,10.71,3.98,0.41,94139,99144664.52,3.79,10.75,10.36,10.4,10.3,1.98,26.49,1.87
242,243,002097,山河智能,6.29,3.97,0.24,177088,109310127.36,4.13,6.31,6.06,6.07,6.05,1.65,99.01,1.48
243,244,300470,中密控股,36.18,3.97,1.38,25630,89930519.66,5.57,36.28,34.34,34.93,34.8,1.33,21.71,3.07
244,245,600879,航天电子,8.4,3.96,0.32,574570,475245049.0,3.47,8.41,8.13,8.15,8.08,1.78,55.55,1.35
245,246,688563,航材股份,53.78,3.94,2.04,17895,94870947.0,3.58,53.86,52.01,52.43,51.74,1.55,38.9,2.4
246,247,002149,西部材料,14.77,3.94,0.56,115562,169021091.92,4.71,14.89,14.22,14.27,14.21,2.37,37.71,2.44
247,248,601698,中国卫通,16.89,3.94,0.64,258086,429531271.0,4.0,16.96,16.31,16.35,16.25,0.61,87.77,4.57
248,249,002046,国机精工,11.38,3.93,0.43,108049,121055570.44,3.56,11.39,11.0,11.0,10.95,2.05,16.96,1.79
249,250,603665,康隆达,14.31,3.92,0.54,34942,49193038.0,4.21,14.38,13.8,13.84,13.77,2.18,-23.13,2.16
250,251,600372,中航机载,13.0,3.92,0.49,488594,628698692.0,3.28,13.04,12.63,12.71,12.51,1.03,34.83,1.73
251,252,600038,中直股份,41.15,3.91,1.55,65752,266678623.0,3.54,41.2,39.8,40.06,39.6,1.12,56.7,2.11
252,253,002552,宝鼎科技,12.24,3.9,0.46,26203,31522234.09,3.82,12.26,11.81,11.81,11.78,0.83,24.69,2.62
253,254,603977,国泰集团,11.48,3.89,0.43,98138,111588206.0,4.71,11.55,11.03,11.17,11.05,1.58,26.12,2.25
254,255,300416,苏试试验,12.56,3.89,0.47,129967,158584933.28,5.46,12.58,11.92,12.1,12.09,2.57,31.09,2.5
255,256,300855,图南股份,24.08,3.88,0.9,56619,133159229.99,4.92,24.15,23.01,23.79,23.18,1.93,24.89,5.1
256,257,301050,雷电微力,42.95,3.87,1.6,95049,399824622.25,5.05,43.14,41.05,41.45,41.35,4.58,25.1,3.9
257,258,300185,通裕重工,2.42,3.86,0.09,727273,174827998.4,2.58,2.43,2.37,2.37,2.33,1.98,116.21,1.41
258,259,002182,宝武镁业,10.54,3.84,0.39,133335,136928882.32,4.83,10.54,10.05,10.17,10.15,1.71,43.63,1.97
259,260,002917,金奥博,8.93,3.84,0.33,60426,52923185.2,5.58,8.98,8.5,8.6,8.6,2.32,21.64,1.99
260,261,300830,金现代,7.36,3.81,0.27,93941,67208350.0,5.92,7.4,6.98,7.1,7.09,2.98,-62.14,2.72
261,262,300474,景嘉微,81.31,3.8,2.98,158489,1261029519.41,5.71,81.97,77.5,78.32,78.33,4.85,545.92,10.84
262,263,600031,三一重工,18.59,3.8,0.68,860507,1588541294.0,3.63,18.65,18.0,18.0,17.91,1.02,22.05,2.28
263,264,300354,东华测试,33.65,3.79,1.23,20934,68422804.25,5.8,33.68,31.8,32.69,32.42,2.58,31.32,6.54
264,265,300306,远方信息,11.5,3.79,0.42,42548,47684922.0,6.14,11.55,10.87,11.18,11.08,2.7,43.37,2.09
265,266,002771,真视通,20.16,3.76,0.73,102489,202861595.7,4.37,20.2,19.35,19.48,19.43,5.87,-152.29,6.46
266,267,600562,国睿科技,15.77,3.75,0.57,101310,156748029.0,4.47,15.78,15.1,15.35,15.2,0.82,28.33,3.43
267,268,001208,华菱线缆,9.14,3.75,0.33,84200,75672063.3,3.97,9.16,8.81,8.81,8.81,3.39,40.19,3.11
268,269,002436,兴森科技,10.26,3.74,0.37,441693,439271434.43,6.17,10.29,9.68,9.89,9.89,2.94,444.47,3.35
269,270,002783,凯龙股份,8.07,3.73,0.29,89931,72123627.1,5.91,8.23,7.77,7.81,7.78,2.62,30.98,1.66
270,271,300516,久之洋,36.81,3.72,1.32,40890,149541319.5,5.04,37.49,35.7,35.9,35.49,2.27,197.64,5.21
271,272,600192,长城电工,5.32,3.7,0.19,102410,53736472.0,4.29,5.35,5.13,5.14,5.13,2.32,-14.51,1.76
272,273,688244,永信至诚,31.47,3.69,1.12,4951,14946576.0,7.68,31.47,29.14,30.3,30.35,1.03,-87.11,3.22
273,274,002194,武汉凡谷,9.58,3.68,0.34,141257,132479115.8,4.87,9.61,9.16,9.28,9.24,2.77,109.43,2.6
274,275,003031,中瓷电子,46.91,3.65,1.65,29162,132996999.36,5.32,46.91,44.5,45.52,45.26,1.77,49.84,3.7
275,276,002654,万润科技,10.88,3.62,0.38,435960,459172043.1,7.33,10.9,10.13,10.49,10.5,5.16,159.62,6.12
276,277,002335,科华数据,23.22,3.61,0.81,84033,190244938.62,5.4,23.27,22.06,22.6,22.41,2.1,23.75,2.46
277,278,300428,立中集团,17.59,3.59,0.61,60205,102926601.52,5.95,17.64,16.63,17.03,16.98,1.12,14.56,1.64
278,279,002523,天桥起重,2.61,3.57,0.09,178293,45895767.71,3.17,2.61,2.53,2.57,2.52,1.26,72.27,1.61
279,280,000534,万泽股份,10.51,3.55,0.36,32772,33716941.8,4.83,10.53,10.04,10.29,10.15,0.66,27.36,4.67
280,281,688272,富吉瑞,16.65,3.54,0.57,8980,14872943.0,5.47,16.87,15.99,15.99,16.08,3.25,65.77,2.52
281,282,603232,格尔软件,12.27,3.54,0.42,71287,85174553.0,5.23,12.28,11.66,11.9,11.85,3.08,-28.72,2.16
282,283,600967,内蒙一机,7.89,3.54,0.27,148850,116239278.0,3.67,7.93,7.65,7.73,7.62,0.88,25.47,1.13
283,284,300296,利亚德,5.01,3.51,0.17,389723,190225419.98,4.96,5.02,4.78,4.88,4.84,1.86,49.44,1.53
284,285,301112,信邦智能,22.42,3.51,0.76,14587,32173580.0,4.48,22.57,21.6,21.79,21.66,4.02,-70.21,2.09
285,286,300963,中洲特材,8.85,3.51,0.3,34006,29475112.21,4.09,8.86,8.51,8.56,8.55,1.7,30.61,2.85
286,287,301159,三维天地,36.3,3.51,1.23,22657,80022838.16,5.96,36.39,34.3,35.0,35.07,7.26,-20.38,3.6
287,288,300817,双飞集团,12.7,3.5,0.43,50201,62631561.98,4.4,12.74,12.2,12.31,12.27,4.04,40.71,2.76
288,289,002579,中京电子,7.68,3.5,0.26,130135,97295710.4,5.26,7.69,7.3,7.42,7.42,2.24,-32.22,1.94
289,290,002231,奥维通信,5.34,3.49,0.18,167507,88718189.66,4.07,5.38,5.17,5.17,5.16,5.68,-146.85,5.93
290,291,000922,佳电股份,10.69,3.48,0.36,90543,94700132.51,5.32,10.74,10.19,10.33,10.33,1.54,18.15,1.95
291,292,300971,博亚精工,20.44,3.44,0.68,23584,47511899.0,3.85,20.48,19.72,19.91,19.76,3.59,31.24,1.74
292,293,000636,风华高科,15.48,3.41,0.51,170065,255011384.48,5.68,15.5,14.65,15.0,14.97,1.47,43.21,1.49
293,294,300177,中海达,10.94,3.4,0.36,927529,970790873.78,9.64,11.03,10.01,10.14,10.58,15.3,-110.39,4.98
294,295,300024,机器人,12.49,3.39,0.41,380953,463527124.25,5.22,12.5,11.87,12.1,12.08,2.5,-158.22,4.5
295,296,002402,和而泰,11.01,3.38,0.36,177804,190212323.39,5.92,11.04,10.41,10.66,10.65,2.22,25.74,2.25
296,297,300345,华民股份,6.76,3.36,0.22,65742,43538290.98,4.89,6.79,6.47,6.59,6.54,1.48,-14.3,5.22
297,298,600592,龙溪股份,9.53,3.36,0.31,65668,61879939.0,3.36,9.55,9.24,9.35,9.22,1.64,29.58,1.58
298,299,300352,北信源,5.57,3.34,0.18,646211,343602101.91,8.35,5.59,5.14,5.45,5.39,5.29,-61.51,5.46
299,300,300353,东土科技,11.25,3.31,0.36,214607,236035560.22,5.51,11.32,10.72,10.85,10.89,4.11,-37.14,3.4
300,301,000795,英洛华,6.26,3.3,0.2,144206,88337546.9,3.96,6.27,6.03,6.06,6.06,1.27,24.37,2.67
301,302,601177,杭齿前进,8.15,3.3,0.26,48648,39443533.0,3.68,8.3,8.01,8.3,7.89,1.22,14.5,1.34
302,303,002361,神剑股份,3.45,3.29,0.11,118260,40323572.0,3.29,3.46,3.35,3.35,3.34,1.47,91.68,1.48
303,304,300188,国投智能,14.47,3.28,0.46,174043,245708405.74,5.0,14.49,13.79,14.08,14.01,2.23,-48.74,3.27
304,305,002848,高斯贝尔,7.87,3.28,0.25,60214,46730246.0,4.99,7.88,7.5,7.62,7.62,3.69,-19.26,9.07
305,306,300597,吉大通信,8.57,3.25,0.27,66368,55968213.0,3.98,8.6,8.27,8.3,8.3,2.45,161.1,2.26
306,307,603989,艾华集团,13.98,3.25,0.44,40623,55501485.0,5.47,14.07,13.33,13.65,13.54,1.01,26.87,1.56
307,308,688227,品高股份,14.31,3.25,0.45,14002,19545264.0,5.48,14.37,13.61,13.87,13.86,2.22,-32.28,1.18
308,309,300379,东方通,16.9,3.24,0.53,721576,1143605119.62,13.32,17.16,14.98,16.68,16.37,13.7,-28.38,2.68
309,310,000932,华菱钢铁,4.47,3.23,0.14,1394280,620800087.03,3.7,4.55,4.39,4.41,4.33,2.02,11.6,0.58
310,311,300041,回天新材,8.7,3.2,0.27,105540,90467433.3,3.32,8.7,8.42,8.53,8.43,1.94,17.79,1.76
311,312,300092,科新机电,10.96,3.2,0.34,58388,62977246.0,3.77,10.97,10.57,10.72,10.62,2.78,15.48,1.93
312,313,000565,渝三峡Ａ,4.87,3.18,0.15,41953,20074180.0,3.81,4.88,4.7,4.75,4.72,0.97,52.6,1.68
313,314,688053,思科瑞,23.4,3.17,0.72,9651,22073359.0,4.59,23.47,22.43,22.68,22.68,2.23,-295.81,1.43
314,315,300265,通光线缆,7.82,3.17,0.24,113102,87338891.0,3.69,7.83,7.55,7.55,7.58,2.47,41.03,1.59
315,316,300278,华昌达,3.92,3.16,0.12,296735,114777476.72,3.68,3.94,3.8,3.82,3.8,2.17,37.74,3.11
316,317,002683,广东宏大,24.22,3.15,0.74,51835,122760456.0,4.3,24.24,23.23,23.6,23.48,0.78,22.29,2.95
317,318,002547,春兴精工,3.3,3.13,0.1,262328,85679977.56,4.06,3.33,3.2,3.2,3.2,2.38,-14.64,32.03
318,319,688027,国盾量子,182.5,3.11,5.5,20027,359133163.0,4.67,183.48,175.21,178.78,177.0,2.49,-207.52,9.92
319,320,300307,慈星股份,6.7,3.08,0.2,182168,118771696.0,6.15,6.71,6.31,6.52,6.5,2.34,9.29,1.67
320,321,688231,隆达股份,14.41,3.08,0.43,17741,25283489.0,3.22,14.45,14.0,14.08,13.98,1.4,38.74,1.31
321,322,603011,合锻智能,6.38,3.07,0.19,93564,58875796.0,3.39,6.39,6.18,6.25,6.19,1.89,146.9,1.41
322,323,603819,神力股份,8.74,3.07,0.26,16160,13892889.0,4.13,8.76,8.41,8.48,8.48,0.74,-16.01,2.47
323,324,300480,光力科技,14.13,3.06,0.42,49376,67696948.88,6.05,14.17,13.34,13.83,13.71,1.99,-38.6,3.75
324,325,300095,华伍股份,6.73,3.06,0.2,47776,31843736.77,3.06,6.78,6.58,6.58,6.53,1.42,60.01,1.38
325,326,601890,亚星锚链,7.78,3.05,0.23,207068,159741683.0,3.05,7.81,7.58,7.69,7.55,2.16,26.9,2.14
326,327,688033,天宜上佳,6.11,3.04,0.18,131671,78369945.0,5.56,6.13,5.8,5.98,5.93,2.34,-3.49,0.73
327,328,600118,中国卫星,25.53,3.03,0.75,135848,341770021.0,3.83,25.56,24.61,24.85,24.78,1.15,1775.55,4.79
328,329,002765,蓝黛科技,5.45,3.02,0.16,108792,58194416.0,3.97,5.46,5.25,5.32,5.29,1.83,26.28,1.46
329,330,600736,苏州高新,4.77,3.02,0.14,230233,109183863.0,3.89,4.84,4.66,4.8,4.63,2.0,19.26,0.74
330,331,301338,凯格精机,30.72,3.02,0.9,15611,46955615.2,4.9,30.78,29.32,30.78,29.82,4.55,59.44,2.3
331,332,002611,东方精工,5.81,3.01,0.17,305748,174795835.61,3.72,5.82,5.61,5.63,5.64,3.07,21.61,1.52
332,333,301508,中机认检,38.42,3.0,1.12,80432,306768895.19,5.66,39.1,36.99,36.99,37.3,17.79,63.67,4.64
333,334,300112,万讯自控,8.26,2.99,0.24,55043,44519847.0,4.24,8.27,7.93,8.07,8.02,2.32,158.47,2.21
334,335,600888,新疆众和,7.58,2.99,0.22,166052,124279213.0,3.13,7.6,7.37,7.43,7.36,1.21,8.15,1.02
335,336,603121,华培动力,7.97,2.97,0.23,52514,41130910.0,3.49,7.98,7.71,7.76,7.74,1.55,22.01,2.09
336,337,600410,华胜天成,5.2,2.97,0.15,234323,118780661.0,5.15,5.21,4.95,5.03,5.05,2.14,-11.54,1.4
337,338,300129,泰胜风能,7.68,2.95,0.22,132473,99870940.0,3.62,7.69,7.42,7.6,7.46,1.99,27.71,1.64
338,339,002818,富森美,13.01,2.93,0.37,27326,34854839.3,4.43,13.06,12.5,12.75,12.64,0.92,14.33,1.78
339,340,002383,合众思壮,7.44,2.9,0.21,184931,135878040.32,3.18,7.45,7.22,7.23,7.23,3.0,-47.69,3.0
340,341,688562,航天软件,16.19,2.86,0.45,39010,61926157.0,4.32,16.25,15.57,15.71,15.74,2.31,-63.71,3.71
341,342,002420,毅昌科技,5.76,2.86,0.16,96907,54924629.36,3.39,5.76,5.57,5.68,5.6,2.42,16.95,4.63
342,343,600522,中天科技,15.14,2.85,0.42,403404,603140534.0,3.06,15.17,14.72,14.86,14.72,1.18,17.7,1.53
343,344,600405,动力源,3.97,2.85,0.11,72341,28286165.0,3.37,3.98,3.85,3.86,3.86,1.31,-10.53,4.4
344,345,002350,北京科锐,5.46,2.82,0.15,59442,32096375.36,3.2,5.48,5.31,5.36,5.31,1.12,-125.01,1.76
345,346,000969,安泰科技,9.48,2.82,0.26,155445,144817028.05,3.47,9.49,9.17,9.29,9.22,1.52,17.76,1.85
346,347,603738,泰晶科技,14.25,2.81,0.39,99012,138393612.0,4.18,14.28,13.7,13.94,13.86,2.54,48.33,3.19
347,348,300667,必创科技,17.54,2.81,0.48,60738,103634026.25,5.8,17.63,16.64,17.18,17.06,3.52,705.07,2.8
348,349,002730,电光科技,7.34,2.8,0.2,47785,34523236.8,4.34,7.37,7.06,7.17,7.14,1.38,27.5,1.7
349,350,002338,奥普光电,32.67,2.8,0.89,66269,212540521.0,4.47,32.77,31.35,31.7,31.78,2.76,115.02,6.11
350,351,600100,同方股份,6.29,2.78,0.17,501677,307779583.0,4.9,6.31,6.01,6.11,6.12,1.5,374.0,1.44
351,352,600480,凌云股份,8.95,2.76,0.24,132507,116278534.0,4.02,8.98,8.63,8.71,8.71,1.45,10.54,1.17
352,353,300680,隆盛科技,18.75,2.74,0.5,49891,91817833.0,4.11,18.78,18.03,18.36,18.25,2.88,20.97,2.42
353,354,603949,雪龙集团,10.89,2.74,0.29,22456,24134271.0,4.25,10.95,10.5,10.58,10.6,1.07,35.09,2.32
354,355,300035,中科电气,10.24,2.71,0.27,151399,151703059.55,4.71,10.27,9.8,10.04,9.97,2.6,50.67,1.58
355,356,300222,科大智能,7.59,2.71,0.2,183165,136227073.93,4.47,7.61,7.28,7.42,7.39,2.88,121.38,3.57
356,357,601677,明泰铝业,14.47,2.7,0.38,208431,298031756.0,3.48,14.5,14.01,14.14,14.09,1.75,8.41,1.07
357,358,301040,中环海陆,13.48,2.67,0.35,36636,48325285.0,5.1,13.52,12.85,13.32,13.13,5.13,-18.28,1.48
358,359,300019,硅宝科技,14.33,2.65,0.37,47346,66564354.0,3.87,14.33,13.79,14.1,13.96,1.37,27.7,2.3
359,360,603332,苏州龙杰,7.76,2.65,0.2,30343,23262328.0,3.04,7.76,7.53,7.53,7.56,1.4,27.47,1.36
360,361,002176,江特电机,7.76,2.65,0.2,371822,282090177.35,4.89,7.79,7.42,7.58,7.56,2.18,-103.34,3.53
361,362,600330,天通股份,7.01,2.64,0.18,162427,111363358.0,4.69,7.03,6.71,6.84,6.83,1.32,54.82,1.08
362,363,002056,横店东磁,13.75,2.61,0.35,98963,133216290.48,4.25,13.79,13.22,13.42,13.4,0.61,17.51,2.51
363,364,002204,大连重工,4.72,2.61,0.12,191209,88949753.0,2.83,4.72,4.59,4.65,4.6,0.99,16.63,1.28
364,365,002682,龙洲股份,3.94,2.6,0.1,155558,60517402.8,3.13,3.95,3.83,3.84,3.84,2.77,-32.57,1.5
365,366,300321,同大股份,16.31,2.58,0.41,15807,25383587.0,4.28,16.36,15.68,15.89,15.9,1.78,79.35,2.31
366,367,300200,高盟新材,8.36,2.58,0.21,63956,52451525.4,4.29,8.38,8.03,8.15,8.15,1.51,21.27,2.3
367,368,002298,中电兴发,4.46,2.53,0.11,197647,86575500.98,3.91,4.47,4.3,4.33,4.35,3.02,-4.95,1.01
368,369,601118,海南橡胶,5.82,2.46,0.14,289625,167021182.0,3.35,5.87,5.68,5.73,5.68,0.68,-42.0,2.67
369,370,600558,大西洋,3.76,2.45,0.09,126283,47044252.0,3.27,3.79,3.67,3.7,3.67,1.41,27.28,1.46
370,371,300275,梅安森,12.14,2.45,0.29,73724,88100759.94,4.3,12.19,11.68,11.91,11.85,2.89,57.36,4.25
371,372,600353,旭光电子,6.31,2.44,0.15,147918,91110019.0,4.06,6.31,6.06,6.16,6.16,1.78,46.63,2.96
372,373,000837,秦川机床,8.42,2.43,0.2,148421,123022957.1,5.35,8.53,8.09,8.49,8.22,1.53,98.45,1.77
373,374,000825,太钢不锈,3.79,2.43,0.09,379090,142535796.63,2.43,3.8,3.71,3.73,3.7,0.67,77.8,0.64
374,375,600360,ST华微,3.8,2.43,0.09,254390,94885910.0,4.04,3.82,3.67,3.68,3.71,2.65,26.99,1.1
375,376,000678,襄阳轴承,5.49,2.43,0.13,232232,126672239.84,6.72,5.56,5.2,5.35,5.36,5.05,-101.7,3.07
376,377,300065,海兰信,9.5,2.37,0.22,356722,336685743.41,4.2,9.66,9.27,9.4,9.28,5.42,274.16,4.01
377,378,300420,五洋自控,2.6,2.36,0.06,135384,34807278.9,4.33,2.62,2.51,2.54,2.54,1.21,-167.61,1.21
378,379,002300,太阳电缆,5.2,2.36,0.12,58726,30128184.37,3.35,5.21,5.04,5.11,5.08,0.81,29.95,1.91
379,380,603067,振华股份,11.73,2.36,0.27,71013,82189204.0,3.4,11.77,11.38,11.6,11.46,1.4,12.39,2.03
380,381,688290,景业智能,33.98,2.35,0.78,4275,14098225.0,5.54,33.99,32.15,33.21,33.2,0.7,139.13,2.79
381,382,002171,楚江新材,6.54,2.35,0.15,121151,77961202.04,3.91,6.56,6.31,6.43,6.39,0.93,25.68,1.39
382,383,002871,伟隆股份,8.8,2.33,0.2,24207,21093721.6,2.67,8.8,8.57,8.6,8.6,2.02,18.83,2.62
383,384,600764,中国海防,26.25,2.3,0.59,73454,192022076.0,5.34,26.57,25.2,25.66,25.66,1.03,123.75,2.29
384,385,000070,ST特信,4.46,2.29,0.1,152759,67332272.33,2.52,4.47,4.36,4.38,4.36,1.72,-775.24,2.11
385,386,000066,中国长城,9.82,2.29,0.22,455340,436950872.46,4.79,9.85,9.39,9.6,9.6,1.45,-37.58,2.59
386,387,600072,中船科技,13.99,2.27,0.31,287082,399870613.0,4.17,14.18,13.61,13.83,13.68,2.65,-128.96,1.95
387,388,002465,海格通信,10.44,2.25,0.23,594492,618181635.62,3.23,10.56,10.23,10.33,10.21,2.44,66.16,2.04
388,389,300690,双一科技,21.35,2.25,0.47,69252,144619784.6,5.7,21.44,20.25,20.96,20.88,6.29,75.03,2.5
389,390,601608,中信重工,4.11,2.24,0.09,399072,162724292.0,2.99,4.14,4.02,4.04,4.02,0.92,49.26,2.12
390,391,603169,兰石重装,5.04,2.23,0.11,128887,64004867.0,3.04,5.04,4.89,4.93,4.93,0.99,47.09,2.05
391,392,002560,通达股份,5.98,2.22,0.13,67552,40041540.41,2.22,5.98,5.85,5.9,5.85,1.49,42.74,1.21
392,393,002406,远东传动,5.52,2.22,0.12,102182,55618698.96,2.78,5.52,5.37,5.4,5.4,1.7,37.93,1.02
393,394,688619,罗普特,7.9,2.2,0.17,17496,13597407.0,5.3,8.0,7.59,7.77,7.73,0.94,-14.82,1.41
394,395,600685,中船防务,26.21,2.18,0.56,129105,337706123.0,3.31,26.55,25.7,26.05,25.65,1.57,126.15,2.02
395,396,600497,驰宏锌锗,5.62,2.18,0.12,718498,400433441.0,2.36,5.63,5.5,5.53,5.5,1.41,15.85,1.8
396,397,688776,国光电气,48.97,2.17,1.04,12377,59496873.0,6.59,49.15,45.99,46.0,47.93,1.14,52.1,2.84
397,398,002540,亚太科技,5.68,2.16,0.12,101835,57398354.98,2.7,5.7,5.55,5.55,5.56,1.18,14.43,1.36
398,399,002063,远光软件,5.68,2.16,0.12,377571,208625869.81,5.22,5.69,5.4,5.57,5.56,2.15,95.84,3.1
399,400,002057,中钢天源,7.17,2.14,0.15,92825,66121209.0,2.99,7.23,7.02,7.16,7.02,1.24,26.49,1.78
400,401,300471,厚普股份,10.64,2.11,0.22,151643,157819623.56,7.58,10.74,9.95,10.23,10.42,4.14,-107.41,3.58
401,402,600468,百利电气,4.4,2.09,0.09,104339,45198305.0,3.25,4.4,4.26,4.31,4.31,0.96,36.97,2.26
402,403,000800,一汽解放,8.86,2.07,0.18,107328,94203415.75,2.76,8.87,8.63,8.72,8.68,0.23,42.83,1.69
403,404,000012,南  玻Ａ,5.44,2.06,0.11,188221,101044969.96,3.0,5.44,5.28,5.37,5.33,0.96,11.39,1.19
404,405,002363,隆基机械,6.48,2.05,0.13,46242,29583963.2,2.99,6.49,6.3,6.43,6.35,1.11,47.23,1.29
405,406,603082,北自科技,31.44,2.04,0.63,13342,41514892.0,2.89,31.48,30.59,30.84,30.81,4.11,35.78,3.47
406,407,002439,启明星辰,16.47,2.04,0.33,238635,383134252.88,5.33,16.5,15.64,16.17,16.14,3.3,-55.05,1.75
407,408,000009,中国宝安,9.04,2.03,0.18,178779,158696769.05,3.84,9.08,8.74,8.9,8.86,0.7,59.54,2.34
408,409,002533,金杯电工,10.06,2.03,0.2,95413,95199086.0,2.74,10.1,9.83,9.98,9.86,1.5,13.39,1.92
409,410,002559,亚威股份,8.11,2.01,0.16,136450,108647969.5,3.77,8.12,7.82,7.99,7.95,2.73,33.72,2.54
410,411,002756,永兴材料,36.66,2.0,0.72,69938,251806932.5,3.9,36.7,35.3,36.0,35.94,1.8,12.86,1.63
411,412,002144,宏达高科,9.68,2.0,0.19,28050,26877050.0,3.69,9.71,9.36,9.58,9.49,2.05,20.19,0.86
412,413,300491,通合科技,15.8,2.0,0.31,36144,56466374.0,4.0,15.83,15.21,15.6,15.49,2.33,68.36,2.4
413,414,600482,中国动力,23.99,2.0,0.47,251166,607048754.0,4.55,24.6,23.53,23.98,23.52,1.13,55.99,1.41
414,415,002080,中材科技,12.29,1.99,0.24,135903,164976992.7,2.99,12.3,11.94,12.05,12.05,0.81,22.19,1.14
415,416,003025,思进智能,14.19,1.94,0.27,44241,61980046.74,3.3,14.22,13.76,13.89,13.92,2.23,13.91,3.01
416,417,600378,昊华科技,29.57,1.93,0.56,19993,58351853.0,3.69,29.73,28.66,29.45,29.01,0.22,44.26,2.07
417,418,600810,神马股份,6.88,1.93,0.13,51410,34998319.0,2.52,6.9,6.73,6.77,6.75,0.49,66.07,0.96
418,419,002801,微光股份,20.32,1.91,0.38,9843,19729946.0,3.26,20.38,19.73,19.99,19.94,0.85,15.06,2.96
419,420,688186,广大特材,12.93,1.89,0.24,32571,41703703.0,3.7,13.06,12.59,13.06,12.69,1.52,32.38,0.84
420,421,002179,中航光电,43.2,1.89,0.8,184587,792850523.06,3.82,43.98,42.36,42.8,42.4,0.89,27.45,4.29
421,422,600459,贵研铂业,14.06,1.88,0.26,55625,77290624.0,2.61,14.07,13.71,13.81,13.8,0.74,16.84,1.56
422,423,600206,有研新材,10.82,1.88,0.2,174806,184198759.0,5.18,10.85,10.3,10.62,10.62,2.06,112.09,2.41
423,424,300938,信测标准,20.62,1.88,0.38,17846,35966093.71,4.84,20.66,19.68,20.32,20.24,1.58,17.91,3.04
424,425,600010,包钢股份,1.68,1.82,0.03,2099684,349604743.0,1.82,1.68,1.65,1.66,1.65,0.67,352.82,1.47
425,426,000818,航锦科技,18.12,1.8,0.32,97859,173780328.0,4.66,18.18,17.35,17.8,17.8,1.44,186.58,3.46
426,427,688722,同益中,12.13,1.76,0.21,12497,14963507.0,3.61,12.13,11.7,12.0,11.92,0.98,28.93,2.17
427,428,601126,四方股份,19.65,1.76,0.34,84868,164500869.0,3.99,19.78,19.01,19.5,19.31,1.04,19.33,3.88
428,429,603936,博敏电子,8.11,1.76,0.14,160106,127423495.0,4.27,8.13,7.79,7.97,7.97,2.54,46.29,1.13
429,430,300161,华中数控,26.25,1.74,0.45,44471,113387794.0,6.28,26.4,24.78,25.8,25.8,2.28,-24.48,3.37
430,431,600992,贵绳股份,17.11,1.72,0.29,128842,218114247.0,5.29,17.29,16.4,16.6,16.82,5.26,230.1,2.8
431,432,000599,青岛双星,4.21,1.69,0.07,115107,48386750.1,2.42,4.25,4.15,4.2,4.14,1.41,-30.11,1.65
432,433,688333,铂力特,49.92,1.69,0.83,50250,247131445.0,6.17,50.6,47.57,50.0,49.09,1.85,76.92,2.79
433,434,601208,东材科技,7.85,1.68,0.13,156945,121072674.0,4.15,7.86,7.54,7.76,7.72,1.75,22.03,1.63
434,435,002501,利源股份,1.21,1.68,0.02,439322,52218592.0,4.2,1.21,1.16,1.19,1.19,1.24,-28.64,4.32
435,436,601163,三角轮胎,15.23,1.67,0.25,51607,77550528.0,2.67,15.25,14.85,15.03,14.98,0.65,9.95,0.94
436,437,000887,中鼎股份,13.5,1.66,0.22,155142,206163823.7,3.54,13.55,13.08,13.26,13.28,1.18,12.41,1.43
437,438,000026,飞亚达,9.87,1.65,0.16,34509,33676803.02,2.78,9.87,9.6,9.71,9.71,0.95,13.61,1.21
438,439,002012,凯恩股份,4.32,1.65,0.07,74483,31959427.24,3.76,4.37,4.21,4.23,4.25,1.6,71.14,1.32
439,440,688305,科德数控,70.39,1.62,1.12,8209,56673932.0,3.84,70.68,68.02,69.52,69.27,0.88,73.89,4.1
440,441,002438,江苏神通,10.93,1.58,0.17,58446,62920031.0,3.53,10.97,10.59,10.85,10.76,1.25,19.31,1.66
441,442,600363,联创光电,27.21,1.57,0.42,71521,190182844.0,4.74,27.24,25.97,26.98,26.79,1.57,27.1,2.98
442,443,603166,福达股份,5.23,1.55,0.08,50184,26001405.0,2.72,5.24,5.1,5.15,5.15,0.78,22.98,1.48
443,444,605222,起帆电缆,15.73,1.55,0.24,28356,43922853.0,3.29,15.76,15.25,15.5,15.49,0.69,17.58,1.46
444,445,002342,巨力索具,3.3,1.54,0.05,84598,27726312.4,2.46,3.31,3.23,3.26,3.25,0.89,401.82,1.28
445,446,002484,江海股份,14.6,1.53,0.22,109678,155960145.34,5.15,14.65,13.91,14.4,14.38,1.34,17.87,2.24
446,447,600487,亨通光电,17.31,1.52,0.26,324622,557696453.0,3.23,17.44,16.89,17.04,17.05,1.32,13.27,1.56
447,448,300217,东方电热,4.85,1.46,0.07,279670,133651789.2,3.97,4.86,4.67,4.8,4.78,2.28,16.85,1.8
448,449,002276,万马股份,7.67,1.46,0.11,132722,100469796.0,2.91,7.68,7.46,7.6,7.56,1.32,18.92,1.4
449,450,002497,雅化集团,9.93,1.43,0.14,166488,162945153.04,3.68,9.96,9.6,9.79,9.79,1.58,56.0,1.1
450,451,300301,*ST长方,1.44,1.41,0.02,101128,14420369.22,3.52,1.45,1.4,1.41,1.42,1.28,-29.3,35.35
451,452,300287,飞利信,5.18,1.37,0.07,2319740,1118523554.11,15.46,5.3,4.51,5.07,5.11,17.7,-34.91,5.83
452,453,603859,能科科技,18.59,1.36,0.25,63730,115676088.0,5.02,18.63,17.71,18.31,18.34,2.6,24.42,1.63
453,454,600400,红豆股份,2.29,1.33,0.03,169572,38352801.0,3.1,2.3,2.23,2.25,2.26,0.74,59.46,1.8
454,455,601106,中国一重,3.11,1.3,0.04,600630,186270919.0,3.58,3.15,3.04,3.09,3.07,0.88,-61.61,2.46
455,456,002591,恒大高新,4.76,1.28,0.06,82414,38835985.0,3.19,4.78,4.63,4.7,4.7,3.69,57.11,2.09
456,457,600172,黄河旋风,2.42,1.26,0.03,154106,36986124.0,3.35,2.44,2.36,2.41,2.39,1.21,-7.02,1.55
457,458,601958,金钼股份,11.42,1.24,0.14,232463,263376228.0,2.75,11.47,11.16,11.28,11.28,0.72,12.23,2.37
458,459,600303,ST曙光,2.45,1.24,0.03,97809,24056162.0,2.89,2.5,2.43,2.44,2.42,1.45,-6.06,1.07
459,460,002083,孚日股份,4.98,1.22,0.06,128561,64179914.89,3.46,5.09,4.92,4.99,4.92,1.64,8.8,0.99
460,461,600117,西宁特钢,2.53,1.2,0.03,61692,15410849.0,3.2,2.54,2.46,2.5,2.5,0.19,-14.02,1.62
461,462,605589,圣泉集团,19.71,1.18,0.23,125038,242103788.0,4.11,19.75,18.95,19.66,19.48,1.61,25.18,1.61
462,463,002404,嘉欣丝绸,6.0,1.18,0.07,53176,31634181.0,2.87,6.02,5.85,5.94,5.93,1.17,14.91,1.73
463,464,002452,长高电新,8.09,1.13,0.09,116498,92391219.0,4.0,8.09,7.77,8.0,8.0,2.26,20.66,2.22
464,465,002535,林州重机,3.7,1.09,0.04,116551,42783043.1,3.01,3.72,3.61,3.68,3.66,1.56,15.4,4.65
465,466,601718,际华集团,2.8,1.08,0.03,373561,104229122.0,2.17,2.82,2.76,2.79,2.77,0.85,-326.54,0.73
466,467,000948,南天信息,19.8,1.07,0.21,310466,591624499.0,8.01,19.88,18.31,19.6,19.59,8.04,153.69,2.98
467,468,688282,*ST导航,25.21,1.04,0.26,4099,10367261.0,4.77,25.79,24.6,25.23,24.95,1.12,-36.24,1.73
468,469,002189,中光学,21.91,0.92,0.2,152416,323419954.58,7.05,21.99,20.46,21.99,21.71,5.84,211.36,5.15
469,470,002564,*ST天沃,3.3,0.92,0.03,114265,37123958.01,4.28,3.32,3.18,3.23,3.27,1.33,91.38,21.77
470,471,002760,凤形股份,15.71,0.9,0.14,10567,16461507.0,3.66,15.82,15.25,15.76,15.57,1.2,65.03,1.9
471,472,300376,ST易事特,3.44,0.88,0.03,302559,101444745.19,6.45,3.46,3.24,3.41,3.41,1.3,32.13,1.13
472,473,002471,中超控股,2.37,0.85,0.02,204553,48063415.0,3.4,2.39,2.31,2.32,2.35,1.62,-80.57,1.99
473,474,002254,泰和新材,9.71,0.83,0.08,96486,92832861.97,2.91,9.75,9.47,9.63,9.63,1.19,35.7,1.19
474,475,600166,福田汽车,2.51,0.8,0.02,789069,196695401.0,2.41,2.52,2.46,2.5,2.49,1.2,24.25,1.37
475,476,601989,中国重工,5.39,0.75,0.04,1507437,812702721.0,3.36,5.49,5.31,5.41,5.35,0.66,115.42,1.47
476,477,603855,华荣股份,18.37,0.71,0.13,20769,37740499.0,3.45,18.54,17.91,18.39,18.24,0.63,15.49,3.4
477,478,002510,天汽模,4.3,0.7,0.03,307356,129988928.0,3.28,4.31,4.17,4.24,4.27,3.3,19.68,1.91
478,479,300091,金通灵,2.36,0.43,0.01,505232,116913589.39,6.38,2.39,2.24,2.34,2.35,3.78,-23.24,1.83
479,480,001255,博菲电气,24.0,0.25,0.06,17359,41578457.1,4.85,24.66,23.5,24.45,23.94,8.68,1098.59,2.63
480,481,002026,山东威达,8.92,0.22,0.02,82354,72418303.0,5.28,9.07,8.6,9.01,8.9,1.92,13.76,1.13
481,482,600150,中国船舶,40.55,0.17,0.07,590149,2403339620.0,3.83,41.58,40.03,40.69,40.48,1.32,64.2,3.72
482,483,300084,海默科技,6.16,0.16,0.01,85728,51615898.09,4.39,6.17,5.9,6.05,6.15,2.51,-32.38,2.29
483,484,688626,翔宇医疗,27.49,0.11,0.03,11022,29761048.0,4.01,27.59,26.49,27.36,27.46,0.69,38.83,2.18
484,485,603488,展鹏科技,7.6,0.0,0.0,67524,50524947.0,4.87,7.73,7.36,7.65,7.6,2.31,241.96,2.15
485,486,002590,万安科技,14.16,-0.28,-0.04,262365,360050748.86,5.21,14.2,13.46,13.48,14.2,5.76,41.37,2.66
486,487,300103,达刚控股,6.96,-0.71,-0.05,170514,114139736.95,6.85,6.98,6.5,6.96,7.01,7.7,-76.5,3.6
487,488,000400,许继电气,32.24,-1.38,-0.45,234200,743160849.89,5.93,32.84,30.9,32.8,32.69,2.32,26.16,2.97
488,489,600375,*ST汉马,5.01,-1.57,-0.08,43392,21908434.0,1.77,5.1,5.01,5.08,5.09,0.66,-10.75,-3.39
489,490,688002,睿创微纳,45.56,-1.7,-0.79,142441,633385856.0,7.55,46.2,42.7,46.16,46.35,3.18,45.54,4.33
490,491,000584,*ST工智,1.96,-2.49,-0.05,211278,42179220.92,3.98,2.04,1.96,2.0,2.01,2.78,156.69,2.72
491,492,002309,*ST中利,1.97,-2.96,-0.06,100614,19905265.0,5.42,2.04,1.93,2.04,2.03,1.16,-3.23,-2.12
492,493,603978,深圳新星,13.9,-3.07,-0.44,189528,254343104.0,6.56,13.98,13.04,13.4,14.34,10.01,-22.96,1.56
493,494,300591,万里马,4.7,-3.09,-0.15,186692,86866340.0,6.19,4.81,4.51,4.75,4.85,5.32,-37.1,4.11
494,495,002808,ST恒久,2.03,-3.79,-0.08,160901,32502844.44,4.27,2.09,2.0,2.06,2.11,8.63,-21.15,1.68
495,496,002347,泰尔股份,4.98,-7.43,-0.4,647817,314746689.38,3.72,5.04,4.84,4.84,5.38,13.13,-126.74,2.12
