,序号,代码,名称,最新价,涨跌幅,涨跌额,成交量,成交额,振幅,最高,最低,今开,昨收,换手率,市盈率-动态,市净率
0,1,300114,中航电测,69.67,20.0,11.61,657635,4505059951.12,10.11,69.67,63.8,63.8,58.06,11.13,244.94,16.64
1,2,300581,晨曦航空,10.92,19.08,1.75,502113,530068231.43,15.7,11.0,9.56,9.56,9.17,9.13,-118.33,6.0
2,3,300427,红相股份,9.48,17.76,1.43,1357010,1201661304.14,28.2,9.66,7.39,7.39,8.05,33.16,230.85,3.29
3,4,300722,新余国科,32.01,15.98,4.41,227386,698368850.02,14.02,32.5,28.63,29.48,27.6,8.22,101.39,14.87
4,5,871642,通易航天,10.07,15.22,1.33,104786,105875253.95,19.79,10.94,9.21,9.27,8.74,10.41,-77.26,4.35
5,6,300922,天秦装备,16.18,13.38,1.91,151140,240176292.78,11.42,16.33,14.7,14.7,14.27,13.13,79.71,2.93
6,7,688543,国科军工,48.83,13.29,5.73,76981,363180022.0,10.23,48.85,44.44,45.0,43.1,9.43,53.86,3.97
7,8,300900,广联航空,22.51,13.17,2.62,244616,530864763.17,11.76,22.64,20.3,20.3,19.89,11.23,81.89,4.58
8,9,300875,捷强装备,35.49,11.6,3.69,98354,341630390.04,12.61,36.36,32.35,32.35,31.8,14.77,1424.76,2.83
9,10,688685,迈信林,39.05,11.0,3.87,33612,122944726.0,12.28,39.12,34.8,35.42,35.18,2.31,98.67,7.95
10,11,300424,航新科技,15.44,10.92,1.52,227892,340805956.29,10.78,15.59,14.09,14.09,13.92,9.52,114.99,4.97
11,12,688800,瑞可达,34.05,10.52,3.24,76052,241815806.0,16.1,34.46,29.5,30.5,30.81,4.8,41.52,2.7
12,13,601606,长城军工,11.72,10.05,1.07,297020,346244610.0,3.85,11.72,11.31,11.7,10.65,4.1,-107.1,3.31
13,14,000801,四川九洲,10.12,10.0,0.92,403482,390605452.68,8.7,10.12,9.32,9.4,9.2,3.94,76.39,3.54
14,15,300719,安达维尔,21.49,9.92,1.94,278890,590282733.02,11.51,22.3,20.05,20.2,19.55,15.53,191.08,5.21
15,16,301586,佳力奇,53.32,9.64,4.69,47360,246991901.43,8.43,54.78,50.68,50.68,48.63,24.07,35.94,3.58
16,17,300542,新晨科技,20.19,9.19,1.7,401594,778885918.28,11.03,20.44,18.4,19.7,18.49,16.3,-210.57,9.49
17,18,003009,中天火箭,42.82,8.57,3.38,41404,173974435.82,6.92,42.88,40.15,40.28,39.44,2.66,162.44,4.23
18,19,300775,三角防务,28.51,8.36,2.2,324904,913160509.69,7.6,29.09,27.09,27.09,26.31,6.1,26.91,2.82
19,20,600839,四川长虹,6.13,8.3,0.47,2807704,1650324693.0,9.01,6.18,5.67,5.77,5.66,6.08,50.45,1.97
20,21,300593,新雷能,12.13,8.3,0.93,129587,151463730.04,8.3,12.18,11.25,11.36,11.2,2.88,-48.35,2.28
21,22,300210,森远股份,10.17,8.08,0.76,202005,197264191.6,8.61,10.21,9.4,9.58,9.41,4.18,-69.72,11.74
22,23,300008,天海防务,5.02,7.96,0.37,1493731,746809821.18,9.68,5.25,4.8,4.83,4.65,9.07,71.41,4.33
23,24,300696,爱乐达,17.42,7.8,1.26,158612,269895303.16,6.68,17.48,16.4,16.71,16.16,8.51,-145.18,2.77
24,25,688511,天微电子,15.05,7.73,1.08,26895,39311692.0,10.31,15.41,13.97,13.97,13.97,2.61,562.93,1.8
25,26,600151,航天机电,7.13,7.7,0.51,477039,330399637.0,8.16,7.14,6.6,6.68,6.62,3.33,-155.57,2.09
26,27,300447,全信股份,14.14,7.69,1.01,82661,114028471.06,7.08,14.18,13.25,13.25,13.13,4.11,51.76,2.17
27,28,002777,久远银海,17.99,7.66,1.28,232627,401158122.25,10.29,18.1,16.38,16.89,16.71,5.75,326.93,4.5
28,29,300762,上海瀚讯,19.48,7.62,1.38,419713,785683360.19,8.01,19.56,18.11,18.55,18.1,6.68,-117.52,5.0
29,30,000901,航天科技,10.92,7.59,0.77,472747,499672129.99,6.31,10.92,10.28,10.35,10.15,5.92,1108.03,2.1
30,31,300342,天银机电,16.55,7.54,1.16,304941,487142579.59,7.28,16.62,15.5,15.6,15.39,7.3,105.47,4.65
31,32,300045,华力创通,22.17,7.52,1.55,444124,944364266.56,7.86,22.26,20.64,20.8,20.62,9.14,2598.91,8.43
32,33,300711,广哈通信,20.65,7.5,1.44,128137,258698071.24,7.7,20.79,19.31,19.8,19.21,5.16,178.47,7.4
33,34,300527,中船应急,10.23,7.35,0.7,897448,912224937.22,19.1,10.98,9.16,9.16,9.53,9.32,-3857.01,3.9
34,35,002096,易普力,13.1,7.29,0.89,144070,181656767.95,8.85,13.16,12.08,12.21,12.21,2.95,23.15,2.3
35,36,300397,天和防务,12.09,7.18,0.81,454493,549007935.57,14.01,12.98,11.4,11.57,11.28,11.46,-113.22,3.88
36,37,300101,振芯科技,17.45,6.99,1.14,177451,298534790.43,7.6,17.55,16.31,16.45,16.31,3.15,102.72,5.58
37,38,300726,宏达电子,32.19,6.98,2.1,102055,318379507.28,7.31,32.5,30.3,30.57,30.09,4.78,36.58,2.75
38,39,000886,海南高速,5.11,6.9,0.33,507124,257981042.37,5.86,5.24,4.96,5.05,4.78,5.19,86.51,1.67
39,40,002253,川大智胜,11.85,6.85,0.76,106142,122150230.86,6.04,11.9,11.23,11.23,11.09,5.11,-78.23,2.25
40,41,300213,佳讯飞鸿,7.6,6.74,0.48,293568,215295944.1,7.44,7.63,7.1,7.13,7.12,5.33,84.91,2.04
41,42,600990,四创电子,22.55,6.62,1.4,111885,240363397.0,11.77,22.55,20.06,20.88,21.15,4.16,-79.1,2.89
42,43,600765,中航重机,21.1,6.51,1.29,293736,603111106.0,6.61,21.15,19.84,20.0,19.81,2.0,21.62,2.61
43,44,002389,航天彩虹,17.36,6.44,1.05,297677,504540112.66,5.4,17.4,16.52,16.75,16.31,3.0,131.03,2.15
44,45,603712,七一二,17.96,6.34,1.07,183664,318549025.0,6.51,18.0,16.9,17.28,16.89,2.38,103.57,2.96
45,46,300589,江龙船艇,13.22,6.27,0.78,148685,194739729.91,4.74,13.34,12.75,12.75,12.44,6.42,120.78,6.0
46,47,300395,菲利华,42.38,6.27,2.5,129891,536957782.27,8.1,42.56,39.33,40.0,39.88,2.54,63.95,5.55
47,48,300201,海伦哲,4.09,6.23,0.24,253179,100246577.37,9.09,4.16,3.81,3.84,3.85,2.44,41.58,3.18
48,49,002246,北化股份,10.58,6.22,0.62,335494,351621356.82,6.43,10.81,10.17,10.26,9.96,6.11,83.79,2.01
49,50,000733,振华科技,44.69,6.18,2.6,196512,856694890.12,6.7,44.98,42.16,42.41,42.09,3.55,29.47,1.75
50,51,000519,中兵红箭,15.02,6.15,0.87,608447,901485502.12,4.38,15.12,14.5,14.6,14.15,4.37,234.56,2.0
51,52,002265,建设工业,10.38,6.03,0.59,74418,75303833.0,5.92,10.41,9.83,9.89,9.79,1.85,60.45,3.1
52,53,002985,北摩高科,22.33,5.93,1.25,48168,105086399.03,4.7,22.35,21.36,21.36,21.08,2.32,55.59,2.9
53,54,600463,空港股份,10.75,5.91,0.6,119625,125798780.0,6.9,10.88,10.18,10.27,10.15,3.99,-30.04,3.12
54,55,300252,金信诺,8.68,5.85,0.48,237710,200849942.09,5.37,8.7,8.26,8.28,8.2,4.43,894.69,2.68
55,56,688010,福光股份,16.99,5.72,0.92,11386,18584638.0,6.16,16.99,16.0,16.2,16.07,0.71,-38.99,1.65
56,57,300099,尤洛卡,5.91,5.72,0.32,160467,92446399.37,6.08,5.94,5.6,5.64,5.59,2.76,62.88,1.84
57,58,000561,烽火电子,7.6,5.7,0.41,161026,119889766.2,5.7,7.63,7.22,7.28,7.19,2.67,-46.29,2.49
58,59,002368,太极股份,21.52,5.7,1.16,289780,605914993.96,7.27,21.66,20.18,20.4,20.36,4.67,-42.22,2.68
59,60,600343,航天动力,9.53,5.65,0.51,105113,98142679.0,4.88,9.55,9.11,9.15,9.02,1.65,-53.42,3.82
60,61,001696,宗申动力,14.61,5.64,0.78,707511,1001845105.93,7.38,14.66,13.64,13.9,13.83,7.94,29.67,3.48
61,62,300777,中简科技,27.24,5.58,1.44,112331,299768375.3,5.23,27.4,26.05,26.3,25.8,2.65,57.21,2.9
62,63,300123,亚光科技,6.2,5.44,0.32,406046,246731882.32,4.25,6.21,5.96,6.03,5.88,4.06,-108.83,2.58
63,64,688011,新光光电,16.0,5.4,0.82,9794,15098741.0,6.32,16.0,15.04,15.5,15.18,0.98,-44.78,1.42
64,65,000768,中航西飞,28.48,5.36,1.45,458899,1299853598.83,5.88,28.82,27.23,27.31,27.03,1.66,60.28,3.97
65,66,836208,青矩技术,22.41,5.36,1.14,5106,11231101.7,6.16,22.7,21.39,21.8,21.27,0.92,16.48,2.44
66,67,603267,鸿远电子,38.39,5.35,1.95,56820,213422119.0,5.52,38.56,36.55,36.94,36.44,2.45,37.01,2.12
67,68,600760,中航沈飞,47.74,5.27,2.39,274242,1294563100.0,4.83,47.96,45.77,46.0,45.35,1.0,40.65,8.36
68,69,002829,星网宇达,19.69,5.24,0.98,114876,220273447.68,5.93,19.72,18.61,18.88,18.71,8.02,-124.71,2.14
69,70,000670,盈方微,5.68,5.19,0.28,337137,184373960.68,8.15,5.73,5.29,5.4,5.4,4.67,-107.67,167.39
70,71,002413,雷科防务,4.33,5.1,0.21,336169,143763559.89,4.85,4.35,4.15,4.17,4.12,2.69,-43.26,1.54
71,72,002446,盛路通信,6.41,5.08,0.31,298916,186274403.72,6.07,6.45,6.08,6.1,6.1,3.53,59.15,1.8
72,73,002935,天奥电子,15.43,5.04,0.74,83673,126569826.89,4.29,15.48,14.85,14.85,14.69,2.02,212.94,4.26
73,74,300547,川环科技,17.17,5.02,0.82,63673,106424655.0,5.87,17.18,16.22,16.8,16.35,3.57,18.93,3.31
74,75,688122,西部超导,46.31,5.01,2.21,107183,487730256.0,4.99,46.43,44.23,44.5,44.1,1.65,43.17,4.8
75,76,603131,上海沪工,15.32,5.0,0.73,148598,223998113.0,5.14,15.32,14.57,14.79,14.59,4.67,62.09,3.96
76,77,002414,高德红外,7.35,4.85,0.34,483309,346472401.51,5.71,7.39,6.99,7.03,7.01,1.42,873.41,4.64
77,78,600416,湘电股份,11.93,4.83,0.55,199600,231951139.0,5.27,11.94,11.34,11.44,11.38,1.51,47.4,2.13
78,79,002023,海特高新,10.2,4.83,0.47,205971,205915585.3,5.34,10.22,9.7,9.73,9.73,2.78,80.26,1.77
79,80,600705,中航产融,3.7,4.82,0.17,2664912,961634227.0,9.92,3.8,3.45,3.72,3.53,3.03,68.95,0.89
80,81,002933,新兴装备,28.29,4.78,1.29,49815,140442735.47,5.07,28.77,27.4,27.53,27.0,4.37,161.75,2.23
81,82,002352,顺丰控股,43.71,4.74,1.98,394985,1700608649.6,4.58,43.98,42.07,42.07,41.73,0.82,21.9,2.38
82,83,600590,泰豪科技,4.51,4.64,0.2,118577,52835593.0,3.25,4.52,4.38,4.43,4.31,1.41,-32.42,1.13
83,84,300699,光威复材,32.38,4.62,1.43,155213,492620879.45,5.65,32.45,30.7,31.35,30.95,1.89,36.54,4.75
84,85,600855,航天长峰,10.92,4.6,0.48,96957,104394539.0,5.17,10.94,10.4,10.43,10.44,2.07,-49.15,2.84
85,86,002214,大立科技,12.69,4.53,0.55,68180,84375780.8,4.61,12.7,12.14,12.28,12.14,1.42,-19.4,4.41
86,87,000547,航天发展,7.62,4.53,0.33,311332,233124512.19,4.25,7.64,7.33,7.43,7.29,1.96,-16.75,1.87
87,88,002519,银河电子,5.32,4.52,0.23,252186,131539712.42,4.13,5.33,5.12,5.14,5.09,2.26,22.05,1.87
88,89,603678,XD火炬电,26.1,4.48,1.12,52471,133622595.0,5.44,26.12,24.76,25.13,24.98,1.14,36.41,2.22
89,90,002151,北斗星通,27.79,4.47,1.19,114554,311454873.6,4.89,27.85,26.55,26.75,26.6,2.59,-171.78,2.76
90,91,301233,盛帮股份,40.25,4.46,1.72,12197,48594794.0,3.22,40.31,39.07,39.07,38.53,6.53,24.49,2.36
91,92,300627,华测导航,36.47,4.38,1.53,97614,345049632.43,5.81,36.5,34.47,34.94,34.94,2.16,39.78,6.22
92,93,603308,应流股份,12.29,4.33,0.51,94059,113066631.0,4.58,12.32,11.78,11.99,11.78,1.39,27.46,1.83
93,94,002669,康达新材,9.03,4.27,0.37,79513,70415416.0,4.5,9.04,8.65,8.65,8.66,2.64,-24.24,0.94
94,95,002625,光启技术,28.01,4.13,1.11,769296,2115234653.18,6.47,28.48,26.74,28.13,26.9,4.33,83.5,7.0
95,96,688081,兴图新科,11.26,4.07,0.44,11669,12863974.0,4.16,11.28,10.83,10.86,10.82,1.13,-20.98,2.37
96,97,300600,ST瑞科,6.93,4.05,0.27,46267,31790785.2,4.5,6.96,6.66,6.66,6.66,1.88,-85.59,2.18
97,98,603698,航天工程,15.17,4.05,0.59,44778,66579471.0,4.8,15.2,14.5,14.67,14.58,0.84,44.78,2.42
98,99,002297,博云新材,6.74,4.01,0.26,82631,55224428.3,3.24,6.78,6.57,6.58,6.48,1.44,836.22,1.82
99,100,002552,宝鼎科技,12.25,3.99,0.47,26067,31355770.09,3.82,12.26,11.81,11.81,11.78,0.83,24.71,2.63
100,101,002111,威海广泰,10.71,3.98,0.41,94135,99140380.52,3.79,10.75,10.36,10.4,10.3,1.98,26.49,1.87
101,102,300034,钢研高纳,17.27,3.97,0.66,214626,366452672.2,4.58,17.38,16.62,16.71,16.61,2.8,37.22,3.89
102,103,002097,山河智能,6.29,3.97,0.24,177069,109298172.36,4.13,6.31,6.06,6.07,6.05,1.65,99.01,1.48
103,104,600038,中直股份,41.17,3.96,1.57,65739,266625117.0,3.54,41.2,39.8,40.06,39.6,1.12,56.73,2.11
104,105,600879,航天电子,8.4,3.96,0.32,573483,474331993.0,3.47,8.41,8.13,8.15,8.08,1.78,55.55,1.35
105,106,688563,航材股份,53.78,3.94,2.04,17870,94736473.0,3.58,53.86,52.01,52.43,51.74,1.55,38.9,2.4
106,107,300416,苏试试验,12.56,3.89,0.47,129764,158329858.28,5.46,12.58,11.92,12.1,12.09,2.57,31.09,2.5
107,108,300185,通裕重工,2.42,3.86,0.09,726649,174676452.4,2.58,2.43,2.37,2.37,2.33,1.98,116.21,1.41
108,109,600372,中航机载,12.99,3.84,0.48,488496,628571292.0,3.28,13.04,12.63,12.71,12.51,1.03,34.8,1.73
109,110,600031,三一重工,18.59,3.8,0.68,859863,1587343575.0,3.63,18.65,18.0,18.0,17.91,1.02,22.05,2.28
110,111,300474,景嘉微,81.3,3.79,2.97,158321,1259663263.41,5.71,81.97,77.5,78.32,78.33,4.84,545.86,10.84
111,112,002771,真视通,20.16,3.76,0.73,102401,202684172.7,4.37,20.2,19.35,19.48,19.43,5.87,-152.29,6.46
112,113,002077,大港股份,13.28,3.75,0.48,157968,204026703.95,5.7,13.32,12.59,12.8,12.8,2.72,126.18,2.34
113,114,002436,兴森科技,10.26,3.74,0.37,441288,438855804.43,6.17,10.29,9.68,9.89,9.89,2.94,444.47,3.35
114,115,002783,凯龙股份,8.07,3.73,0.29,89931,72123627.1,5.91,8.23,7.77,7.81,7.78,2.62,30.98,1.66
115,116,300516,久之洋,36.81,3.72,1.32,40883,149515552.5,5.04,37.49,35.7,35.9,35.49,2.27,197.64,5.21
116,117,603977,国泰集团,11.46,3.71,0.41,97798,111198250.0,4.71,11.55,11.03,11.17,11.05,1.57,26.08,2.24
117,118,600562,国睿科技,15.76,3.68,0.56,101142,156483227.0,4.47,15.78,15.1,15.35,15.2,0.82,28.31,3.42
118,119,002335,科华数据,23.22,3.61,0.81,83955,190063827.62,5.4,23.27,22.06,22.6,22.41,2.09,23.75,2.46
119,120,688272,富吉瑞,16.65,3.54,0.57,8964,14845304.0,5.47,16.87,15.99,15.99,16.08,3.24,65.77,2.52
120,121,000409,云鼎科技,8.67,3.46,0.29,139220,118610117.0,3.94,8.7,8.37,8.47,8.38,3.29,40.35,3.95
121,122,600783,鲁信创投,13.27,3.43,0.44,109254,142638641.0,5.77,13.39,12.65,13.29,12.83,1.47,20.91,2.07
122,123,600967,内蒙一机,7.88,3.41,0.26,148846,116236125.0,3.67,7.93,7.65,7.73,7.62,0.88,25.44,1.13
123,124,300353,东土科技,11.26,3.4,0.37,214337,235731810.22,5.51,11.32,10.72,10.85,10.89,4.1,-37.17,3.41
124,125,300345,华民股份,6.76,3.36,0.22,65742,43538290.98,4.89,6.79,6.47,6.59,6.54,1.48,-14.3,5.22
125,126,600592,龙溪股份,9.53,3.36,0.31,65668,61879939.0,3.36,9.55,9.24,9.35,9.22,1.64,29.58,1.58
126,127,300352,北信源,5.57,3.34,0.18,644168,342462880.91,8.35,5.59,5.14,5.45,5.39,5.27,-61.51,5.46
127,128,601177,杭齿前进,8.15,3.3,0.26,48648,39443533.0,3.68,8.3,8.01,8.3,7.89,1.22,14.5,1.34
128,129,002231,奥维通信,5.33,3.29,0.17,167500,88714453.66,4.07,5.38,5.17,5.17,5.16,5.68,-146.58,5.91
129,130,002361,神剑股份,3.45,3.29,0.11,118215,40308045.0,3.29,3.46,3.35,3.35,3.34,1.47,91.68,1.48
130,131,300265,通光线缆,7.82,3.17,0.24,112899,87180146.0,3.69,7.83,7.55,7.55,7.58,2.47,41.03,1.59
131,132,688231,隆达股份,14.41,3.08,0.43,17741,25283489.0,3.22,14.45,14.0,14.08,13.98,1.4,38.74,1.31
132,133,002683,广东宏大,24.2,3.07,0.72,51791,122653917.0,4.3,24.24,23.23,23.6,23.48,0.78,22.27,2.94
133,134,300095,华伍股份,6.73,3.06,0.2,47752,31827585.77,3.06,6.78,6.58,6.58,6.53,1.42,60.01,1.38
134,135,601890,亚星锚链,7.78,3.05,0.23,207012,159698091.0,3.05,7.81,7.58,7.69,7.55,2.16,26.9,2.14
135,136,600736,苏州高新,4.77,3.02,0.14,230122,109130844.0,3.89,4.84,4.66,4.8,4.63,2.0,19.26,0.74
136,137,002611,东方精工,5.81,3.01,0.17,305672,174751679.61,3.72,5.82,5.61,5.63,5.64,3.07,21.61,1.52
137,138,600118,中国卫星,25.52,2.99,0.74,135758,341540331.0,3.83,25.56,24.61,24.85,24.78,1.15,1774.85,4.79
138,139,600410,华胜天成,5.2,2.97,0.15,234145,118688103.0,5.15,5.21,4.95,5.03,5.05,2.14,-11.54,1.4
139,140,600100,同方股份,6.3,2.94,0.18,501557,307704072.0,4.9,6.31,6.01,6.11,6.12,1.5,374.59,1.44
140,141,300667,必创科技,17.55,2.87,0.49,60705,103576135.25,5.8,17.63,16.64,17.18,17.06,3.52,705.47,2.8
141,142,301552,科力装备,52.67,2.85,1.46,15478,80469506.41,4.59,52.98,50.63,51.25,51.21,11.27,22.69,3.34
142,143,300420,五洋自控,2.61,2.76,0.07,135361,34801298.9,4.33,2.62,2.51,2.54,2.54,1.21,-168.25,1.21
143,144,002065,东华软件,5.71,2.51,0.14,495868,275701288.8,5.39,5.73,5.43,5.59,5.57,1.71,31.62,1.55
144,145,600353,旭光电子,6.31,2.44,0.15,147844,91063385.0,4.06,6.31,6.06,6.16,6.16,1.78,46.63,2.96
145,146,688776,国光电气,49.08,2.4,1.15,12355,59388931.0,6.59,49.15,45.99,46.0,47.93,1.14,52.22,2.85
146,147,002465,海格通信,10.45,2.35,0.24,593563,617214195.62,3.23,10.56,10.23,10.33,10.21,2.44,66.22,2.04
147,148,600764,中国海防,26.26,2.34,0.6,73437,191977438.0,5.34,26.57,25.2,25.66,25.66,1.03,123.8,2.29
148,149,002871,伟隆股份,8.8,2.33,0.2,24207,21093721.6,2.67,8.8,8.57,8.6,8.6,2.02,18.83,2.62
149,150,000066,中国长城,9.82,2.29,0.22,455150,436764214.46,4.79,9.85,9.39,9.6,9.6,1.45,-37.58,2.59
150,151,002406,远东传动,5.52,2.22,0.12,102115,55581714.96,2.78,5.52,5.37,5.4,5.4,1.7,37.93,1.02
151,152,002171,楚江新材,6.53,2.19,0.14,121058,77900380.04,3.91,6.56,6.31,6.43,6.39,0.93,25.64,1.39
152,153,002560,通达股份,5.97,2.05,0.12,67549,40039746.41,2.22,5.98,5.85,5.9,5.85,1.49,42.67,1.21
153,154,000955,欣龙控股,3.5,2.04,0.07,78129,27140340.4,2.62,3.52,3.43,3.44,3.43,1.45,-76.15,2.89
154,155,300488,恒锋工具,21.8,2.01,0.43,9415,20179199.0,3.93,21.9,21.06,21.37,21.37,0.69,28.27,2.65
155,156,002439,启明星辰,16.46,1.98,0.32,238517,382939996.88,5.33,16.5,15.64,16.17,16.14,3.29,-55.02,1.74
156,157,603338,浙江鼎力,53.54,1.9,1.0,43321,227842347.0,3.29,53.6,51.87,52.7,52.54,0.86,16.44,2.94
157,158,002179,中航光电,43.2,1.89,0.8,184433,792185218.06,3.82,43.98,42.36,42.8,42.4,0.89,27.45,4.29
158,159,600482,中国动力,23.96,1.87,0.44,251133,606969591.0,4.55,24.6,23.53,23.98,23.52,1.13,55.92,1.41
159,160,002303,美盈森,3.28,1.86,0.06,144215,46736087.0,2.8,3.28,3.19,3.22,3.22,1.82,16.73,1.11
160,161,601126,四方股份,19.65,1.76,0.34,84832,164430112.0,3.99,19.78,19.01,19.5,19.31,1.04,19.33,3.88
161,162,000599,青岛双星,4.21,1.69,0.07,115007,48344650.1,2.42,4.25,4.15,4.2,4.14,1.41,-30.11,1.65
162,163,000818,航锦科技,18.1,1.69,0.3,97850,173764013.0,4.66,18.18,17.35,17.8,17.8,1.44,186.37,3.45
163,164,601106,中国一重,3.12,1.63,0.05,600525,186238245.0,3.58,3.15,3.04,3.09,3.07,0.88,-61.81,2.47
164,165,002342,巨力索具,3.3,1.54,0.05,84598,27726312.4,2.46,3.31,3.23,3.26,3.25,0.89,401.82,1.28
165,166,002497,雅化集团,9.93,1.43,0.14,166393,162850779.04,3.68,9.96,9.6,9.79,9.79,1.58,56.0,1.1
166,167,603590,康辰药业,23.72,1.37,0.32,9763,22873006.0,3.21,23.76,23.01,23.6,23.4,0.62,23.96,1.22
167,168,603859,能科科技,18.59,1.36,0.25,63701,115622205.0,5.02,18.63,17.71,18.31,18.34,2.6,24.42,1.63
168,169,002564,*ST天沃,3.31,1.22,0.04,114235,37114058.01,4.28,3.32,3.18,3.23,3.27,1.33,91.66,21.84
169,170,300376,ST易事特,3.45,1.17,0.04,301369,101034842.19,6.45,3.46,3.24,3.41,3.41,1.29,32.22,1.13
170,171,601718,际华集团,2.8,1.08,0.03,371234,103577581.0,2.17,2.82,2.76,2.79,2.77,0.85,-326.54,0.73
171,172,688282,*ST导航,25.21,1.04,0.26,3973,10049600.0,4.77,25.79,24.6,25.23,24.95,1.09,-36.24,1.73
172,173,300091,金通灵,2.37,0.85,0.02,503925,116604556.39,6.38,2.39,2.24,2.34,2.35,3.77,-23.34,1.84
173,174,002189,中光学,21.89,0.83,0.18,152029,322572464.58,7.05,21.99,20.46,21.99,21.71,5.82,211.16,5.15
174,175,002254,泰和新材,9.7,0.73,0.07,96480,92827035.97,2.91,9.75,9.47,9.63,9.63,1.19,35.66,1.19
175,176,002510,天汽模,4.3,0.7,0.03,307023,129845738.0,3.28,4.31,4.17,4.24,4.27,3.3,19.68,1.91
176,177,600150,中国船舶,40.56,0.2,0.08,589877,2402236531.0,3.83,41.58,40.03,40.69,40.48,1.32,64.22,3.72
177,178,300103,达刚控股,6.96,-0.71,-0.05,169490,113426346.95,6.7,6.97,6.5,6.96,7.01,7.65,-76.5,3.6
178,179,688002,睿创微纳,45.53,-1.77,-0.82,142301,632745650.0,7.55,46.2,42.7,46.16,46.35,3.17,45.51,4.33
179,180,603056,德邦股份,14.12,-1.88,-0.27,125244,175387189.0,4.66,14.45,13.78,14.37,14.39,1.22,21.78,1.84
180,181,603978,深圳新星,13.94,-2.79,-0.4,189321,254054700.0,6.56,13.98,13.04,13.4,14.34,10.0,-23.02,1.56
