,序号,代码,名称,最新价,涨跌幅,涨跌额,成交量,成交额,振幅,最高,最低,今开,昨收,换手率,市盈率-动态,市净率
0,1,300355,蒙草生态,5.34,20.0,0.89,5517181,2898707530.06,8.09,5.34,4.98,5.34,4.45,40.39,169.42,1.97
1,2,300227,光韵达,7.88,14.04,0.97,367638,274439490.04,15.48,7.98,6.91,7.04,6.91,8.91,145.98,2.46
2,3,600120,浙江东方,4.57,10.12,0.42,1648152,735928714.0,6.99,4.57,4.28,4.57,4.15,4.83,61.12,1.05
3,4,600326,西藏天路,6.56,10.07,0.6,2052057,1297585215.0,11.24,6.56,5.89,5.89,5.96,15.76,-63.55,2.27
4,5,002355,兴民智通,6.74,9.95,0.61,925558,601412783.26,14.03,6.74,5.88,5.91,6.13,14.97,328.76,3.9
5,6,603778,国晟科技,3.45,9.87,0.31,323706,110414461.0,8.28,3.45,3.19,3.19,3.14,5.04,-10.13,2.63
6,7,600577,精达股份,5.27,9.56,0.46,1116303,565833286.0,11.02,5.29,4.76,4.83,4.81,5.29,19.23,2.13
7,8,002717,岭南股份,2.03,8.56,0.16,2153802,420537130.31,8.56,2.05,1.89,1.89,1.87,14.0,-6.88,1.85
8,9,600133,东湖高新,9.63,7.12,0.64,396707,368073090.0,9.12,9.78,8.96,9.09,8.99,3.72,62.3,1.22
9,10,300121,阳谷华泰,9.09,6.57,0.56,99212,87510534.98,8.09,9.2,8.51,8.62,8.53,2.52,13.39,1.22
10,11,300626,华瑞股份,10.54,6.14,0.61,168504,173412740.09,10.27,10.73,9.71,9.9,9.93,9.47,89.96,3.56
11,12,600602,云赛智联,14.33,6.07,0.82,383454,527432214.0,7.62,14.35,13.32,13.69,13.51,3.57,86.72,4.2
12,13,600053,九鼎投资,15.73,5.64,0.84,92962,143142620.0,4.9,15.8,15.07,15.19,14.89,2.14,427.19,2.35
13,14,600171,上海贝岭,28.66,5.37,1.46,697622,1909591153.0,9.63,28.87,26.25,27.0,27.2,9.84,77.43,4.9
14,15,300157,新锦动力,2.91,5.05,0.14,213875,60367833.0,5.42,2.91,2.76,2.79,2.77,3.04,-14.48,-10.76
15,16,000786,北新建材,32.84,4.99,1.56,170483,547389967.71,4.8,32.87,31.37,31.61,31.28,1.04,12.53,2.29
16,17,300190,维尔利,3.63,4.91,0.17,115717,41492628.0,5.78,3.69,3.49,3.64,3.46,1.49,33.61,0.8
17,18,600012,皖通高速,15.43,4.89,0.72,68491,103604680.0,7.27,15.68,14.61,14.75,14.71,0.59,15.8,2.05
18,19,600082,海泰发展,2.53,4.55,0.11,136758,34339389.0,3.31,2.55,2.47,2.5,2.42,2.16,-26.67,0.94
19,20,002632,道明光学,7.85,4.53,0.34,163238,125969086.0,4.53,7.87,7.53,7.53,7.51,2.81,26.2,2.4
20,21,300438,鹏辉能源,30.66,4.36,1.28,238578,712471021.64,5.58,30.85,29.21,29.5,29.38,5.9,185.14,2.86
21,22,000031,大悦城,3.16,4.29,0.13,289794,89431020.52,5.61,3.17,3.0,3.09,3.03,0.72,-18.62,1.02
22,23,600862,中航高科,21.9,4.29,0.9,159941,344830382.0,4.19,21.94,21.06,21.37,21.0,1.15,25.27,4.67
23,24,600373,中文传媒,14.94,4.18,0.6,124747,182539350.0,5.44,14.98,14.2,14.44,14.34,0.92,16.51,1.13
24,25,300398,飞凯材料,14.54,4.08,0.57,143384,202216699.0,6.44,14.6,13.7,14.03,13.97,2.73,31.99,2.02
25,26,688561,奇安信-U,31.48,4.07,1.23,53517,163172854.0,6.58,31.6,29.61,31.09,30.25,0.78,-13.15,2.31
26,27,300470,中密控股,36.2,4.02,1.4,25655,90020997.66,5.57,36.28,34.34,34.93,34.8,1.33,21.73,3.07
27,28,000058,深 赛 格,6.99,4.02,0.27,164962,112483678.15,5.21,7.01,6.66,6.77,6.72,1.68,84.49,4.26
28,29,002149,西部材料,14.77,3.94,0.56,115586,169056539.92,4.71,14.89,14.22,14.27,14.21,2.37,37.71,2.44
29,30,000735,罗 牛 山,5.61,3.89,0.21,226896,125034253.2,4.44,5.64,5.4,5.46,5.4,1.97,11.77,1.52
30,31,300140,节能环境,6.3,3.79,0.23,178227,110033847.24,4.61,6.32,6.04,6.17,6.07,1.75,22.32,1.43
31,32,002783,凯龙股份,8.07,3.73,0.29,89931,72123627.1,5.91,8.23,7.77,7.81,7.78,2.62,30.98,1.66
32,33,002135,东南网架,4.46,3.72,0.16,161546,71461082.98,6.51,4.58,4.3,4.32,4.3,1.5,20.13,0.81
33,34,300133,华策影视,6.25,3.65,0.22,612975,372603299.52,5.97,6.27,5.91,6.07,6.03,3.77,83.43,1.69
34,35,600818,中路股份,14.87,3.62,0.52,65077,94566548.0,5.09,14.89,14.16,14.34,14.35,2.73,961.16,7.82
35,36,002654,万润科技,10.88,3.62,0.38,436258,459496237.1,7.33,10.9,10.13,10.49,10.5,5.16,159.62,6.12
36,37,000409,云鼎科技,8.68,3.58,0.3,139286,118667353.0,3.94,8.7,8.37,8.47,8.38,3.29,40.39,3.95
37,38,600783,鲁信创投,13.28,3.51,0.45,110092,143751368.0,5.77,13.39,12.65,13.29,12.83,1.48,20.92,2.07
38,39,300271,华宇软件,6.4,3.39,0.21,213955,132940280.28,6.14,6.42,6.04,6.28,6.19,2.67,-16.07,1.26
39,40,603999,读者传媒,5.52,3.37,0.18,57208,30983854.0,3.75,5.53,5.33,5.36,5.34,0.99,46.4,1.62
40,41,603507,振江股份,24.03,3.31,0.77,32499,76444907.0,4.73,24.08,22.98,23.3,23.26,1.76,17.94,1.81
41,42,600064,南京高科,6.9,3.29,0.22,246842,167763674.0,3.44,6.91,6.68,6.83,6.68,1.43,5.84,0.66
42,43,600282,南钢股份,4.73,3.28,0.15,358458,168557583.0,3.93,4.78,4.6,4.7,4.58,0.58,11.82,1.14
43,44,300259,新天科技,3.26,3.16,0.1,127475,40890962.86,3.8,3.27,3.15,3.18,3.16,1.09,33.46,1.36
44,45,002967,广电计量,15.24,3.11,0.46,78470,116772759.6,4.6,15.28,14.6,14.73,14.78,1.45,55.77,2.43
45,46,300095,华伍股份,6.73,3.06,0.2,47776,31843736.77,3.06,6.78,6.58,6.58,6.53,1.42,60.01,1.38
46,47,600736,苏州高新,4.77,3.02,0.14,230233,109183863.0,3.89,4.84,4.66,4.8,4.63,2.0,19.26,0.74
47,48,002350,北京科锐,5.47,3.01,0.16,59444,32097469.36,3.2,5.48,5.31,5.36,5.31,1.12,-125.23,1.76
48,49,300073,当升科技,41.57,3.0,1.21,187794,762871855.7,4.86,41.72,39.76,40.91,40.36,3.72,36.7,1.62
49,50,600706,曲江文旅,9.04,2.96,0.26,58801,52697757.0,2.96,9.08,8.82,8.92,8.78,2.31,-6.16,3.97
50,51,002131,利欧股份,1.74,2.96,0.05,791081,134799472.11,4.14,1.74,1.67,1.69,1.69,1.35,-7.92,0.92
51,52,002362,汉王科技,18.1,2.96,0.52,70679,125295805.0,5.06,18.17,17.28,17.6,17.58,3.41,-43.55,3.68
52,53,002400,省广集团,5.25,2.94,0.15,402944,207544125.03,4.12,5.27,5.06,5.12,5.1,2.33,77.51,1.87
53,54,002076,星光股份,1.76,2.92,0.05,278073,49148430.0,5.85,1.82,1.72,1.76,1.71,2.69,979.58,6.02
54,55,600895,张江高科,24.37,2.91,0.69,540941,1281275322.0,5.91,24.5,23.1,23.9,23.68,3.49,70.87,3.04
55,56,000938,紫光股份,23.67,2.82,0.65,613104,1419959198.74,4.74,23.79,22.7,23.01,23.02,2.14,33.84,1.96
56,57,300035,中科电气,10.25,2.81,0.28,151404,151708184.55,4.71,10.27,9.8,10.04,9.97,2.6,50.72,1.58
57,58,002157,正邦科技,2.96,2.78,0.08,563357,164505352.54,2.78,2.96,2.88,2.9,2.88,0.94,-107.94,2.55
58,59,600410,华胜天成,5.19,2.77,0.14,234326,118782220.0,5.15,5.21,4.95,5.03,5.05,2.14,-11.52,1.4
59,60,300485,赛升药业,7.63,2.69,0.2,37134,27771549.13,4.85,7.64,7.28,7.55,7.43,1.36,-17.48,1.11
60,61,002279,久其软件,5.84,2.64,0.15,253577,144777376.75,5.1,5.86,5.57,5.69,5.69,3.18,-16.86,3.57
61,62,603330,天洋新材,5.21,2.56,0.13,55501,28706786.0,2.95,5.25,5.1,5.1,5.08,1.28,-255.2,1.29
62,63,002137,实益达,5.72,2.51,0.14,128812,72230185.4,4.84,5.74,5.47,5.61,5.58,3.25,67.76,2.15
63,64,300171,东富龙,12.48,2.46,0.3,97298,118383800.0,4.68,12.49,11.92,12.17,12.18,1.73,41.93,1.22
64,65,600353,旭光电子,6.31,2.44,0.15,147930,91117591.0,4.06,6.31,6.06,6.16,6.16,1.78,46.63,2.96
65,66,300251,光线传媒,8.02,2.43,0.19,322878,253123376.87,5.11,8.06,7.66,7.8,7.83,1.16,24.88,2.64
66,67,300018,中元股份,6.09,2.35,0.14,96796,57900645.76,4.2,6.11,5.86,5.93,5.95,2.54,44.78,2.36
67,68,300195,长荣股份,5.08,2.21,0.11,95414,47628827.0,4.23,5.09,4.88,4.98,4.97,3.04,-120.92,0.81
68,69,000973,佛塑科技,4.24,2.17,0.09,101217,42461198.5,3.61,4.26,4.11,4.17,4.15,1.05,40.72,1.46
69,70,000728,国元证券,8.33,2.08,0.17,816314,661343080.58,5.64,8.37,7.91,8.22,8.16,1.87,18.17,1.02
70,71,002555,三七互娱,16.22,2.08,0.33,473482,749689868.04,5.03,16.29,15.49,15.85,15.89,2.95,14.22,2.84
71,72,603688,石英股份,30.06,2.07,0.61,126584,370566054.0,5.5,30.13,28.51,29.45,29.45,2.34,31.69,2.86
72,73,002339,积成电子,6.42,2.07,0.13,116494,73765581.1,3.34,6.43,6.22,6.29,6.29,2.43,-19.69,1.91
73,74,002030,达安基因,5.98,2.05,0.12,139536,82001774.78,4.1,6.0,5.76,5.87,5.86,0.99,-10.51,0.99
74,75,600571,信雅达,11.75,2.0,0.23,341088,393122757.0,6.6,11.96,11.2,11.87,11.52,7.45,-46.97,4.75
75,76,600981,汇鸿集团,2.13,1.91,0.04,162872,34307603.0,2.87,2.13,2.07,2.1,2.09,0.73,-7.23,1.07
76,77,300119,瑞普生物,14.15,1.87,0.26,26969,37326796.59,4.39,14.18,13.57,13.98,13.89,0.81,20.71,1.48
77,78,002099,海翔药业,6.0,1.87,0.11,89234,52531717.0,4.24,6.03,5.78,5.91,5.89,0.55,127.45,1.77
78,79,000686,东北证券,7.64,1.87,0.14,360909,268738277.14,5.2,7.66,7.27,7.57,7.5,1.54,67.66,0.97
79,80,002624,完美世界,8.76,1.86,0.16,384862,329780456.5,4.42,8.79,8.41,8.69,8.6,2.11,-48.04,2.16
80,81,300020,*ST银江,2.22,1.83,0.04,344081,75245494.72,4.13,2.23,2.14,2.2,2.18,4.49,-12.89,0.43
81,82,002139,拓邦股份,10.98,1.76,0.19,228888,246142806.11,4.91,11.01,10.48,10.8,10.79,2.14,17.6,2.14
82,83,600352,浙江龙盛,10.31,1.68,0.17,224711,228871333.0,2.76,10.35,10.07,10.13,10.14,0.69,18.59,1.01
83,84,002012,凯恩股份,4.32,1.65,0.07,74483,31959427.24,3.76,4.37,4.21,4.23,4.25,1.6,71.14,1.32
84,85,300443,金雷股份,19.24,1.64,0.31,65986,124530832.38,4.6,19.3,18.43,19.26,18.93,2.72,41.6,1.03
85,86,601108,财通证券,8.26,1.6,0.13,910060,735014963.0,4.8,8.31,7.92,8.3,8.13,1.96,20.69,1.1
86,87,600303,ST曙光,2.45,1.24,0.03,97809,24056162.0,2.89,2.5,2.43,2.44,2.42,1.45,-6.06,1.07
87,88,601500,通用股份,5.01,1.21,0.06,360066,177647343.0,3.64,5.02,4.84,4.97,4.95,2.28,13.9,1.42
88,89,600739,辽宁成大,11.69,1.12,0.13,258137,296242809.0,5.28,11.81,11.2,11.75,11.56,1.69,19.46,0.61
89,90,000783,长江证券,6.68,1.06,0.07,1310155,853039587.37,5.6,6.7,6.33,6.63,6.61,2.37,23.48,1.12
90,91,000685,中山公用,8.59,1.06,0.09,237602,202418528.04,3.88,8.74,8.41,8.66,8.5,1.89,11.41,0.76
91,92,000524,岭南控股,9.34,0.97,0.09,63072,58303831.0,3.14,9.4,9.11,9.22,9.25,0.94,78.61,2.94
92,93,002038,双鹭药业,7.29,0.97,0.07,109678,78812369.0,3.32,7.3,7.06,7.23,7.22,1.29,126.55,1.28
93,94,000610,西安旅游,12.11,0.92,0.11,51451,61876976.11,2.25,12.15,11.88,12.01,12.0,2.18,-22.52,6.62
94,95,600851,海欣股份,5.68,0.89,0.05,55516,30913043.0,4.09,5.68,5.45,5.62,5.63,0.75,33.68,1.76
95,96,002471,中超控股,2.37,0.85,0.02,204553,48063415.0,3.4,2.39,2.31,2.32,2.35,1.62,-80.57,1.99
96,97,600993,马应龙,25.55,0.83,0.21,53274,133919756.0,3.91,25.6,24.61,25.32,25.34,1.24,17.65,2.86
97,98,603811,诚意药业,7.41,0.68,0.05,42482,31301637.0,3.4,7.47,7.22,7.4,7.36,1.3,15.86,2.02
98,99,603538,美诺华,12.3,0.49,0.06,22976,27979854.0,3.35,12.39,11.98,12.25,12.24,1.08,71.02,1.31
99,100,000661,长春高新,104.44,0.41,0.43,96825,990525526.05,4.91,105.11,100.0,104.44,104.01,2.43,12.22,1.92
100,101,600138,中青旅,9.92,0.4,0.04,131849,129603753.0,2.23,9.95,9.73,9.86,9.88,1.82,49.47,1.15
101,102,601377,兴业证券,6.35,0.32,0.02,1175024,734576816.0,4.11,6.38,6.12,6.36,6.33,1.36,29.12,1.02
102,103,603728,鸣志电器,44.28,0.09,0.04,134559,575472613.0,6.6,44.5,41.58,43.43,44.24,3.21,232.34,6.48
103,104,600298,安琪酵母,36.9,-0.75,-0.28,97122,355247117.0,2.99,37.14,36.03,37.0,37.18,1.14,23.19,3.15
