,序号,代码,名称,最新价,涨跌幅,涨跌额,成交量,成交额,振幅,最高,最低,今开,昨收,换手率,市盈率-动态,市净率
0,1,300865,大宏立,19.79,20.01,3.3,46187.0,86121101.5,19.95,19.79,16.5,16.96,16.49,6.82,85.9,2.17
1,2,300929,华骐环保,9.54,20.0,1.59,184685.0,166686752.99,17.23,9.54,8.17,8.29,7.95,15.0,-55.82,1.52
2,3,300621,维业股份,10.1,19.95,1.68,142221.0,136946231.64,17.34,10.1,8.64,8.7,8.42,7.25,106.12,2.36
3,4,301098,金埔园林,9.24,13.65,1.11,171361.0,151354825.89,11.81,9.37,8.41,8.52,8.13,14.22,30.93,1.26
4,5,300649,杭州园林,11.9,11.21,1.2,87334.0,102644985.12,9.81,12.34,11.29,11.5,10.7,8.23,-44.33,3.07
5,6,002211,宏达新材,4.69,10.09,0.43,128756.0,60386334.19,0.0,4.69,4.69,4.69,4.26,2.98,-68.62,41.83
6,7,000702,正虹科技,5.92,10.04,0.54,188892.0,110226885.02,8.55,5.92,5.46,5.46,5.38,7.08,-91.43,4.94
7,8,600193,创兴资源,2.76,9.96,0.25,252685.0,66990980.0,9.96,2.76,2.51,2.53,2.51,5.94,-84.84,4.05
8,9,688038,中科通达,12.61,9.84,1.13,46498.0,55444976.0,11.67,12.64,11.3,11.45,11.48,4.0,104.81,2.35
9,10,301027,华蓝集团,9.95,9.7,0.88,120083.0,115671173.3,7.94,9.98,9.26,9.38,9.07,10.16,-35.61,1.56
10,11,300564,筑博设计,11.78,9.68,1.04,130629.0,153509112.92,22.53,12.89,10.47,10.94,10.74,11.54,-31.64,1.54
11,12,300753,爱朋医疗,14.15,8.85,1.15,49581.0,66819418.0,12.54,14.37,12.74,13.02,13.0,6.02,100.27,2.56
12,13,301336,趣睡科技,33.09,8.31,2.54,11348.0,36478888.8,10.61,33.7,30.46,30.78,30.55,4.41,47.09,1.66
13,14,688511,天微电子,15.05,7.73,1.08,26895.0,39311692.0,10.31,15.41,13.97,13.97,13.97,2.61,562.93,1.8
14,15,002205,国统股份,8.27,7.12,0.55,105691.0,85018105.78,8.42,8.44,7.79,7.8,7.72,5.69,-16.58,2.63
15,16,300334,津膜科技,6.47,7.12,0.43,107837.0,68575094.0,7.78,6.59,6.12,6.12,6.04,3.57,695.86,3.44
16,17,605122,四方新材,10.83,6.8,0.69,31019.0,33009357.0,7.4,11.0,10.25,10.3,10.14,1.8,82.56,0.84
17,18,300553,集智股份,24.1,6.73,1.52,17188.0,39531483.0,9.17,24.23,22.16,22.83,22.58,3.24,127.17,2.76
18,19,688448,磁谷科技,21.56,6.63,1.34,16276.0,33587606.0,7.22,21.56,20.1,20.55,20.22,3.42,92.33,1.57
19,20,300417,南华仪器,10.55,6.57,0.65,103875.0,107277315.65,8.38,10.86,10.03,10.8,9.9,11.96,27.13,3.01
20,21,002209,达 意 隆,9.15,6.52,0.56,106026.0,96082298.0,8.27,9.33,8.62,8.62,8.59,6.83,31.85,2.72
21,22,300462,华铭智能,9.79,6.41,0.59,83036.0,78439526.5,6.96,9.8,9.16,9.2,9.2,6.07,-26.04,1.27
22,23,688679,通源环境,7.98,6.4,0.48,19090.0,14908054.0,8.27,8.18,7.56,7.8,7.5,1.45,180.8,0.93
23,24,300626,华瑞股份,10.55,6.24,0.62,168494.0,173402200.09,10.27,10.73,9.71,9.9,9.93,9.47,90.04,3.57
24,25,600455,博通股份,18.94,6.23,1.11,40153.0,74430071.0,8.36,19.39,17.9,17.93,17.83,6.43,63.41,4.25
25,26,688156,路德环境,12.87,6.19,0.75,20904.0,26519101.0,8.0,13.27,12.3,12.81,12.12,2.26,430.8,1.44
26,27,301372,科净源,22.72,6.17,1.32,18899.0,41938504.13,7.01,22.98,21.48,21.94,21.4,4.62,-22.74,1.79
27,28,301024,霍普股份,23.54,6.13,1.36,13236.0,30478508.5,5.95,23.67,22.35,22.61,22.18,7.46,-39.17,2.95
28,29,002856,美芝股份,9.99,5.94,0.56,51894.0,50532603.0,5.73,10.05,9.51,9.57,9.43,4.29,-30.19,4.02
29,30,301079,邵阳液压,15.9,5.93,0.89,76319.0,119248063.74,5.73,15.96,15.1,15.1,15.01,13.54,83.49,3.54
30,31,688229,博睿数据,40.88,5.91,2.28,13659.0,53363437.0,7.77,40.88,37.88,38.68,38.6,3.08,-18.45,3.76
31,32,300955,嘉亨家化,14.79,5.87,0.82,34685.0,50532026.62,9.95,15.28,13.89,13.94,13.97,5.89,-136.81,1.56
32,33,300521,爱司凯,13.14,5.8,0.72,23783.0,30282417.0,7.33,13.19,12.28,12.61,12.42,1.65,-194.91,3.85
33,34,301113,雅艺科技,24.04,5.76,1.31,7483.0,17640620.0,6.47,24.2,22.73,22.73,22.73,4.05,146.84,2.31
34,35,300594,朗进科技,16.37,5.75,0.89,32798.0,52448500.0,5.56,16.38,15.52,15.75,15.48,3.62,-34.47,1.66
35,36,605303,园林股份,7.19,5.74,0.39,34416.0,24316404.0,5.0,7.24,6.9,7.0,6.8,2.13,-9.59,1.0
36,37,002058,威尔泰,9.98,5.72,0.54,30322.0,29876155.0,6.67,10.08,9.45,9.45,9.44,2.12,-92.79,10.58
37,38,300854,中兰环保,12.68,5.67,0.68,34023.0,42286121.0,4.83,12.72,12.14,12.33,12.0,6.05,51.19,1.3
38,39,000820,神雾节能,2.99,5.65,0.16,130506.0,38667766.92,6.01,3.05,2.88,2.88,2.83,4.54,-84.28,25.0
39,40,300405,科隆股份,4.53,5.59,0.24,84817.0,37717049.48,5.59,4.58,4.34,4.34,4.29,3.88,-38.86,2.68
40,41,688309,恒誉环保,13.53,5.54,0.71,5784.0,7667478.0,4.68,13.55,12.95,13.23,12.82,0.72,-672.64,1.51
41,42,688501,青达环保,13.96,5.52,0.73,18649.0,25310099.0,6.05,14.0,13.2,13.3,13.23,1.52,35.82,1.95
42,43,300948,冠中生态,10.72,5.51,0.56,36252.0,38394681.5,6.69,11.0,10.32,10.73,10.16,2.77,87.62,1.76
43,44,688237,超卓航科,20.82,5.47,1.08,15126.0,30789529.0,4.71,20.98,20.05,20.2,19.74,3.43,60.79,1.51
44,45,002723,小崧股份,5.64,5.42,0.29,143202.0,78538333.36,6.17,5.67,5.34,5.38,5.35,4.51,227.06,1.44
45,46,688011,新光光电,16.0,5.4,0.82,9794.0,15098741.0,6.32,16.0,15.04,15.5,15.18,0.98,-44.78,1.42
46,47,688287,观典防务,4.97,5.3,0.25,74998.0,36665449.0,5.72,5.02,4.75,4.75,4.72,2.02,-22.39,1.97
47,48,605069,正和生态,6.59,5.27,0.33,52387.0,34256444.0,5.27,6.75,6.42,6.61,6.26,6.22,-21.38,1.38
48,49,301228,实朴检测,12.78,5.19,0.63,43542.0,54623510.49,5.84,12.84,12.13,12.36,12.15,7.95,-29.12,2.02
49,50,002789,建艺集团,10.35,5.18,0.51,25166.0,25637838.2,7.93,10.68,9.9,10.14,9.84,1.91,148.45,45.88
50,51,002679,福建金森,7.78,5.14,0.38,41216.0,31703728.0,4.59,7.85,7.51,7.55,7.4,1.75,-24.34,2.56
51,52,000638,万方发展,4.32,5.11,0.21,130679.0,55891972.67,3.41,4.34,4.2,4.29,4.11,4.21,642.31,7.95
52,53,603458,勘设股份,6.02,5.06,0.29,113135.0,67200004.0,4.89,6.04,5.76,5.78,5.73,3.63,-12.02,0.57
53,54,688251,井松智能,17.06,5.05,0.82,12775.0,20972204.0,6.9,17.1,15.98,16.23,16.24,2.45,28.68,1.81
54,55,688466,金科环境,12.79,5.01,0.61,6595.0,8251373.0,5.17,12.87,12.24,12.4,12.18,0.54,24.94,1.34
55,56,688659,元琛科技,6.98,4.96,0.33,24910.0,16918658.0,4.96,6.98,6.65,6.66,6.65,1.56,78.39,1.81
56,57,688021,奥福环保,10.38,4.95,0.49,16247.0,16632062.0,5.36,10.45,9.92,10.0,9.89,2.13,-29.13,0.89
57,58,688296,和达科技,10.89,4.91,0.51,14288.0,15143248.0,6.55,10.97,10.29,10.55,10.38,1.33,-128.76,1.7
58,59,003003,天元股份,8.8,4.89,0.41,38819.0,33528241.2,7.51,9.01,8.38,8.46,8.39,3.34,23.22,1.24
59,60,301273,瑞晨环保,17.33,4.84,0.8,11321.0,19354131.39,6.72,17.77,16.66,16.66,16.53,3.27,-22.62,1.28
60,61,688118,普元信息,17.15,4.83,0.79,26739.0,43906825.0,8.5,17.24,15.85,16.94,16.36,2.85,-13.31,2.03
61,62,603880,南卫股份,4.13,4.82,0.19,62192.0,25468527.0,6.6,4.2,3.94,3.95,3.94,2.15,581.48,2.53
62,63,600281,华阳新材,3.72,4.79,0.17,433007.0,159155375.0,9.58,3.85,3.51,3.66,3.55,8.42,-19.36,9.71
63,64,002963,豪尔赛,11.67,4.76,0.53,18909.0,21714692.44,6.19,11.85,11.16,11.31,11.14,1.54,114.12,1.14
64,65,300371,汇中股份,9.71,4.75,0.44,44141.0,42109167.6,4.64,9.75,9.32,9.44,9.27,3.25,47.65,1.82
65,66,603316,诚邦股份,5.81,4.68,0.26,141692.0,82000291.0,7.03,5.96,5.57,5.64,5.55,5.36,-144.35,2.07
66,67,300980,祥源新材,17.46,4.68,0.78,13654.0,23384891.84,8.33,17.82,16.43,16.69,16.68,2.0,86.5,2.13
67,68,603356,华菱精工,13.39,4.61,0.59,58523.0,77779679.0,7.11,13.58,12.67,13.08,12.8,4.39,-22.73,2.88
68,69,300935,盈建科,20.98,4.59,0.92,18143.0,37093097.12,5.28,20.99,19.93,20.05,20.06,3.01,-33.97,1.93
69,70,688565,力源科技,5.48,4.58,0.24,14322.0,7698647.0,4.96,5.5,5.24,5.31,5.24,0.96,-46.35,1.72
70,71,688051,佳华科技,20.47,4.55,0.89,6631.0,13215780.0,5.46,20.57,19.5,20.0,19.58,0.86,-26.83,1.99
71,72,600082,海泰发展,2.53,4.55,0.11,136758.0,34339389.0,3.31,2.55,2.47,2.5,2.42,2.16,-26.67,0.94
72,73,300517,海波重科,9.49,4.52,0.41,40675.0,38050481.18,4.85,9.54,9.1,9.3,9.08,3.28,60.34,1.84
73,74,300816,艾可蓝,21.67,4.48,0.93,14757.0,31232678.28,5.06,21.79,20.74,20.75,20.74,3.05,24.25,2.09
74,75,300995,奇德新材,15.73,4.45,0.67,14748.0,22695879.14,5.44,15.78,14.96,15.21,15.06,2.46,167.54,2.15
75,76,603226,菲林格尔,3.53,4.44,0.15,39225.0,13656078.0,3.25,3.53,3.42,3.42,3.38,1.1,-41.7,1.29
76,77,002188,中天服务,4.5,4.41,0.19,104154.0,46335974.0,3.02,4.52,4.39,4.4,4.31,4.32,44.44,8.97
77,78,603818,曲美家居,2.61,4.4,0.11,184126.0,47208203.0,4.4,2.62,2.51,2.52,2.5,2.68,-7.22,0.81
78,79,300716,泉为科技,10.99,4.37,0.46,55496.0,60292761.0,4.56,11.14,10.66,10.68,10.53,3.47,-18.7,17.65
79,80,688328,深科达,16.26,4.36,0.68,35747.0,56077492.0,7.64,16.4,15.21,15.88,15.58,3.78,-30.14,1.61
80,81,603729,龙韵股份,13.77,4.32,0.57,32437.0,43639315.0,4.85,13.79,13.15,13.21,13.2,3.48,-79.27,3.62
81,82,003011,海象新材,14.51,4.31,0.6,25949.0,36943381.82,5.32,14.6,13.86,14.04,13.91,3.34,137.53,1.09
82,83,603389,亚振家居,6.81,4.29,0.28,108235.0,73128645.0,5.67,6.9,6.53,6.63,6.53,4.12,-31.85,5.13
83,84,300665,飞鹿股份,6.1,4.27,0.25,66841.0,40364210.0,6.15,6.23,5.87,5.93,5.85,4.44,-12.11,2.39
84,85,688171,纬德信息,15.63,4.27,0.64,11146.0,17055917.0,4.87,15.63,14.9,15.14,14.99,2.17,238.26,1.57
85,86,688288,鸿泉物联,15.74,4.24,0.64,19736.0,30044784.0,5.89,15.75,14.86,15.1,15.1,1.96,-43.48,2.22
86,87,688701,卓锦股份,5.44,4.21,0.22,12182.0,6438441.0,5.36,5.44,5.16,5.22,5.22,0.91,-15.5,2.84
87,88,001211,双枪科技,16.57,4.21,0.67,16470.0,26710549.0,4.28,16.6,15.92,16.2,15.9,2.38,44.69,1.39
88,89,603359,东珠生态,4.21,4.21,0.17,101868.0,42620990.0,5.94,4.32,4.08,4.15,4.04,2.28,72.3,0.57
89,90,300931,通用电梯,6.23,4.18,0.25,43602.0,26788219.0,4.18,6.26,6.01,6.09,5.98,2.22,5983.42,2.2
90,91,300635,中达安,10.8,4.15,0.43,75866.0,80528011.16,5.5,10.88,10.31,10.5,10.37,6.32,159.39,3.44
91,92,603955,大千生态,8.55,4.14,0.34,36897.0,31432283.0,5.48,8.79,8.34,8.37,8.21,2.72,45.22,0.75
92,93,300614,百川畅银,10.41,4.1,0.41,27518.0,28200329.87,6.5,10.65,10.0,10.2,10.0,1.72,-18.72,1.22
93,94,300535,达威股份,13.73,4.09,0.54,20861.0,28192805.0,3.94,13.75,13.23,13.25,13.19,2.73,23.84,1.48
94,95,688081,兴图新科,11.26,4.07,0.44,11669.0,12863974.0,4.16,11.28,10.83,10.86,10.82,1.13,-20.98,2.37
95,96,688367,工大高科,14.63,4.05,0.57,6349.0,9098806.0,4.2,14.68,14.09,14.1,14.06,0.73,56.12,2.21
96,97,688129,东来技术,13.86,4.05,0.54,7345.0,9919510.0,5.03,13.87,13.2,13.28,13.32,0.61,22.94,2.04
97,98,300069,金利华电,13.63,4.05,0.53,24440.0,32871834.0,5.19,13.74,13.06,13.61,13.1,2.09,141.67,6.41
98,99,300984,金沃股份,24.45,4.04,0.95,3671.0,8775794.84,4.68,24.5,23.4,23.72,23.5,0.8,71.52,2.86
99,100,688307,中润光学,21.41,4.03,0.83,10452.0,21827683.0,5.3,21.47,20.38,20.8,20.58,1.83,46.26,2.29
100,101,688175,高凌信息,14.35,3.99,0.55,6707.0,9471787.0,3.62,14.35,13.85,13.98,13.8,1.15,-41.48,1.02
101,102,003027,同兴环保,13.59,3.98,0.52,22345.0,29948451.5,3.83,13.68,13.18,13.34,13.07,2.19,45.03,1.04
102,103,002931,锋龙股份,9.2,3.95,0.35,41365.0,37358115.96,4.18,9.22,8.85,8.98,8.85,2.22,1425.67,2.59
103,104,603717,天域生物,5.81,3.94,0.22,38826.0,22330286.0,4.11,5.87,5.64,5.64,5.59,1.34,135.32,2.58
104,105,600791,京能置业,3.98,3.92,0.15,132966.0,52312131.0,3.39,4.0,3.87,3.96,3.83,2.94,-15.02,2.48
105,106,688178,万德斯,10.75,3.86,0.4,6940.0,7353623.0,4.35,10.8,10.35,10.46,10.35,0.82,-106.06,0.83
106,107,300385,雪浪环境,4.58,3.85,0.17,47230.0,21291791.91,5.44,4.63,4.39,4.5,4.41,1.63,-7.73,2.52
107,108,688058,宝兰德,24.61,3.84,0.91,17545.0,41615973.0,7.97,24.77,22.88,23.7,23.7,2.26,-29.05,2.48
108,109,301081,严牌股份,8.16,3.82,0.3,18929.0,15168698.3,4.71,8.2,7.83,7.96,7.86,2.22,28.89,1.76
109,110,688096,京源环保,7.11,3.8,0.26,11703.0,8160032.0,4.82,7.14,6.81,6.88,6.85,0.77,-133.52,1.43
110,111,688329,艾隆科技,14.84,3.78,0.54,8089.0,11682149.0,4.76,14.84,14.16,14.45,14.3,1.49,-30.4,1.47
111,112,301010,晶雪节能,13.52,3.76,0.49,17190.0,22947953.0,5.99,13.76,12.98,13.22,13.03,1.59,48.26,1.77
112,113,002778,中晟高科,12.16,3.75,0.44,23848.0,28709455.8,4.86,12.27,11.7,11.74,11.72,1.93,-44.56,3.74
113,114,002114,罗平锌电,5.53,3.75,0.2,101083.0,55310175.0,3.56,5.55,5.36,5.4,5.33,3.13,374.78,1.73
114,115,300165,天瑞仪器,3.33,3.74,0.12,173054.0,56653960.2,4.98,3.36,3.2,3.23,3.21,4.12,-55.41,1.2
115,116,300509,新美星,5.89,3.7,0.21,37202.0,21521698.95,4.93,5.92,5.64,5.73,5.68,1.51,46.35,2.79
116,117,300839,博汇股份,7.06,3.67,0.25,35692.0,24677908.4,5.14,7.07,6.72,6.9,6.81,1.49,-8.21,2.96
117,118,301167,建研设计,13.68,3.64,0.48,26402.0,35616702.0,4.7,13.77,13.15,13.33,13.2,3.71,135.54,1.66
118,119,002295,精艺股份,5.74,3.61,0.2,45983.0,26028370.2,3.79,5.76,5.55,5.55,5.54,1.84,37.79,1.07
119,120,000586,汇源通信,8.34,3.6,0.29,52987.0,43452839.0,3.85,8.36,8.05,8.18,8.05,2.74,-136.11,4.93
120,121,002529,海源复材,6.37,3.58,0.22,83013.0,52257768.82,4.39,6.43,6.16,6.29,6.15,3.19,-16.5,4.14
121,122,688616,西力科技,8.98,3.58,0.31,20741.0,18248338.0,5.07,9.02,8.58,8.67,8.67,1.16,21.73,1.98
122,123,300472,新元科技,6.97,3.57,0.24,80300.0,54649206.0,6.24,7.03,6.61,6.7,6.73,3.2,-33.61,3.24
123,124,688379,华光新材,17.19,3.55,0.59,12043.0,20208725.0,5.36,17.29,16.4,16.68,16.6,1.35,17.1,1.62
124,125,300883,龙利得,4.96,3.55,0.17,55823.0,27160413.83,4.38,4.97,4.76,4.83,4.79,1.7,218.73,1.2
125,126,688272,富吉瑞,16.65,3.54,0.57,8964.0,14845304.0,5.47,16.87,15.99,15.99,16.08,3.24,65.77,2.52
126,127,300749,顶固集创,6.16,3.53,0.21,28900.0,17541442.0,4.03,6.19,5.95,5.97,5.95,1.84,-130.65,1.76
127,128,300478,杭州高新,8.52,3.52,0.29,27398.0,23039768.7,3.89,8.6,8.28,8.28,8.23,2.16,-61.77,12.92
128,129,603042,华脉科技,11.46,3.52,0.39,56544.0,63703377.0,3.79,11.49,11.07,11.07,11.07,3.52,-225.63,2.09
129,130,600355,精伦电子,3.54,3.51,0.12,208337.0,72368856.0,4.09,3.54,3.4,3.47,3.42,4.23,-43.31,11.28
130,131,002486,嘉麟杰,2.07,3.5,0.07,198447.0,40806200.67,4.0,2.08,2.0,2.0,2.0,2.39,36.87,1.63
131,132,002231,奥维通信,5.34,3.49,0.18,167507.0,88718189.66,4.07,5.38,5.17,5.17,5.16,5.68,-146.85,5.93
132,133,300710,万隆光电,17.86,3.48,0.6,29371.0,51161120.0,5.56,17.88,16.92,17.52,17.26,3.3,101.7,2.66
133,134,300899,上海凯鑫,20.54,3.48,0.69,15619.0,31704563.0,3.68,20.66,19.93,20.09,19.85,3.82,530.94,2.05
134,135,688681,科汇股份,10.76,3.46,0.36,19682.0,20807750.0,6.25,10.86,10.21,10.48,10.4,1.88,94.29,2.03
135,136,300923,研奥股份,21.31,3.45,0.71,16701.0,35167344.0,3.74,21.35,20.58,20.58,20.6,2.18,51.0,1.48
136,137,002795,永和智控,3.95,3.4,0.13,259447.0,100314191.64,6.54,3.99,3.74,3.9,3.82,5.97,-15.66,2.37
137,138,002571,德力股份,4.56,3.4,0.15,94392.0,42625410.69,6.35,4.68,4.4,4.44,4.41,3.16,77.05,1.44
138,139,300971,博亚精工,20.43,3.39,0.67,23564.0,47471019.0,3.85,20.48,19.72,19.91,19.76,3.58,31.22,1.74
139,140,600802,福建水泥,3.38,3.36,0.11,77770.0,25962361.0,3.67,3.4,3.28,3.3,3.27,1.7,-7.38,1.39
140,141,300736,百邦科技,10.19,3.35,0.33,77132.0,77357167.8,4.56,10.24,9.79,9.99,9.86,5.98,-41.48,14.39
141,142,688450,光格科技,22.96,3.33,0.74,2667.0,5968488.0,4.68,23.0,21.96,22.35,22.22,0.71,-37.57,1.43
142,143,301125,腾亚精工,9.94,3.33,0.32,23592.0,23044068.18,4.57,9.99,9.55,9.8,9.62,4.0,-74.82,2.41
143,144,002713,东易日盛,3.11,3.32,0.1,102605.0,31560932.98,2.99,3.12,3.03,3.05,3.01,2.49,-1.21,-2.74
144,145,300511,雪榕生物,3.74,3.31,0.12,148957.0,54718928.75,4.42,3.76,3.6,3.62,3.62,3.56,-6.5,1.39
145,146,688638,誉辰智能,27.44,3.31,0.88,1790.0,4828677.0,4.59,27.53,26.31,26.54,26.56,1.04,-16.97,1.44
146,147,300651,金陵体育,13.14,3.3,0.42,17489.0,22526915.0,4.01,13.15,12.64,12.85,12.72,2.33,62.82,2.19
147,148,603269,海鸥股份,8.46,3.3,0.27,33169.0,27429800.0,4.4,8.47,8.11,8.19,8.19,1.5,33.51,1.91
148,149,002691,冀凯股份,5.65,3.29,0.18,42460.0,23751285.1,3.47,5.67,5.48,5.5,5.47,1.26,183.57,2.13
149,150,688528,秦川物联,10.42,3.27,0.33,30834.0,31600084.0,7.43,10.56,9.81,10.49,10.09,1.84,-44.54,2.96
150,151,002494,华斯股份,3.48,3.26,0.11,61455.0,21128544.0,2.97,3.48,3.38,3.41,3.37,2.14,95.79,1.08
151,152,300220,金运激光,8.26,3.25,0.26,38278.0,31238938.0,3.5,8.29,8.01,8.07,8.0,2.53,478.79,20.42
152,153,688227,品高股份,14.31,3.25,0.45,14002.0,19545264.0,5.48,14.37,13.61,13.87,13.86,2.22,-32.28,1.18
153,154,688455,科捷智能,9.55,3.24,0.3,6152.0,5777637.0,3.46,9.57,9.25,9.3,9.25,0.47,-20.37,1.53
154,155,300658,延江股份,5.43,3.23,0.17,53937.0,28713032.4,3.8,5.43,5.23,5.31,5.26,2.39,32.47,1.33
155,156,600753,庚星股份,6.39,3.23,0.2,43468.0,27522214.0,7.59,6.59,6.12,6.16,6.19,1.89,-20.11,7.33
156,157,605298,必得科技,8.63,3.23,0.27,12922.0,11027199.0,3.47,8.65,8.36,8.36,8.36,0.71,89.1,1.65
157,158,301131,聚赛龙,33.48,3.21,1.04,7658.0,25007742.0,4.62,33.5,32.0,32.44,32.44,3.32,55.07,1.99
158,159,002319,乐通股份,9.34,3.2,0.29,23068.0,21163571.88,4.53,9.36,8.95,9.18,9.05,1.15,-54.57,29.1
159,160,000573,粤宏远Ａ,2.58,3.2,0.08,140217.0,35869985.16,3.2,2.59,2.51,2.54,2.5,2.22,-122.98,1.01
160,161,605287,德才股份,12.28,3.19,0.38,17105.0,20810300.0,2.44,12.3,12.01,12.15,11.9,1.71,12.86,0.91
161,162,002842,翔鹭钨业,5.83,3.19,0.18,42586.0,24713024.56,3.19,5.88,5.7,5.73,5.65,1.97,-77.43,2.14
162,163,000632,三木集团,3.24,3.18,0.1,105271.0,33906582.8,2.55,3.27,3.19,3.2,3.14,2.26,101.87,0.97
163,164,603139,康惠制药,13.03,3.17,0.4,14247.0,18358367.0,3.33,13.08,12.66,12.73,12.63,1.43,-74.78,1.38
164,165,002848,高斯贝尔,7.86,3.15,0.24,60118.0,46654694.0,4.99,7.88,7.5,7.62,7.62,3.68,-19.23,9.06
165,166,603709,中源家居,9.57,3.13,0.29,12679.0,12001519.0,3.99,9.65,9.28,9.32,9.28,1.02,195.98,2.0
166,167,002853,皮阿诺,7.92,3.13,0.24,40230.0,31570053.0,3.52,7.97,7.7,7.79,7.68,3.04,165.54,1.09
167,168,002715,登云股份,11.89,3.12,0.36,28437.0,33374450.5,4.42,11.98,11.47,11.57,11.53,2.06,94.72,3.86
168,169,603172,万丰股份,13.88,3.12,0.42,20521.0,28040726.0,3.49,13.89,13.42,13.62,13.46,4.1,70.57,1.79
169,170,603657,春光科技,11.57,3.12,0.35,20899.0,23791695.0,3.57,11.58,11.18,11.22,11.22,1.55,196.61,1.69
170,171,600149,廊坊发展,3.99,3.1,0.12,73576.0,29149646.0,3.62,4.03,3.89,3.93,3.87,1.94,794.46,10.24
171,172,000663,永安林业,5.32,3.1,0.16,67606.0,35821882.0,2.91,5.37,5.22,5.24,5.16,2.21,-43.63,1.66
172,173,301075,多瑞医药,19.69,3.09,0.59,15163.0,29504457.0,4.35,19.85,19.02,19.46,19.1,1.9,-240.38,2.14
173,174,603819,神力股份,8.74,3.07,0.26,16159.0,13892015.0,4.13,8.76,8.41,8.48,8.48,0.74,-16.01,2.47
174,175,002857,三晖电气,10.78,3.06,0.32,27247.0,29030781.6,3.35,10.83,10.48,10.6,10.46,2.13,-44.55,2.83
175,176,688718,唯赛勃,9.49,3.04,0.28,7139.0,6674363.0,3.69,9.49,9.15,9.24,9.21,0.41,44.32,2.14
176,177,600302,标准股份,4.41,3.04,0.13,57259.0,25124631.0,3.5,4.46,4.31,4.35,4.28,1.65,-27.92,1.97
177,178,002620,瑞和股份,3.06,3.03,0.09,94178.0,28546533.0,4.04,3.09,2.97,3.0,2.97,2.99,-6.99,7.93
178,179,002377,国创高新,2.04,3.03,0.06,108820.0,21872157.0,3.03,2.04,1.98,2.02,1.98,1.2,-69.46,3.64
179,180,002798,帝欧家居,3.75,3.02,0.11,54677.0,20157978.88,3.57,3.76,3.63,3.67,3.64,1.73,-13.11,0.79
180,181,300246,宝莱特,7.16,3.02,0.21,44104.0,30869656.0,4.32,7.16,6.86,7.0,6.95,2.09,-376.61,1.54
181,182,002800,天顺股份,11.27,3.02,0.33,60579.0,67642456.8,3.75,11.35,10.94,11.08,10.94,4.28,108.45,3.31
182,183,301043,绿岛风,26.68,3.01,0.78,5870.0,15361197.0,5.17,26.7,25.36,25.9,25.9,2.55,17.29,2.2
183,184,301231,荣信文化,18.14,3.01,0.53,21184.0,37634684.0,4.66,18.2,17.38,17.6,17.61,3.93,-62.52,1.71
184,185,600539,狮头股份,4.47,3.0,0.13,37312.0,16455770.0,3.23,4.49,4.35,4.38,4.34,1.62,-87.7,2.97
185,186,300640,德艺文创,4.85,2.97,0.14,47649.0,22668503.0,4.67,4.88,4.66,4.66,4.71,2.14,363.77,1.9
186,187,688013,天臣医疗,17.38,2.96,0.5,5717.0,9756218.0,4.74,17.5,16.7,17.36,16.88,0.7,24.44,2.52
187,188,002357,富临运业,5.96,2.94,0.17,60320.0,35482938.5,3.11,5.97,5.79,5.83,5.79,1.92,11.45,1.23
188,189,600561,江西长运,4.93,2.92,0.14,62223.0,30360906.0,3.76,4.98,4.8,4.98,4.79,2.19,171.09,1.54
189,190,301063,海锅股份,16.24,2.92,0.46,20588.0,33065163.0,3.8,16.38,15.78,16.06,15.78,2.42,52.79,1.11
190,191,002862,实丰文化,15.54,2.91,0.44,43984.0,68142925.0,2.58,15.67,15.28,15.4,15.1,4.88,377.57,4.54
191,192,300920,润阳科技,16.29,2.91,0.46,11510.0,18430037.97,4.36,16.35,15.66,15.88,15.83,1.79,40.79,1.4
192,193,688215,瑞晟智能,19.48,2.91,0.55,4130.0,7855795.0,4.38,19.48,18.65,19.11,18.93,0.79,98.67,2.23
193,194,603086,先达股份,4.26,2.9,0.12,37999.0,15997927.0,2.9,4.27,4.15,4.16,4.14,0.87,181.2,0.92
194,195,600793,宜宾纸业,9.97,2.89,0.28,18883.0,18641696.0,3.41,10.03,9.7,9.7,9.69,1.07,-11.18,3.52
195,196,000608,阳光股份,2.14,2.88,0.06,354976.0,75533635.86,6.25,2.2,2.07,2.14,2.08,4.77,-56.09,0.66
196,197,300823,建科智能,12.55,2.87,0.35,26957.0,33528013.24,3.44,12.62,12.2,12.38,12.2,3.54,41.93,1.75
197,198,003008,开普检测,18.31,2.87,0.51,12705.0,23000014.0,3.26,18.39,17.81,17.89,17.8,1.63,24.21,1.82
198,199,301197,工大科雅,14.06,2.85,0.39,17533.0,24242223.0,4.46,14.12,13.51,13.72,13.67,2.14,-189.47,1.29
199,200,300970,华绿生物,12.65,2.85,0.35,17220.0,21457172.0,3.82,12.69,12.22,12.36,12.3,1.9,-16.63,1.02
200,201,301037,保立佳,10.15,2.84,0.28,18229.0,18255760.92,4.96,10.26,9.77,9.84,9.87,2.74,-30.01,1.83
201,202,001336,楚环科技,17.4,2.84,0.48,9712.0,16710912.0,2.96,17.44,16.94,17.12,16.92,3.4,37.37,1.79
202,203,301198,喜悦智行,9.43,2.84,0.26,30002.0,27647987.11,4.8,9.45,9.01,9.18,9.17,3.85,84.9,1.69
203,204,603655,朗博科技,15.6,2.83,0.43,10664.0,16401602.0,3.82,15.67,15.09,15.36,15.17,1.01,68.67,3.07
204,205,600408,安泰集团,1.82,2.82,0.05,114579.0,20623543.0,3.95,1.83,1.76,1.79,1.77,1.14,-5.0,1.1
205,206,002495,佳隆股份,1.83,2.81,0.05,241270.0,44159466.2,2.81,1.85,1.8,1.83,1.78,3.38,104.78,1.52
206,207,688737,中自科技,15.05,2.8,0.41,12114.0,17901204.0,3.96,15.06,14.48,14.71,14.64,1.7,162.34,0.96
207,208,002830,名雕股份,11.39,2.8,0.31,17338.0,19449065.0,3.88,11.47,11.04,11.08,11.08,2.59,87.03,2.38
208,209,605178,时空科技,16.55,2.8,0.45,26732.0,43667863.0,4.29,16.7,16.01,16.1,16.1,2.69,-11.01,1.08
209,210,300126,锐奇股份,5.15,2.79,0.14,35067.0,17760475.36,3.59,5.16,4.98,5.02,5.01,1.67,-155.44,1.46
210,211,000856,冀东装备,7.0,2.79,0.19,38773.0,26926156.4,2.94,7.04,6.84,6.86,6.81,1.71,44.83,3.76
211,212,603506,南都物业,8.48,2.79,0.23,34572.0,29139144.0,2.67,8.53,8.31,8.43,8.25,1.84,38.78,1.46
212,213,002072,凯瑞德,4.81,2.78,0.13,54090.0,25707424.0,5.34,4.91,4.66,4.88,4.68,2.11,191.87,30.58
213,214,002826,易明医药,8.93,2.76,0.24,35623.0,31219764.0,4.49,8.95,8.56,8.72,8.69,2.02,21.47,2.33
214,215,001226,拓山重工,23.19,2.75,0.62,12109.0,27845419.0,2.97,23.32,22.65,22.75,22.57,6.49,71.44,2.36
215,216,688573,信宇人,15.75,2.74,0.42,8634.0,13336223.0,4.24,15.76,15.11,15.59,15.33,1.89,-20.82,1.79
216,217,301359,东南电子,21.9,2.72,0.58,12212.0,26226448.77,4.27,21.93,21.02,21.59,21.32,4.66,41.97,2.26
217,218,002858,力盛体育,10.59,2.72,0.28,35216.0,36619567.0,4.27,10.62,10.18,10.31,10.31,2.4,63.42,3.0
218,219,301040,中环海陆,13.48,2.67,0.35,36636.0,48325285.0,5.1,13.52,12.85,13.32,13.13,5.13,-18.28,1.48
219,220,688622,禾信仪器,22.36,2.66,0.58,2957.0,6483509.0,4.5,22.38,21.4,22.37,21.78,0.42,-35.47,3.78
220,221,301001,凯淳股份,22.79,2.66,0.59,30881.0,68664243.82,8.11,23.2,21.4,21.97,22.2,6.14,253.97,2.25
221,222,000757,浩物股份,3.48,2.65,0.09,72695.0,25004116.08,2.65,3.48,3.39,3.42,3.39,1.36,-50.41,1.18
222,223,688067,爱威科技,16.33,2.64,0.42,3697.0,5934498.0,3.65,16.34,15.76,16.13,15.91,0.54,47.86,2.25
223,224,000803,山高环能,3.89,2.64,0.1,53669.0,20556965.56,3.69,3.9,3.76,3.79,3.79,1.17,-26.17,1.33
224,225,001231,农心科技,15.57,2.64,0.4,10227.0,15780166.0,4.15,15.73,15.1,15.27,15.17,2.78,18.23,1.64
225,226,688669,聚石化学,12.11,2.63,0.31,7228.0,8634708.0,3.22,12.14,11.76,11.76,11.8,0.6,466.47,0.94
226,227,603177,德创环保,7.83,2.62,0.2,30826.0,24050950.0,3.67,7.96,7.68,7.79,7.63,1.51,40.11,4.13
227,228,688655,迅捷兴,10.74,2.58,0.27,16832.0,17753265.0,4.3,10.75,10.3,10.67,10.47,1.26,179.91,2.08
228,229,300321,同大股份,16.31,2.58,0.41,15807.0,25383587.0,4.28,16.36,15.68,15.89,15.9,1.78,79.35,2.31
229,230,688022,瀚川智能,10.76,2.57,0.27,35129.0,36918904.0,5.53,10.79,10.21,10.49,10.49,2.0,-7.51,1.16
230,231,603903,中持股份,6.43,2.55,0.16,33191.0,21119884.0,3.03,6.45,6.26,6.38,6.27,1.64,102.16,1.0
231,232,603021,山东华鹏,3.24,2.53,0.08,54327.0,17378420.0,4.11,3.25,3.12,3.12,3.16,1.7,-7.98,7.55
232,233,000929,兰州黄河,6.49,2.53,0.16,34755.0,22373136.0,3.63,6.55,6.32,6.33,6.33,1.87,-73.52,2.09
233,234,300876,蒙泰高新,17.08,2.52,0.42,4546.0,7615763.0,4.2,17.08,16.38,16.67,16.66,0.66,-47.19,2.08
234,235,002084,海鸥住工,2.85,2.52,0.07,71403.0,20144703.32,3.6,2.87,2.77,2.8,2.78,1.1,82.41,1.16
235,236,603332,苏州龙杰,7.75,2.51,0.19,30336.0,23256896.0,3.04,7.76,7.53,7.53,7.56,1.4,27.43,1.36
236,237,300886,华业香料,20.42,2.51,0.5,9251.0,18744167.36,3.41,20.54,19.86,20.3,19.92,2.13,55.38,2.74
237,238,603272,联翔股份,9.84,2.5,0.24,12404.0,11995916.0,3.65,9.85,9.5,9.58,9.6,2.92,-37.42,1.74
238,239,688092,爱科科技,21.33,2.5,0.52,8067.0,16829808.0,4.95,21.47,20.44,21.0,20.81,0.98,20.95,2.89
239,240,603810,丰山集团,9.05,2.49,0.22,25187.0,22517357.0,2.94,9.05,8.79,8.91,8.83,1.52,-33.4,1.02
240,241,301107,瑜欣电子,25.12,2.49,0.61,6934.0,17192631.0,4.04,25.3,24.31,24.72,24.51,3.31,36.5,2.04
241,242,301390,经纬股份,30.34,2.47,0.73,6997.0,20969227.0,4.05,30.51,29.31,29.61,29.61,2.41,68.09,1.94
242,243,002743,富煌钢构,4.18,2.45,0.1,64912.0,26866217.0,2.94,4.2,4.08,4.08,4.08,1.49,24.05,0.57
243,244,603028,赛福天,6.32,2.43,0.15,32698.0,20450935.0,2.92,6.34,6.16,6.23,6.17,1.14,-72.57,2.58
244,245,301287,康力源,27.83,2.43,0.66,6557.0,17945598.92,3.2,27.88,27.01,27.17,27.17,3.93,30.85,1.69
245,246,000637,茂化实华,3.38,2.42,0.08,41366.0,13867371.6,2.42,3.39,3.31,3.34,3.3,1.12,-9.34,2.74
246,247,002633,申科股份,8.04,2.42,0.19,39680.0,31700778.69,3.82,8.16,7.86,7.94,7.85,2.66,90.88,2.88
247,248,003036,泰坦股份,8.52,2.4,0.2,20350.0,17217073.0,2.64,8.55,8.33,8.47,8.32,0.94,14.71,1.38
248,249,688291,金橙子,18.36,2.4,0.43,6440.0,11562977.0,5.3,18.49,17.54,18.08,17.93,1.99,56.0,2.04
249,250,301156,美农生物,13.0,2.36,0.3,13550.0,17308693.26,3.94,13.03,12.53,12.85,12.7,1.97,47.21,2.56
250,251,301237,和顺科技,23.42,2.36,0.54,5781.0,13234570.54,4.33,23.46,22.47,23.01,22.88,1.52,-165.82,1.32
251,252,688193,仁度生物,29.56,2.35,0.68,2035.0,5862198.0,4.61,29.71,28.38,28.66,28.88,0.67,136.51,1.26
252,253,002890,弘宇股份,9.59,2.35,0.22,11979.0,11351798.84,2.99,9.6,9.32,9.41,9.37,0.74,88.31,2.78
253,254,001202,炬申股份,12.24,2.34,0.28,11020.0,13379392.72,2.17,12.25,11.99,12.1,11.96,1.22,19.93,2.22
254,255,000890,法尔胜,3.08,2.33,0.07,86404.0,26337999.0,2.66,3.09,3.01,3.05,3.01,2.06,-26.73,205.1
255,256,688071,华依科技,21.23,2.31,0.48,19662.0,39762423.0,7.66,21.25,19.66,20.68,20.75,2.32,-28.37,1.8
256,257,603183,建研院,3.56,2.3,0.08,94895.0,33629897.0,2.3,3.58,3.5,3.54,3.48,1.89,47.17,1.14
257,258,002629,仁智股份,2.23,2.29,0.05,122894.0,27060424.17,4.13,2.24,2.15,2.15,2.18,3.56,-27.68,26.25
258,259,002278,神开股份,4.93,2.28,0.11,79511.0,38916018.0,3.11,4.96,4.81,4.87,4.82,2.38,84.7,1.64
259,260,603937,丽岛新材,8.54,2.28,0.19,16705.0,14071801.0,3.11,8.56,8.3,8.38,8.35,0.8,89.74,1.11
260,261,603182,嘉华股份,11.3,2.26,0.25,8330.0,9345379.0,2.26,11.34,11.09,11.25,11.05,0.89,16.09,1.82
261,262,002921,联诚精密,10.45,2.25,0.23,20507.0,21271279.0,2.74,10.51,10.23,10.33,10.22,1.86,-36.37,1.35
262,263,000953,河化股份,4.09,2.25,0.09,94964.0,38459343.0,2.75,4.1,3.99,4.07,4.0,2.59,283.95,21.41
263,264,002247,聚力文化,1.84,2.22,0.04,209131.0,38200707.0,3.89,1.86,1.79,1.8,1.8,3.25,3.53,2.5
264,265,001209,洪兴股份,13.39,2.21,0.29,14508.0,19178472.0,3.36,13.4,12.96,13.27,13.1,3.6,14.03,1.37
265,266,688619,罗普特,7.9,2.2,0.17,17496.0,13597407.0,5.3,8.0,7.59,7.77,7.73,0.94,-14.82,1.41
266,267,603159,上海亚虹,10.72,2.19,0.23,8812.0,9250628.0,3.91,10.74,10.33,10.45,10.49,0.63,77.46,3.03
267,268,002634,棒杰股份,3.27,2.19,0.07,63692.0,20601769.8,3.75,3.28,3.16,3.24,3.2,1.43,-5.28,1.65
268,269,301105,鸿铭股份,28.06,2.18,0.6,3606.0,10051675.0,3.06,28.3,27.46,27.46,27.46,2.19,140.89,1.64
269,270,600202,哈空调,4.22,2.18,0.09,40689.0,17053978.0,2.42,4.24,4.14,4.14,4.13,1.06,90.86,1.93
270,271,301057,汇隆新材,13.64,2.17,0.29,15143.0,20456363.0,4.49,13.76,13.16,13.51,13.35,1.84,42.38,2.16
271,272,605003,众望布艺,16.02,2.17,0.34,6388.0,10150098.0,2.81,16.12,15.68,15.79,15.68,0.58,18.81,1.26
272,273,600265,景谷林业,14.65,2.16,0.31,5319.0,7705726.0,3.63,14.73,14.21,14.34,14.34,0.41,-116.01,12.02
273,274,002909,集泰股份,4.73,2.16,0.1,48403.0,22626909.81,3.02,4.74,4.6,4.62,4.63,1.24,165.87,1.96
274,275,300912,凯龙高科,11.84,2.16,0.25,24563.0,28655667.0,3.54,11.87,11.46,11.87,11.59,2.86,-9.05,1.88
275,276,688345,博力威,19.04,2.15,0.4,6338.0,11805196.0,5.85,19.17,18.08,18.55,18.64,0.63,-42.17,1.7
276,277,603331,百达精工,9.1,2.13,0.19,20477.0,18400611.0,3.25,9.12,8.83,8.97,8.91,1.02,16.58,1.41
277,278,600883,博闻科技,6.26,2.12,0.13,16821.0,10428659.0,3.26,6.29,6.09,6.14,6.13,0.71,18.59,1.59
278,279,600421,华嵘控股,7.24,2.12,0.15,36697.0,26042821.0,5.5,7.34,6.95,7.13,7.09,1.88,-212.06,149.12
279,280,300838,浙江力诺,11.61,2.11,0.24,12411.0,14163856.0,3.96,11.62,11.17,11.41,11.37,1.22,35.31,1.6
280,281,688395,正弦电气,15.97,2.11,0.33,4570.0,7149340.0,4.35,15.98,15.3,15.66,15.64,0.53,29.32,1.85
281,282,600448,华纺股份,2.42,2.11,0.05,86174.0,20665329.0,2.95,2.43,2.36,2.39,2.37,1.37,911.49,1.22
282,283,688670,金迪克,12.66,2.1,0.26,10817.0,13374326.0,5.4,12.68,12.01,12.58,12.4,0.88,-19.08,1.17
283,284,300804,广康生化,23.48,2.09,0.48,6951.0,16261056.98,5.48,23.97,22.71,23.28,23.0,2.53,39.56,1.33
284,285,001268,联合精密,17.14,2.08,0.35,9328.0,15754697.6,3.22,17.14,16.6,16.79,16.79,2.33,27.51,1.87
285,286,603029,天鹅股份,14.73,2.08,0.3,21108.0,30927301.0,2.56,14.8,14.43,14.43,14.43,1.74,59.47,2.12
286,287,001260,坤泰股份,14.76,2.07,0.3,11241.0,16376579.0,3.67,14.83,14.3,14.46,14.46,3.54,36.58,2.18
287,288,301066,万事利,9.46,2.05,0.19,40966.0,37914937.2,4.31,9.48,9.08,9.48,9.27,2.17,37.05,2.69
288,289,000955,欣龙控股,3.5,2.04,0.07,78193.0,27162740.4,2.62,3.52,3.43,3.44,3.43,1.45,-76.15,2.89
289,290,688557,兰剑智能,17.51,2.04,0.35,7957.0,13696265.0,3.9,17.57,16.9,17.4,17.16,0.78,24.21,1.63
290,291,002775,文科股份,3.01,2.03,0.06,139830.0,42120601.0,4.41,3.08,2.95,3.0,2.95,3.12,102.91,8.34
291,292,002696,百洋股份,4.53,2.03,0.09,33564.0,15141805.49,2.93,4.57,4.44,4.51,4.44,0.98,-31.8,1.14
292,293,688069,德林海,16.12,2.03,0.32,5225.0,8347730.0,3.1,16.21,15.72,16.16,15.8,0.46,36.77,1.32
293,294,603073,彩蝶实业,14.64,2.02,0.29,6350.0,9218767.0,2.51,14.66,14.3,14.4,14.35,1.25,14.17,1.29
294,295,002144,宏达高科,9.68,2.0,0.19,28050.0,26877050.0,3.69,9.71,9.36,9.58,9.49,2.05,20.19,0.86
295,296,002809,红墙股份,7.66,2.0,0.15,18490.0,14035258.9,2.4,7.69,7.51,7.51,7.51,1.34,28.91,1.01
296,297,000692,惠天热电,3.07,1.99,0.06,75455.0,23032325.0,3.32,3.1,3.0,3.02,3.01,1.42,-2.78,-13.79
297,298,001373,翔腾新材,27.16,1.99,0.53,9469.0,25468463.0,3.27,27.27,26.4,26.7,26.63,2.86,116.07,2.08
298,299,301022,海泰科,21.13,1.98,0.41,13349.0,27762720.2,3.96,21.25,20.43,21.13,20.72,2.56,119.0,1.92
299,300,301515,港通医疗,18.56,1.98,0.36,13035.0,23817256.0,3.35,18.58,17.97,18.46,18.2,2.18,60.21,1.42
300,301,605567,春雪食品,8.28,1.97,0.16,19357.0,15867490.0,3.2,8.29,8.03,8.25,8.12,0.97,-190.29,1.56
301,302,603637,镇海股份,6.74,1.97,0.13,19238.0,12855627.0,2.72,6.76,6.58,6.63,6.61,0.81,21.56,1.66
302,303,600615,丰华股份,9.44,1.94,0.18,24990.0,23492667.0,3.56,9.53,9.2,9.26,9.26,1.33,348.6,2.77
303,304,600493,凤竹纺织,4.74,1.94,0.09,37543.0,17636103.0,3.01,4.76,4.62,4.65,4.65,1.38,106.89,1.19
304,305,600768,宁波富邦,8.45,1.93,0.16,34106.0,28549316.0,4.83,8.51,8.11,8.4,8.29,2.55,-415.0,2.78
305,306,600735,新华锦,4.24,1.92,0.08,51265.0,21459542.0,2.4,4.24,4.14,4.17,4.16,1.2,42.77,1.34
306,307,688607,康众医疗,12.75,1.92,0.24,16145.0,20170268.0,5.2,12.8,12.15,12.53,12.51,1.83,76.77,1.32
307,308,001259,利仁科技,20.81,1.91,0.39,8711.0,17975244.0,2.84,20.9,20.32,20.6,20.42,3.97,47.66,2.1
308,309,300877,金春股份,12.89,1.9,0.24,10459.0,13262648.13,4.19,12.94,12.41,12.68,12.65,0.87,446.46,0.99
309,310,000668,荣丰控股,7.52,1.9,0.14,57073.0,42351758.42,6.78,7.71,7.21,7.55,7.38,3.89,-31.41,1.02
310,311,002513,蓝丰生化,3.77,1.89,0.07,52355.0,19554176.0,4.32,3.8,3.64,3.71,3.7,1.98,-5.08,-20.04
311,312,688217,睿昂基因,17.47,1.87,0.32,11446.0,19696184.0,4.14,17.53,16.82,17.3,17.15,2.05,52.91,1.04
312,313,605255,天普股份,12.17,1.84,0.22,8818.0,10613544.0,3.01,12.17,11.81,11.95,11.95,0.66,60.6,1.97
313,314,001234,泰慕士,16.65,1.83,0.3,12913.0,21154467.0,3.98,16.7,16.05,16.55,16.35,4.44,17.26,2.03
314,315,002898,赛隆药业,10.07,1.82,0.18,27145.0,27099981.68,3.64,10.11,9.75,10.11,9.89,2.68,502.16,3.32
315,316,600847,万里股份,8.41,1.82,0.15,23986.0,20025452.0,2.54,8.44,8.23,8.26,8.26,1.56,-49.87,1.98
316,317,688335,复洁环保,9.05,1.8,0.16,3166.0,2839867.0,3.04,9.07,8.8,8.8,8.89,0.21,-48.88,1.12
317,318,600107,美尔雅,4.54,1.79,0.08,48238.0,21716666.0,2.91,4.55,4.42,4.49,4.46,1.34,-29.74,3.07
318,319,002397,梦洁股份,2.27,1.79,0.04,77454.0,17406234.12,3.14,2.28,2.21,2.24,2.23,1.32,42.17,1.43
319,320,300906,日月明,22.36,1.78,0.39,8581.0,19081297.0,2.87,22.5,21.87,22.38,21.97,1.2,31.17,2.09
320,321,603045,福达合金,11.48,1.77,0.2,34084.0,38722471.0,3.1,11.53,11.18,11.29,11.28,2.52,21.28,1.62
321,322,600235,民丰特纸,5.23,1.75,0.09,49748.0,25883082.0,2.14,5.25,5.14,5.17,5.14,1.42,18.97,1.24
322,323,603022,新通联,7.0,1.74,0.12,20785.0,14395320.0,2.76,7.01,6.82,6.87,6.88,1.04,33.6,1.81
323,324,603813,原尚股份,10.56,1.73,0.18,9691.0,10149488.0,3.66,10.64,10.26,10.48,10.38,1.08,-29.31,1.78
324,325,605033,美邦股份,11.87,1.71,0.2,8836.0,10384172.0,2.74,11.88,11.56,11.75,11.67,0.65,16.92,1.41
325,326,600137,浪莎股份,13.36,1.67,0.22,7720.0,10203052.0,2.89,13.39,13.01,13.16,13.14,0.79,75.62,2.47
326,327,002802,洪汇新材,9.16,1.66,0.15,28144.0,25653983.34,3.33,9.22,8.92,9.02,9.01,1.55,30.85,2.68
327,328,002820,桂发祥,7.96,1.66,0.13,30446.0,23842204.58,3.32,7.96,7.7,7.83,7.83,1.52,35.19,1.75
328,329,002193,如意集团,4.33,1.64,0.07,87463.0,37679487.0,4.46,4.42,4.23,4.27,4.26,3.34,9.84,0.87
329,330,300703,创源股份,8.73,1.63,0.14,48201.0,41210597.0,4.54,8.75,8.36,8.54,8.59,2.84,21.03,1.93
330,331,001366,播恩集团,11.0,1.57,0.17,20314.0,22333118.27,3.14,11.19,10.85,11.03,10.83,3.65,-218.69,2.11
331,332,605155,西大门,9.18,1.55,0.14,16615.0,15096695.0,2.43,9.19,8.97,9.06,9.04,0.88,15.98,1.46
332,333,002622,皓宸医疗,1.99,1.53,0.03,230740.0,45221169.7,4.59,2.01,1.92,1.97,1.96,2.75,1510.07,3.84
333,334,688485,九州一轨,9.29,1.53,0.14,8836.0,8164574.0,2.84,9.32,9.06,9.06,9.15,1.02,-45.12,1.09
334,335,300717,华信新材,14.67,1.52,0.22,14536.0,21072354.0,3.88,14.77,14.21,14.48,14.45,1.43,27.83,2.22
335,336,603790,雅运股份,9.39,1.51,0.14,18009.0,16743799.0,3.35,9.43,9.12,9.2,9.25,0.94,20.6,1.51
336,337,688350,富淼科技,12.08,1.51,0.18,4269.0,5074734.0,4.37,12.08,11.56,11.9,11.9,0.35,29.07,1.08
337,338,000590,启迪药业,6.04,1.51,0.09,34006.0,20474243.55,2.52,6.09,5.94,5.95,5.95,1.42,-30.91,2.07
338,339,603151,邦基科技,10.07,1.51,0.15,9721.0,9705141.0,2.02,10.08,9.88,9.91,9.92,1.2,36.1,1.39
339,340,001210,金房能源,12.78,1.51,0.19,10387.0,13200321.04,2.22,12.82,12.54,12.61,12.59,1.31,9.48,1.28
340,341,600051,宁波联合,6.09,1.5,0.09,24689.0,14905932.0,2.33,6.1,5.96,6.04,6.0,0.79,21.09,0.57
341,342,002105,信隆健康,4.75,1.5,0.07,32796.0,15452020.36,2.78,4.77,4.64,4.68,4.68,0.9,133.94,1.94
342,343,603161,科华控股,9.56,1.49,0.14,24513.0,23160012.0,2.87,9.57,9.3,9.4,9.42,1.3,13.15,1.31
343,344,688189,南新制药,6.83,1.49,0.1,30015.0,20265466.0,3.57,6.86,6.62,6.77,6.73,1.09,-210.7,1.44
344,345,000633,合金投资,4.82,1.47,0.07,101505.0,48367009.0,3.79,4.85,4.67,4.75,4.75,2.64,292.32,10.22
345,346,603838,四通股份,4.85,1.46,0.07,27023.0,13039473.0,2.72,4.88,4.75,4.79,4.78,0.84,-85.42,1.57
346,347,688393,安必平,17.35,1.46,0.25,3628.0,6219688.0,3.39,17.38,16.8,17.15,17.1,0.39,49.61,1.28
347,348,002836,新宏泽,6.95,1.46,0.1,25266.0,17356155.52,3.21,6.97,6.75,6.85,6.85,1.1,28.35,4.74
348,349,300391,长药控股,4.9,1.45,0.07,182589.0,87251689.7,7.04,4.94,4.6,4.84,4.83,5.21,-5.63,40.35
349,350,301055,张小泉,12.01,1.44,0.17,14328.0,17018252.96,3.38,12.05,11.65,11.93,11.84,0.92,76.4,3.01
350,351,600689,上海三毛,7.89,1.41,0.11,43173.0,33733783.0,2.83,7.9,7.68,7.84,7.78,2.84,72.79,3.49
351,352,002910,庄园牧场,7.19,1.41,0.1,27641.0,19615440.63,3.95,7.23,6.95,7.07,7.09,1.62,-8.0,1.21
352,353,603041,美思德,10.26,1.38,0.14,10806.0,10970012.0,2.96,10.28,9.98,10.18,10.12,0.59,16.58,1.27
353,354,688316,青云科技-U,33.15,1.38,0.45,11906.0,38259926.0,7.19,33.35,31.0,33.01,32.7,3.31,-21.05,10.97
354,355,301053,远信工业,20.93,1.36,0.28,11907.0,24557793.0,3.87,20.96,20.16,20.96,20.65,1.5,37.59,2.83
355,356,300992,泰福泵业,17.12,1.3,0.22,11784.0,19914214.0,3.85,17.18,16.53,16.9,16.9,1.63,26.89,2.08
356,357,603238,诺邦股份,10.29,1.28,0.13,13275.0,13528425.0,2.95,10.34,10.04,10.31,10.16,0.75,20.74,1.35
357,358,002591,恒大高新,4.76,1.28,0.06,82409.0,38833605.0,3.19,4.78,4.63,4.7,4.7,3.69,57.11,2.09
358,359,003023,彩虹集团,17.68,1.26,0.22,17016.0,29630860.12,3.55,17.74,17.12,17.38,17.46,3.25,11.83,1.23
359,360,603089,正裕工业,8.12,1.25,0.1,18055.0,14513303.0,2.99,8.18,7.94,8.09,8.02,0.81,39.91,1.55
360,361,300871,回盛生物,9.87,1.23,0.12,17998.0,17675687.32,2.56,9.92,9.67,9.85,9.75,1.09,-15.77,1.13
361,362,603696,安记食品,7.44,1.22,0.09,22517.0,16613294.0,2.59,7.45,7.26,7.36,7.35,0.96,100.63,3.19
362,363,600358,国旅联合,3.37,1.2,0.04,138024.0,45756825.0,5.41,3.41,3.23,3.35,3.33,2.73,-49.42,12.15
363,364,002780,三夫户外,10.11,1.2,0.12,28006.0,27994755.0,4.3,10.16,9.73,9.9,9.99,2.14,97.45,2.29
364,365,600538,国发股份,3.43,1.18,0.04,53360.0,18250979.0,2.36,3.46,3.38,3.44,3.39,1.02,-55.81,2.11
365,366,600857,宁波中百,6.12,1.16,0.07,30468.0,18446174.0,3.64,6.15,5.93,6.08,6.05,1.36,-36.64,1.69
366,367,603616,韩建河山,3.57,1.13,0.04,198210.0,70451072.0,6.52,3.68,3.45,3.6,3.53,5.2,-20.49,3.52
367,368,003030,祖名股份,14.44,1.12,0.16,5315.0,7625767.0,2.31,14.49,14.16,14.49,14.28,0.66,-119.03,1.77
368,369,688671,碧兴物联,18.35,1.05,0.19,9594.0,17242752.0,5.51,18.5,17.5,17.82,18.16,2.23,-119.96,1.27
369,370,002817,黄山胶囊,5.88,1.03,0.06,36546.0,21320260.29,3.09,5.91,5.73,5.82,5.82,1.26,29.63,1.94
370,371,600697,欧亚集团,11.01,1.01,0.11,21344.0,23215829.0,2.94,11.04,10.72,10.88,10.9,1.37,61.31,0.74
371,372,003017,大洋生物,18.02,1.01,0.18,8532.0,15304894.0,3.59,18.27,17.63,17.86,17.84,1.26,24.08,1.5
372,373,688004,博汇科技,14.19,1.0,0.14,18032.0,25070496.0,5.48,14.28,13.51,13.98,14.05,2.25,-25.52,1.75
373,374,605081,太和水,11.66,0.95,0.11,30496.0,35361156.0,2.94,11.79,11.45,11.56,11.55,2.69,-33.07,1.02
374,375,003041,真爱美家,11.95,0.93,0.11,8108.0,9616646.0,2.79,12.0,11.67,11.98,11.84,0.59,25.54,1.32
375,376,600778,友好集团,5.45,0.93,0.05,33338.0,18069309.0,2.96,5.49,5.33,5.38,5.4,1.07,106.95,7.71
376,377,002760,凤形股份,15.71,0.9,0.14,10567.0,16461507.0,3.66,15.82,15.25,15.76,15.57,1.2,65.03,1.9
377,378,301192,泰祥股份,17.2,0.88,0.15,19246.0,32426020.36,5.45,17.3,16.37,17.04,17.05,4.02,39.43,3.01
378,379,002652,扬子新材,2.82,0.71,0.02,144702.0,40457929.0,4.29,2.86,2.74,2.83,2.8,2.83,45.44,5.25
379,380,002207,准油股份,5.77,0.7,0.04,143639.0,81973170.08,5.76,5.89,5.56,5.61,5.73,5.51,-54.26,21.88
380,381,600232,金鹰股份,4.99,0.6,0.03,39657.0,19738946.0,2.82,5.04,4.9,4.96,4.96,1.09,24.71,1.79
381,382,688656,浩欧博,27.25,0.59,0.16,2096.0,5668436.0,3.88,27.57,26.52,27.24,27.09,0.33,43.0,2.16
382,383,000679,大连友谊,3.66,0.55,0.02,108546.0,38800686.88,4.95,3.68,3.5,3.57,3.64,3.05,-24.7,4.27
383,384,603090,宏盛股份,15.8,0.32,0.05,17825.0,27886640.0,3.37,15.93,15.4,15.74,15.75,1.78,25.7,2.82
384,385,603320,迪贝电气,13.91,0.29,0.04,25310.0,34710338.0,3.32,13.94,13.48,13.87,13.87,1.91,24.49,2.21
385,386,000691,亚太实业,4.85,0.21,0.01,79844.0,38592351.98,3.31,4.9,4.74,4.83,4.84,2.47,-55.23,59.64
386,387,002199,东晶电子,7.15,0.14,0.01,253692.0,175131493.24,5.88,7.15,6.73,6.96,7.14,10.42,-26.13,6.49
387,388,603268,松发股份,,,,,,,,,,14.35,0.0,-25.65,44.02
388,389,600319,亚星化学,4.33,0.0,0.0,54790.0,23526001.0,3.46,4.36,4.21,4.28,4.33,1.74,-13.45,2.89
389,390,600156,华升股份,4.25,0.0,0.0,148073.0,62352897.0,3.76,4.3,4.14,4.27,4.25,3.68,-33.35,3.9
390,391,002719,麦趣尔,6.6,-0.3,-0.02,81058.0,52510025.05,4.08,6.62,6.35,6.45,6.62,5.01,-8.92,2.94
391,392,002883,中设股份,10.19,-0.78,-0.08,92032.0,92627863.08,6.52,10.44,9.77,10.27,10.27,6.75,42.25,2.32
392,393,688056,莱伯泰科,25.49,-0.82,-0.21,6564.0,16538921.0,4.28,25.87,24.77,25.42,25.7,0.98,35.94,2.12
393,394,300329,海伦钢琴,5.49,-1.26,-0.07,160052.0,84824787.0,5.76,5.49,5.17,5.2,5.56,6.35,-39.73,1.7
394,395,301227,森鹰窗业,17.25,-1.99,-0.35,27573.0,46605284.7,5.34,17.29,16.35,17.15,17.6,7.84,-37.81,0.97
395,396,301300,远翔新材,27.04,-2.03,-0.56,29517.0,78619015.37,5.62,27.57,26.02,27.22,27.6,9.6,44.49,2.22
396,397,603716,塞力医疗,6.93,-2.12,-0.15,128071.0,87370293.0,3.67,6.95,6.69,6.92,7.08,6.36,-146.18,1.35
397,398,002828,贝肯能源,8.74,-2.13,-0.19,122209.0,106344458.34,5.15,8.96,8.5,8.75,8.93,6.36,84.74,3.01
398,399,301234,五洲医疗,25.64,-3.03,-0.8,23148.0,58429194.93,6.54,26.17,24.44,25.81,26.44,12.57,40.05,2.34
399,400,002718,友邦吊顶,12.52,-6.5,-0.87,99965.0,130838765.57,14.94,14.1,12.1,14.09,13.39,15.33,-32.24,1.65
400,401,002816,和科达,15.45,-9.91,-1.7,77905.0,121255364.0,5.95,16.46,15.44,16.1,17.15,7.79,-34.15,6.11
