,序号,代码,名称,最新价,涨跌幅,涨跌额,成交量,成交额,振幅,最高,最低,今开,昨收,换手率,市盈率-动态,市净率
0,1,601077,渝农商行,6.03,10.04,0.55,2546655,1506047262.0,7.48,6.03,5.62,5.62,5.48,2.88,4.65,0.56
1,2,600837,海通证券,11.68,9.98,1.06,6381482,7358497580.0,5.56,11.68,11.09,11.68,10.62,6.61,80.05,0.94
2,3,688428,诺诚健华-U,13.58,9.43,1.17,92009,117592893.0,14.42,13.77,11.98,12.4,12.41,3.46,-45.71,3.46
3,4,601211,国泰君安,19.29,8.43,1.5,5124792,9822927021.0,8.54,19.57,18.05,19.57,17.79,6.85,17.12,1.16
4,5,601963,重庆银行,8.4,8.11,0.63,271854,222976582.0,6.95,8.42,7.88,7.89,7.77,1.45,4.82,0.57
5,6,688981,中芯国际,75.06,8.03,5.58,980269,6966158382.0,12.56,76.5,67.77,69.48,69.48,4.93,181.73,4.14
6,7,601600,中国铝业,9.12,7.04,0.6,3477060,3134433997.0,5.87,9.22,8.72,8.72,8.52,2.65,11.15,2.43
7,8,601598,中国外运,5.66,6.99,0.37,802740,441148702.0,6.81,5.69,5.33,5.51,5.29,1.53,10.61,1.07
8,9,601107,四川成渝,5.16,6.83,0.33,463436,236635818.0,4.55,5.2,4.98,5.1,4.83,2.14,11.3,1.01
9,10,601333,广深铁路,3.77,5.9,0.21,676366,247193851.0,6.18,3.78,3.56,3.59,3.56,1.2,14.64,0.99
10,11,600801,华新水泥,13.07,5.4,0.67,171266,222720409.0,3.95,13.24,12.75,12.75,12.4,1.27,18.6,0.95
11,12,601939,建设银行,8.58,5.15,0.42,2260144,1913980980.0,4.66,8.63,8.25,8.25,8.16,2.36,6.53,0.71
12,13,600775,南京熊猫,8.63,5.12,0.42,221082,185796977.0,5.72,8.64,8.17,8.25,8.21,3.29,-57.82,2.44
13,14,002948,青岛银行,3.73,5.07,0.18,553751,203578244.7,3.94,3.75,3.61,3.62,3.55,1.78,4.11,0.61
14,15,600012,皖通高速,15.43,4.89,0.72,68491,103604680.0,7.27,15.68,14.61,14.75,14.71,0.59,15.8,2.05
15,16,601319,中国人保,7.38,4.83,0.34,1373098,992834957.0,4.69,7.38,7.05,7.14,7.04,0.39,7.19,1.29
16,17,605198,安德利,24.27,4.7,1.09,15879,37501616.0,4.87,24.28,23.15,23.52,23.18,0.59,31.64,3.31
17,18,688187,时代电气,54.05,4.63,2.39,47157,247524293.0,6.68,54.25,50.8,52.25,51.66,1.69,25.32,1.93
18,19,603993,洛阳钼业,8.42,4.6,0.37,1559151,1289919193.0,4.72,8.43,8.05,8.09,8.05,0.88,16.79,2.98
19,20,002936,郑州银行,2.11,4.46,0.09,2095491,442916965.32,7.43,2.2,2.05,2.13,2.02,3.13,6.02,0.43
20,21,000002,万  科Ａ,9.49,4.29,0.39,2948836,2756408131.86,4.07,9.53,9.16,9.41,9.1,3.03,-5.75,0.47
21,22,601992,金隅集团,1.74,4.19,0.07,579390,99593621.0,3.59,1.75,1.69,1.69,1.67,0.7,-11.52,0.42
22,23,601288,农业银行,5.03,4.14,0.2,7681515,3823762022.0,3.73,5.06,4.88,4.9,4.83,0.24,6.48,0.71
23,24,601375,中原证券,4.59,4.08,0.18,1471919,661532352.0,7.03,4.66,4.35,4.66,4.41,4.27,52.94,1.52
24,25,600585,海螺水泥,25.85,3.94,0.98,379486,977074110.0,4.1,26.15,25.13,25.13,24.87,0.95,20.6,0.75
25,26,002672,东江环保,4.24,3.92,0.16,56543,23654036.07,3.68,4.26,4.11,4.16,4.08,0.67,-9.1,1.13
26,27,601800,中国交建,10.91,3.9,0.41,2054518,2231990338.0,9.05,11.2,10.25,10.4,10.5,1.75,7.79,0.65
27,28,601601,中国太保,38.67,3.84,1.43,410960,1565321364.0,4.83,38.85,37.05,37.7,37.24,0.6,7.4,1.39
28,29,300748,金力永磁,13.75,3.77,0.5,180841,242263352.91,5.58,13.8,13.06,13.25,13.25,1.59,77.28,2.77
29,30,601298,青岛港,8.84,3.76,0.32,151145,131430257.0,5.63,8.92,8.44,8.54,8.52,0.28,10.86,1.4
30,31,601186,中国铁建,9.68,3.75,0.35,2086860,2024694252.0,7.72,10.09,9.37,9.37,9.33,1.81,5.52,0.51
31,32,601998,中信银行,6.97,3.72,0.25,902747,621914563.0,2.98,6.98,6.78,6.82,6.72,0.23,5.25,0.57
32,33,600860,京城股份,8.71,3.69,0.31,76188,64796190.0,5.71,8.76,8.28,8.39,8.4,1.75,-706.71,4.47
33,34,601898,中煤能源,14.37,3.53,0.49,283055,401838749.0,5.98,14.51,13.68,13.95,13.88,0.31,9.73,1.29
34,35,601728,中国电信,6.52,3.49,0.22,1850645,1188006872.0,3.49,6.54,6.32,6.33,6.3,0.91,13.68,1.31
35,36,601398,工商银行,6.48,3.35,0.21,6220245,3995837162.0,2.87,6.5,6.32,6.32,6.27,0.23,6.77,0.66
36,37,601005,重庆钢铁,1.29,3.2,0.04,849594,108128361.0,3.2,1.29,1.25,1.27,1.25,1.01,-8.35,0.6
37,38,601818,光大银行,3.6,3.15,0.11,1728144,617278544.0,2.87,3.62,3.52,3.53,3.49,0.37,4.34,0.46
38,39,601326,秦港股份,3.62,3.13,0.11,247496,88468588.0,3.42,3.64,3.52,3.56,3.51,0.52,10.01,1.07
39,40,601328,交通银行,7.6,3.12,0.23,1947510,1475693563.0,3.53,7.68,7.42,7.42,7.37,0.5,6.23,0.61
40,41,601658,邮储银行,5.62,3.12,0.17,2649514,1484482542.0,3.85,5.69,5.48,5.59,5.45,0.39,5.71,0.69
41,42,600690,海尔智家,32.43,3.12,0.98,361163,1152293990.0,4.23,32.49,31.16,31.57,31.45,0.58,14.6,2.88
42,43,601766,中国中车,8.31,3.1,0.25,1482736,1219452352.0,3.35,8.34,8.07,8.07,8.06,0.61,28.39,1.49
43,44,600016,民生银行,4.01,3.08,0.12,2630767,1044935148.0,2.06,4.01,3.93,3.95,3.89,0.74,3.91,0.32
44,45,601588,北辰实业,1.71,3.01,0.05,298105,50677912.0,3.61,1.73,1.67,1.69,1.66,1.12,-3.9,0.49
45,46,000333,美的集团,79.07,3.0,2.3,338788,2642667436.42,3.33,79.16,76.6,77.03,76.77,0.49,14.54,3.67
46,47,600876,凯盛新能,10.1,2.96,0.29,22542,22523482.0,3.87,10.15,9.77,9.9,9.81,0.57,-59.52,1.43
47,48,002594,比亚迪,308.87,2.94,8.82,131835,4024419716.74,3.26,309.98,300.2,300.99,300.05,1.13,32.96,6.29
48,49,601628,中国人寿,43.93,2.88,1.23,165819,719633525.0,4.1,44.12,42.37,43.9,42.7,0.08,16.22,2.51
49,50,600188,兖矿能源,16.17,2.86,0.45,398516,637686706.0,4.13,16.26,15.61,15.9,15.72,0.68,10.73,2.87
50,51,600036,招商银行,39.53,2.86,1.1,996334,3911483429.0,2.89,39.8,38.69,39.01,38.43,0.48,6.67,1.04
51,52,601916,浙商银行,2.93,2.81,0.08,1719084,500149375.0,2.46,2.94,2.87,2.89,2.85,0.8,5.03,0.49
52,53,601811,新华文轩,15.04,2.8,0.41,31512,46653471.0,3.76,15.08,14.53,14.88,14.63,0.4,12.96,1.37
53,54,601988,中国银行,5.16,2.79,0.14,3100720,1591135795.0,2.39,5.18,5.06,5.07,5.02,0.15,6.4,0.66
54,55,000157,中联重科,7.11,2.6,0.18,587327,414514385.86,2.74,7.13,6.94,6.97,6.93,0.83,13.48,1.1
55,56,002202,金风科技,10.08,2.54,0.25,364660,362288498.68,3.26,10.12,9.8,9.84,9.83,1.07,15.35,1.17
56,57,600875,东方电气,15.02,2.53,0.37,213748,318685003.0,2.25,15.06,14.73,14.85,14.65,1.06,13.84,1.25
57,58,601899,紫金矿业,17.67,2.49,0.43,1554671,2727770061.0,4.0,17.77,17.08,17.36,17.24,0.76,15.57,3.76
58,59,601866,中远海发,2.48,2.48,0.06,692877,170268050.0,2.48,2.49,2.43,2.45,2.42,0.84,18.8,1.13
59,60,601318,中国平安,58.95,2.45,1.41,935453,5463528304.0,2.94,59.24,57.55,58.39,57.54,0.87,7.19,1.15
60,61,601390,中国中铁,6.75,2.43,0.16,2268370,1530916547.0,4.4,6.89,6.6,6.68,6.59,1.11,5.85,0.57
61,62,688235,百济神州-U,178.9,2.38,4.16,21614,374673158.0,6.36,179.19,168.07,176.5,174.74,1.88,-42.92,10.17
62,63,003816,中国广核,4.33,2.36,0.1,1598038,687396668.9,3.78,4.36,4.2,4.24,4.23,0.41,15.38,1.89
63,64,300759,康龙化成,28.71,2.35,0.66,324266,908374654.76,5.63,28.76,27.18,28.05,28.05,2.27,23.04,3.94
64,65,688347,华虹公司,40.05,2.35,0.92,138973,540591756.0,6.67,40.25,37.64,39.29,39.13,3.55,129.84,1.59
65,66,001289,龙源电力,15.86,2.32,0.36,41506,65316309.0,2.71,15.94,15.52,15.63,15.5,3.11,17.32,1.87
66,67,600874,创业环保,5.74,2.32,0.13,146260,84229800.0,5.88,5.95,5.62,5.9,5.61,1.19,10.68,0.97
67,68,600941,中国移动,111.03,2.27,2.46,141092,1556581175.0,3.46,111.7,107.94,107.94,108.57,1.86,14.86,1.77
68,69,601865,福莱特,19.51,2.25,0.43,179494,341248601.0,5.08,19.55,18.58,19.11,19.08,0.94,15.25,2.08
69,70,688009,中国通号,6.57,2.18,0.14,412859,267666552.0,4.04,6.62,6.36,6.51,6.43,0.48,21.75,1.59
70,71,601868,中国能建,2.36,2.16,0.05,3759307,879267810.0,3.46,2.38,2.3,2.33,2.31,1.16,17.68,0.95
71,72,000898,鞍钢股份,2.37,2.16,0.05,381810,90005516.85,3.02,2.39,2.32,2.34,2.32,0.48,-4.14,0.43
72,73,601880,辽港股份,1.43,2.14,0.03,783127,110863628.0,2.86,1.44,1.4,1.41,1.4,0.42,37.69,0.86
73,74,601828,美凯龙,2.89,2.12,0.06,367661,104483357.0,4.59,2.91,2.78,2.84,2.83,1.02,-5.02,0.26
74,75,601618,中国中冶,3.38,2.11,0.07,1660986,560271793.0,3.63,3.44,3.32,3.35,3.31,0.93,8.44,0.71
75,76,000063,中兴通讯,30.47,2.11,0.63,873148,2619377412.6,3.69,30.56,29.46,29.98,29.84,2.17,12.71,2.07
76,77,600685,中船防务,26.19,2.11,0.54,129193,337936750.0,3.31,26.55,25.7,26.05,25.65,1.57,126.05,2.01
77,78,601869,长飞光纤,26.36,2.09,0.54,22630,58655311.0,3.68,26.4,25.45,26.22,25.82,0.56,26.44,1.76
78,79,600362,江西铜业,23.4,2.01,0.46,173431,402075511.0,2.48,23.45,22.88,22.96,22.94,0.84,11.2,1.09
79,80,600377,宁沪高速,13.04,1.95,0.25,152438,197302353.0,3.28,13.17,12.75,12.84,12.79,0.4,11.95,1.88
80,81,688505,复旦张江,8.45,1.93,0.16,52400,43475568.0,4.83,8.5,8.1,8.3,8.29,0.74,62.14,3.72
81,82,601068,中铝国际,4.77,1.92,0.09,371030,175389926.0,6.84,4.9,4.58,4.66,4.68,1.45,45.65,5.83
82,83,600600,青岛啤酒,71.95,1.84,1.3,55998,397822038.0,3.06,72.0,69.84,70.51,70.65,0.79,13.48,3.46
83,84,688331,荣昌生物,31.26,1.82,0.56,32802,99232269.0,6.22,31.42,29.51,30.48,30.7,2.03,-10.9,6.39
84,85,601330,绿色动力,6.21,1.8,0.11,48606,29964672.0,2.62,6.25,6.09,6.2,6.1,0.49,14.28,1.12
85,86,001236,弘业期货,11.3,1.8,0.2,219681,243664735.33,6.85,11.5,10.74,11.35,11.1,6.73,444.82,6.13
86,87,601717,郑煤机,13.0,1.8,0.23,235147,302683115.0,2.66,13.03,12.69,12.81,12.77,1.52,5.37,1.11
87,88,600958,东方证券,10.8,1.79,0.19,1006411,1061513504.0,5.37,10.85,10.28,10.61,10.61,1.35,21.73,1.22
88,89,600635,大众公用,3.43,1.78,0.06,359681,121850221.0,3.86,3.45,3.32,3.38,3.37,1.49,41.45,1.21
89,90,600999,招商证券,20.36,1.75,0.35,957456,1883440686.0,6.7,20.4,19.06,20.0,20.01,1.29,18.65,1.62
90,91,000338,潍柴动力,14.56,1.75,0.25,564083,812477266.1,2.66,14.59,14.21,14.33,14.31,1.14,10.76,1.51
91,92,600547,山东黄金,27.86,1.72,0.47,284559,785761724.0,4.2,28.07,26.92,27.36,27.39,0.79,45.04,5.31
92,93,000756,新华制药,15.58,1.7,0.26,75487,115750803.42,3.79,15.65,15.07,15.34,15.32,1.68,20.03,2.24
93,94,600548,深高速,10.16,1.6,0.16,48613,48962156.0,2.7,10.2,9.93,10.07,10.0,0.34,14.32,1.25
94,95,601727,上海电气,4.5,1.58,0.07,531795,237772454.0,2.26,4.52,4.42,4.46,4.43,0.42,58.25,1.31
95,96,002821,凯莱英,76.84,1.52,1.15,41150,308967359.7,4.78,76.99,73.37,75.69,75.69,1.25,28.3,1.72
96,97,002466,天齐锂业,33.9,1.47,0.49,351884,1171035688.59,4.07,33.94,32.58,33.33,33.41,2.38,-5.34,1.25
97,98,601919,中远海控,14.93,1.43,0.21,843094,1255570949.0,2.04,15.02,14.72,14.77,14.72,0.66,7.06,1.13
98,99,601991,大唐发电,2.87,1.41,0.04,821324,233908043.0,2.47,2.88,2.81,2.87,2.83,0.66,8.54,1.79
99,100,688236,春立医疗,12.97,1.41,0.18,22841,29225020.0,3.91,13.0,12.5,12.99,12.79,2.88,31.48,1.77
100,101,600688,上海石化,2.9,1.4,0.04,258339,74083717.0,2.1,2.9,2.84,2.86,2.86,0.35,554.57,1.25
101,102,600808,马钢股份,2.25,1.35,0.03,354465,79427893.0,2.7,2.27,2.21,2.24,2.22,0.59,-7.61,0.66
102,103,000039,中集集团,8.62,1.29,0.11,241732,206687303.84,2.7,8.68,8.45,8.51,8.51,1.05,26.84,1.01
103,104,600660,福耀玻璃,58.58,1.28,0.74,119677,696861044.0,3.28,58.96,57.06,57.85,57.84,0.6,21.85,4.83
104,105,688185,康希诺,53.66,1.25,0.66,21157,110720119.0,5.92,54.15,51.01,53.05,53.0,1.84,-29.46,2.62
105,106,601336,新华保险,50.29,1.21,0.6,276506,1373194248.0,4.39,50.58,48.4,49.95,49.69,1.33,7.08,1.74
106,107,000776,广发证券,16.05,1.2,0.19,926950,1455329015.03,4.92,16.1,15.32,15.89,15.86,1.57,14.02,1.05
107,108,002399,海普瑞,11.07,1.19,0.13,38586,42179283.5,2.83,11.08,10.77,10.94,10.94,0.31,12.24,1.34
108,109,601633,长城汽车,29.23,1.14,0.33,165386,477801904.0,2.63,29.28,28.52,28.95,28.9,0.27,17.64,3.39
109,110,002460,赣锋锂业,31.96,1.14,0.36,245825,773703460.6,4.02,32.09,30.82,31.61,31.6,2.03,-42.39,1.45
110,111,600956,新天绿能,7.75,1.04,0.08,52845,40681487.0,2.35,7.8,7.62,7.72,7.67,0.24,11.4,1.52
111,112,600027,华电国际,5.83,1.04,0.06,677306,393431428.0,3.81,5.91,5.69,5.78,5.77,0.8,9.25,1.46
112,113,600871,石化油服,2.05,0.99,0.02,673648,136852340.0,1.97,2.05,2.01,2.04,2.03,0.5,43.06,4.46
113,114,601038,一拖股份,16.99,0.89,0.15,57629,97341661.0,3.68,17.22,16.6,17.07,16.84,0.79,10.54,2.64
114,115,600028,中国石化,6.81,0.89,0.06,1352911,921521259.0,2.52,6.9,6.73,6.88,6.75,0.14,11.61,1.0
115,116,688385,复旦微电,41.93,0.79,0.33,168977,682656348.0,8.77,42.44,38.79,41.18,41.6,3.16,49.33,6.13
116,117,000488,晨鸣纸业,3.88,0.78,0.03,169625,65151424.77,2.86,3.89,3.78,3.86,3.85,1.01,200.24,0.69
117,118,603259,药明康德,51.85,0.78,0.4,589869,3023382649.0,3.46,52.18,50.4,51.95,51.45,2.34,17.81,2.76
118,119,600196,复星医药,25.88,0.62,0.16,155018,396153639.0,2.88,25.94,25.2,25.74,25.72,0.73,28.22,1.47
119,120,600938,中国海油,30.25,0.6,0.18,371740,1122784594.0,2.23,30.58,29.91,30.1,30.07,1.31,9.02,2.0
120,121,601857,中国石油,8.75,0.57,0.05,1386675,1213221238.0,2.53,8.84,8.62,8.7,8.7,0.09,9.04,1.07
121,122,000921,海信家电,31.07,0.55,0.17,145275,445133194.58,4.76,31.47,30.0,31.11,30.9,1.59,10.68,3.04
122,123,000513,丽珠集团,39.21,0.54,0.21,49153,190800599.72,2.79,39.39,38.3,39.27,39.0,0.82,15.51,2.61
123,124,601808,中海油服,15.87,0.51,0.08,61734,97574488.0,2.85,16.05,15.6,15.75,15.79,0.21,23.78,1.79
124,125,002490,ST墨龙,2.13,0.47,0.01,74072,15783372.0,3.3,2.17,2.1,2.1,2.12,1.37,4.99,2.86
125,126,601088,中国神华,42.8,0.47,0.2,261322,1117222910.0,3.83,43.55,41.92,42.4,42.6,0.16,14.41,2.14
126,127,603127,昭衍新药,17.02,0.29,0.05,161425,268356090.0,4.95,17.07,16.23,16.8,16.97,2.56,-37.57,1.61
127,128,600332,白云山,28.78,0.24,0.07,97561,278117354.0,2.96,28.92,28.07,28.74,28.71,0.69,9.18,1.29
128,129,601238,广汽集团,8.23,0.24,0.02,261557,213097851.0,3.05,8.29,8.04,8.2,8.21,0.36,28.12,0.73
129,130,600026,中远海能,14.1,0.21,0.03,275509,387323710.0,3.06,14.28,13.85,14.1,14.07,0.79,12.9,1.89
130,131,601688,华泰证券,17.02,0.18,0.03,1509325,2537015714.0,4.18,17.19,16.48,17.05,16.99,2.07,14.47,1.0
131,132,002703,浙江世宝,12.87,0.16,0.02,588198,721487767.39,9.49,13.12,11.9,12.01,12.85,10.04,79.14,5.63
132,133,601607,上海医药,20.36,0.1,0.02,161091,325109572.0,2.56,20.44,19.92,20.36,20.34,0.83,12.82,1.08
133,134,601888,中国中免,71.63,0.0,0.0,273375,1919368861.0,5.17,72.51,68.81,71.6,71.63,1.4,22.57,2.75
134,135,600029,南方航空,5.8,0.0,0.0,468362,269419444.0,2.41,5.82,5.68,5.8,5.8,0.37,-42.79,2.96
135,136,600011,华能国际,7.31,0.0,0.0,898810,655131904.0,2.46,7.38,7.2,7.31,7.31,0.82,7.7,2.05
136,137,000166,申万宏源,5.35,0.0,0.0,2018308,1058514472.94,4.67,5.36,5.11,5.34,5.35,0.9,31.48,1.32
137,138,600115,中国东航,3.68,-0.27,-0.01,849299,311078067.0,2.17,3.7,3.62,3.7,3.69,0.58,-14.82,4.75
138,139,688366,昊海生科,68.33,-0.42,-0.29,8412,56553911.0,5.03,69.0,65.55,68.62,68.62,0.43,34.12,2.86
139,140,688180,君实生物-U,32.33,-0.43,-0.14,60474,193291925.0,8.38,33.9,31.18,33.5,32.47,0.79,-24.71,4.92
140,141,300347,泰格医药,62.69,-0.52,-0.33,143677,887433498.23,5.3,63.66,60.32,62.9,63.02,2.53,55.01,2.61
141,142,688339,亿华通-U,24.02,-0.74,-0.18,40871,96255180.0,5.58,24.37,23.02,24.21,24.2,2.56,-19.66,1.92
142,143,601111,中国国航,7.03,-0.85,-0.06,615545,430981423.0,2.96,7.13,6.92,7.1,7.09,0.53,-20.96,3.19
143,144,601788,光大证券,17.86,-1.16,-0.21,621174,1093281482.0,5.37,18.18,17.21,18.09,18.07,1.59,29.61,1.43
144,145,600030,中信证券,27.71,-1.63,-0.46,3553402,9562049409.0,6.78,27.98,26.07,27.97,28.17,2.92,19.43,1.61
145,146,601456,国联证券,12.06,-2.19,-0.27,916391,1082666102.0,6.16,12.26,11.5,12.18,12.33,3.84,194.68,1.87
146,147,601066,中信建投,27.15,-2.51,-0.7,425264,1126685707.0,5.57,27.35,25.8,27.3,27.85,1.12,36.85,2.88
147,148,601881,中国银河,14.71,-4.91,-0.76,1841017,2656884398.0,7.63,15.15,13.97,15.01,15.47,2.54,18.33,1.55
148,149,601995,中金公司,37.66,-5.83,-2.33,943389,3463351488.0,6.73,38.68,35.99,38.66,39.99,3.23,40.8,2.04
