,序号,代码,名称,最新价,涨跌幅,涨跌额,成交量,成交额,振幅,最高,最低,今开,昨收,换手率,市盈率-动态,市净率
0,1,300929,华骐环保,9.54,20.0,1.59,184648.0,166651454.99,17.23,9.54,8.17,8.29,7.95,15.0,-55.82,1.52
1,2,300355,蒙草生态,5.34,20.0,0.89,5517154.0,2898693112.06,8.09,5.34,4.98,5.34,4.45,40.39,169.42,1.97
2,3,300152,新动力,3.95,13.51,0.47,1113809.0,404229542.11,17.82,4.0,3.38,3.58,3.48,15.63,-192.95,8.91
3,4,300197,节能铁汉,2.01,12.29,0.22,2417808.0,488889731.69,13.41,2.15,1.91,1.94,1.79,8.15,-7.25,1.51
4,5,000628,高新发展,54.29,10.01,4.94,298249.0,1530342351.22,13.5,54.29,47.63,48.32,49.35,15.53,162.97,9.05
5,6,000652,泰达股份,4.2,9.95,0.38,799811.0,325999889.27,6.81,4.2,3.94,4.07,3.82,5.42,31.3,1.09
6,7,002628,成都路桥,2.77,9.92,0.25,259104.0,71224084.4,4.37,2.77,2.66,2.7,2.52,3.43,-37.61,0.71
7,8,603778,国晟科技,3.45,9.87,0.31,323689.0,110408596.0,8.28,3.45,3.19,3.19,3.14,5.04,-10.13,2.63
8,9,000826,启迪环境,2.02,9.78,0.18,594226.0,117153215.6,5.98,2.02,1.91,1.96,1.84,4.17,-6.57,0.72
9,10,300862,蓝盾光电,27.53,9.72,2.44,113919.0,307096280.32,14.31,29.08,25.49,25.49,25.09,7.52,1287.65,2.54
10,11,300425,中建环能,5.6,9.16,0.47,793066.0,432622128.17,11.31,5.82,5.24,5.29,5.13,11.7,74.84,1.65
11,12,300212,易华录,27.68,8.98,2.28,481378.0,1275210049.78,10.79,27.88,25.14,25.4,25.4,6.89,-27.04,6.18
12,13,300210,森远股份,10.18,8.18,0.77,201772.0,197027022.6,8.61,10.21,9.4,9.58,9.41,4.17,-69.79,11.75
13,14,600039,四川路桥,7.31,8.14,0.55,861277.0,618304006.0,4.88,7.35,7.02,7.14,6.76,1.29,9.97,1.45
14,15,002717,岭南股份,2.02,8.02,0.15,2151799.0,420131871.31,8.56,2.05,1.89,1.89,1.87,13.98,-6.84,1.84
15,16,600133,东湖高新,9.67,7.56,0.68,394784.0,366218377.0,9.12,9.78,8.96,9.09,8.99,3.7,62.56,1.23
16,17,600106,重庆路桥,5.88,7.5,0.41,798519.0,451400432.0,10.42,5.94,5.37,5.59,5.47,6.01,40.01,1.62
17,18,002205,国统股份,8.28,7.25,0.56,105480.0,84843724.78,8.42,8.44,7.79,7.8,7.72,5.68,-16.6,2.63
18,19,300334,津膜科技,6.47,7.12,0.43,107819.0,68563448.0,7.78,6.59,6.12,6.12,6.04,3.57,695.86,3.44
19,20,300284,苏交科,9.43,6.92,0.61,702425.0,638574290.81,8.05,9.51,8.8,9.1,8.82,5.88,37.73,1.43
20,21,600340,华夏幸福,1.49,6.43,0.09,1133546.0,167239420.0,4.29,1.5,1.44,1.47,1.4,2.91,-0.6,1.25
21,22,300815,玉禾田,15.1,6.41,0.91,90693.0,134422227.8,6.55,15.27,14.34,14.86,14.19,2.33,9.21,1.55
22,23,600606,绿地控股,2.02,6.32,0.12,1666354.0,330684222.0,7.37,2.06,1.92,2.04,1.9,1.19,67.7,0.36
23,24,000753,漳州发展,3.26,6.19,0.19,234311.0,75269488.71,5.21,3.28,3.12,3.12,3.07,2.36,43.82,1.19
24,25,002941,新疆交建,11.69,6.18,0.68,283442.0,322565811.87,6.72,11.75,11.01,11.36,11.01,4.43,52.6,2.37
25,26,300388,节能国祯,7.07,6.16,0.41,147988.0,102828389.54,5.86,7.14,6.75,7.0,6.66,2.18,12.48,1.12
26,27,600502,安徽建工,5.11,6.02,0.29,702193.0,351204910.0,5.6,5.15,4.88,4.98,4.82,4.09,7.16,0.87
27,28,603815,交建股份,6.49,5.87,0.36,164972.0,105191735.0,7.83,6.59,6.11,6.23,6.13,2.67,26.53,1.74
28,29,300070,碧水源,5.25,5.85,0.29,1706171.0,898222404.72,10.69,5.53,5.0,5.53,4.96,4.97,-130.96,0.7
29,30,300422,博世科,4.79,5.74,0.26,125918.0,59648722.51,5.08,4.85,4.62,4.68,4.53,3.02,48.63,1.21
30,31,605303,园林股份,7.19,5.74,0.39,34406.0,24309214.0,5.0,7.24,6.9,7.0,6.8,2.13,-9.59,1.0
31,32,000010,美丽生态,2.03,5.73,0.11,360469.0,72737845.98,6.25,2.09,1.97,2.0,1.92,6.85,-11.8,13.02
32,33,601668,中国建筑,6.38,5.45,0.33,5442585.0,3440026134.0,4.79,6.47,6.18,6.18,6.05,1.32,4.51,0.61
33,34,002761,浙江建投,9.13,5.43,0.47,389785.0,349937773.7,4.85,9.19,8.77,9.04,8.66,3.6,29.64,1.5
34,35,300067,安诺其,4.86,5.42,0.25,561858.0,263186755.16,6.72,4.86,4.55,4.64,4.61,5.99,252.15,2.2
35,36,603081,大丰实业,9.75,5.29,0.49,61160.0,58761810.0,6.48,9.88,9.28,9.3,9.26,1.51,41.59,1.44
36,37,603843,正平股份,2.81,5.24,0.14,173860.0,48451459.0,6.37,2.87,2.7,2.78,2.67,2.49,-12.54,2.19
37,38,002822,ST中装,1.81,5.23,0.09,127758.0,22743773.41,5.23,1.81,1.72,1.74,1.72,2.44,-1.45,0.6
38,39,300203,聚光科技,16.49,5.1,0.8,247187.0,400858993.0,10.9,17.11,15.4,16.95,15.69,5.51,81.22,2.5
39,40,300237,美晨科技,1.86,5.08,0.09,707025.0,130416053.45,7.34,1.92,1.79,1.86,1.77,4.91,-6.99,18.87
40,41,603007,*ST花王,7.59,4.98,0.36,155563.0,116302074.0,4.84,7.59,7.24,7.24,7.23,3.82,-24.61,8.09
41,42,002973,侨银股份,10.14,4.97,0.48,103572.0,106639988.28,7.04,10.59,9.91,9.91,9.66,6.0,12.02,1.81
42,43,300044,赛为智能,5.1,4.94,0.24,353178.0,175701802.53,5.76,5.13,4.85,4.86,4.86,4.62,-511.28,6.17
43,44,600168,武汉控股,4.47,4.93,0.21,166213.0,73563911.0,6.1,4.56,4.3,4.4,4.26,1.67,27.32,0.84
44,45,600323,瀚蓝环境,23.21,4.83,1.07,141927.0,329002690.0,3.39,23.5,22.75,22.8,22.14,1.74,10.67,1.5
45,46,300266,兴源环境,2.21,4.74,0.1,511123.0,111256245.0,9.0,2.29,2.1,2.23,2.11,3.29,-19.49,17.96
46,47,603316,诚邦股份,5.81,4.68,0.26,141671.0,81988090.0,7.03,5.96,5.57,5.64,5.55,5.36,-144.35,2.07
47,48,000598,兴蓉环境,7.6,4.68,0.34,336715.0,254430170.05,5.37,7.75,7.36,7.36,7.26,1.13,12.22,1.33
48,49,300190,维尔利,3.62,4.62,0.16,115665.0,41473801.0,5.78,3.69,3.49,3.64,3.46,1.49,33.52,0.79
49,50,300249,依米康,8.46,4.57,0.37,133230.0,109699749.73,5.19,8.47,8.05,8.13,8.09,3.57,279.98,8.98
50,51,300139,晓程科技,18.59,4.56,0.81,434757.0,767703881.23,11.25,18.6,16.6,16.6,17.78,18.61,128.52,5.29
51,52,603359,东珠生态,4.22,4.46,0.18,101867.0,42620569.0,5.94,4.32,4.08,4.15,4.04,2.28,72.47,0.57
52,53,000544,中原环保,8.45,4.45,0.36,103437.0,86532791.76,3.21,8.49,8.23,8.34,8.09,1.06,5.85,1.03
53,54,002034,旺能环境,15.31,4.43,0.65,48366.0,73954389.61,2.05,15.48,15.18,15.34,14.66,1.13,9.07,1.03
54,55,002307,北新路桥,3.54,4.42,0.15,319640.0,111988570.05,6.19,3.62,3.41,3.45,3.39,2.93,213.27,1.3
55,56,002431,棕榈股份,1.89,4.42,0.08,278228.0,52488078.13,5.52,1.94,1.84,1.88,1.81,1.56,-4.72,1.19
56,57,300774,倍杰特,9.22,4.42,0.39,43065.0,38890834.0,5.32,9.25,8.78,8.78,8.83,2.21,13.92,2.54
57,58,300021,大禹节水,3.91,4.27,0.16,152306.0,58722947.18,4.53,3.94,3.77,3.82,3.75,2.17,88.49,1.8
58,59,000016,深康佳Ａ,3.19,4.25,0.13,359404.0,112219959.0,4.9,3.2,3.05,3.08,3.06,2.25,-3.53,1.69
59,60,603955,大千生态,8.55,4.14,0.34,36885.0,31422023.0,5.48,8.79,8.34,8.37,8.21,2.72,45.22,0.75
60,61,600461,洪城环境,9.61,4.12,0.38,335072.0,323745467.0,3.79,9.8,9.45,9.49,9.23,2.83,10.11,1.42
61,62,601033,永兴股份,14.57,4.0,0.56,53162.0,76152890.0,4.64,14.64,13.99,14.09,14.01,3.54,15.54,1.3
62,63,002596,海南瑞泽,2.35,3.98,0.09,973705.0,230002942.27,8.85,2.47,2.27,2.37,2.26,9.52,-27.94,2.86
63,64,600170,上海建工,2.36,3.96,0.09,1533520.0,356405407.0,3.08,2.36,2.29,2.32,2.27,1.73,12.69,0.69
64,65,300098,高新兴,5.01,3.94,0.19,882527.0,429782315.47,6.43,5.04,4.73,4.85,4.82,5.72,-965.52,3.05
65,66,603717,天域生物,5.81,3.94,0.22,38789.0,22308765.0,4.11,5.87,5.64,5.64,5.59,1.34,135.32,2.58
66,67,002146,荣盛发展,1.64,3.8,0.06,1209648.0,196369747.05,6.33,1.68,1.58,1.65,1.58,3.1,-11.26,0.31
67,68,000868,安凯客车,4.93,3.79,0.18,176242.0,85380764.08,4.42,4.95,4.74,4.77,4.75,2.4,319.09,5.4
68,69,000068,华控赛格,3.3,3.77,0.12,203460.0,66415993.56,4.72,3.35,3.2,3.21,3.18,2.02,-29.88,5.16
69,70,601186,中国铁建,9.68,3.75,0.35,2084186.0,2022104728.0,7.72,10.09,9.37,9.37,9.33,1.81,5.52,0.51
70,71,300172,中电环保,5.26,3.75,0.19,227722.0,118327961.54,3.75,5.27,5.08,5.11,5.07,4.35,33.94,1.91
71,72,002135,东南网架,4.46,3.72,0.16,161053.0,71241308.98,6.51,4.58,4.3,4.32,4.3,1.49,20.13,0.81
72,73,688509,正元地信,3.72,3.62,0.13,81059.0,29442553.0,4.18,3.72,3.57,3.58,3.59,2.11,-24.01,2.02
73,74,600562,国睿科技,15.75,3.62,0.55,101130.0,156464322.0,4.47,15.78,15.1,15.35,15.2,0.82,28.3,3.42
74,75,603568,伟明环保,22.21,3.59,0.77,62670.0,136189850.0,4.1,22.28,21.4,21.93,21.44,0.37,13.3,3.2
75,76,600187,国中水务,3.47,3.58,0.12,1175320.0,398613261.0,9.25,3.55,3.24,3.35,3.35,7.28,540.53,1.78
76,77,002200,ST交投,5.55,3.54,0.19,10644.0,5798511.0,3.54,5.55,5.36,5.42,5.36,0.58,-35.1,33.95
77,78,002236,大华股份,16.47,3.52,0.56,469129.0,757804964.81,3.96,16.5,15.87,15.9,15.91,2.23,14.98,1.56
78,79,300437,清水源,10.08,3.49,0.34,42048.0,42119551.63,4.52,10.2,9.76,9.76,9.74,2.39,-28.92,1.82
79,80,002060,广东建工,3.86,3.49,0.13,222351.0,84687091.9,3.75,3.87,3.73,3.79,3.73,1.42,15.83,1.12
80,81,002062,宏润建设,3.97,3.39,0.13,84015.0,33214381.98,3.39,3.99,3.86,3.92,3.84,0.85,11.69,1.0
81,82,600710,苏美达,8.88,3.38,0.29,156872.0,137606025.0,4.07,8.95,8.6,8.7,8.59,1.2,10.17,1.66
82,83,601789,宁波建工,4.02,3.34,0.13,192605.0,76463589.0,3.6,4.04,3.9,3.97,3.89,1.77,15.18,1.01
83,84,600526,菲达环保,4.37,3.31,0.14,75573.0,32802682.0,2.84,4.39,4.27,4.32,4.23,1.06,17.55,0.92
84,85,002140,东华科技,7.82,3.3,0.25,48621.0,37567172.28,3.43,7.84,7.58,7.65,7.57,0.9,13.21,1.34
85,86,000498,山东路桥,6.04,3.25,0.19,183960.0,110552017.6,3.25,6.11,5.92,5.96,5.85,1.26,4.63,0.67
86,87,600853,龙建股份,3.54,3.21,0.11,218601.0,76748996.0,4.96,3.59,3.42,3.57,3.43,2.17,25.97,1.25
87,88,002663,普邦股份,1.61,3.21,0.05,219594.0,35175283.73,3.21,1.63,1.58,1.61,1.56,1.57,232.2,0.94
88,89,603636,南威软件,9.78,3.16,0.3,124069.0,118273618.0,5.38,9.82,9.31,9.55,9.48,2.14,-24.73,2.22
89,90,002373,千方科技,9.32,2.98,0.27,229719.0,207776082.35,5.52,9.35,8.85,9.05,9.05,1.67,601.85,1.18
90,91,601766,中国中车,8.3,2.98,0.24,1473136.0,1211476298.0,3.35,8.34,8.07,8.07,8.06,0.61,28.35,1.49
91,92,300263,隆华科技,6.66,2.94,0.19,126872.0,82807772.24,4.33,6.68,6.4,6.49,6.47,1.69,28.56,1.94
92,93,002081,金 螳 螂,3.51,2.93,0.1,242501.0,83836559.31,4.11,3.53,3.39,3.42,3.41,0.92,13.54,0.69
93,94,300055,万邦达,5.01,2.87,0.14,82903.0,41059124.0,3.49,5.03,4.86,4.89,4.87,1.31,93.21,0.81
94,95,600008,首创环保,3.23,2.87,0.09,1114408.0,357461731.0,2.87,3.25,3.16,3.2,3.14,1.52,12.94,1.23
95,96,600820,隧道股份,6.83,2.86,0.19,468684.0,316331977.0,2.56,6.83,6.66,6.72,6.64,1.49,13.67,0.74
96,97,600510,黑牡丹,4.74,2.82,0.13,164959.0,77549056.0,4.12,4.8,4.61,4.76,4.61,1.6,44.65,0.49
97,98,603903,中持股份,6.44,2.71,0.17,33137.0,21085159.0,3.03,6.45,6.26,6.38,6.27,1.64,102.32,1.0
98,99,600512,腾达建设,2.28,2.7,0.06,207427.0,46861677.0,3.15,2.29,2.22,2.25,2.22,1.31,16.75,0.58
99,100,000967,盈峰环境,4.61,2.67,0.12,153272.0,69622030.5,3.12,4.61,4.47,4.53,4.49,0.48,19.17,0.85
100,101,601390,中国中铁,6.76,2.58,0.17,2264203.0,1528101572.0,4.4,6.89,6.6,6.68,6.59,1.11,5.86,0.58
101,102,603797,联泰环保,3.67,2.51,0.09,84595.0,30911104.0,2.51,3.7,3.61,3.65,3.58,1.45,9.83,0.69
102,103,002887,绿茵生态,6.53,2.51,0.16,32413.0,21157886.6,2.98,6.62,6.43,6.52,6.37,2.03,24.25,0.91
103,104,002061,浙江交科,4.12,2.49,0.1,425122.0,174215791.26,3.23,4.16,4.03,4.13,4.02,1.64,10.46,0.74
104,105,002586,*ST围海,1.65,2.48,0.04,68573.0,11298404.0,4.35,1.69,1.62,1.63,1.61,0.76,-18.47,0.62
105,106,000035,中国天楹,4.57,2.47,0.11,340272.0,152233533.98,4.71,4.57,4.36,4.38,4.46,1.39,16.02,1.07
106,107,002524,光正眼科,3.79,2.43,0.09,72666.0,27181060.25,3.24,3.79,3.67,3.75,3.7,1.43,771.23,6.7
107,108,601669,中国电建,5.67,2.35,0.13,1778601.0,1004396992.0,3.25,5.75,5.57,5.65,5.54,1.36,7.7,0.72
108,109,600072,中船科技,14.0,2.34,0.32,286966.0,399708254.0,4.17,14.18,13.61,13.83,13.68,2.65,-129.05,1.95
109,110,600874,创业环保,5.74,2.32,0.13,146241.0,84218894.0,5.88,5.95,5.62,5.9,5.61,1.19,10.68,0.97
110,111,600846,同济科技,7.95,2.32,0.18,42585.0,33566630.0,2.45,7.96,7.77,7.82,7.77,0.68,10.65,1.26
111,112,002298,中电兴发,4.45,2.3,0.1,197208.0,86379836.98,3.91,4.47,4.3,4.33,4.35,3.02,-4.94,1.01
112,113,603588,高能环境,5.02,2.24,0.11,421376.0,208404095.0,5.3,5.06,4.8,4.99,4.91,2.77,9.27,0.85
113,114,600491,龙元建设,3.27,2.19,0.07,377041.0,122793626.0,5.94,3.37,3.18,3.32,3.2,2.46,-12.32,0.47
114,115,300137,先河环保,5.23,2.15,0.11,79885.0,41358780.69,4.1,5.29,5.08,5.24,5.12,1.51,75.15,1.56
115,116,601330,绿色动力,6.23,2.13,0.13,48146.0,29678549.0,2.62,6.25,6.09,6.2,6.1,0.49,14.32,1.13
116,117,601200,上海环境,8.19,2.12,0.17,102550.0,83511285.0,2.24,8.24,8.06,8.15,8.02,0.76,17.56,1.01
117,118,601618,中国中冶,3.38,2.11,0.07,1654884.0,558209466.0,3.63,3.44,3.32,3.35,3.31,0.93,8.44,0.71
118,119,603686,福龙马,8.75,2.1,0.18,76366.0,67065919.0,3.03,8.91,8.65,8.8,8.57,1.84,19.21,1.1
119,120,300145,中金环境,2.94,2.08,0.06,469636.0,136795796.32,6.94,3.04,2.84,2.94,2.88,2.48,17.21,2.22
120,121,603817,海峡环保,5.42,2.07,0.11,55983.0,30191179.0,2.45,5.45,5.32,5.38,5.31,1.05,12.17,1.07
121,122,002775,文科股份,3.01,2.03,0.06,139683.0,42076333.0,4.41,3.08,2.95,3.0,2.95,3.12,102.91,8.34
122,123,300030,阳普医疗,6.61,2.01,0.13,134814.0,87670468.48,6.94,6.72,6.27,6.62,6.48,4.95,-193.71,2.85
123,124,300536,*ST农尚,5.7,1.97,0.11,78361.0,44257639.75,3.22,5.73,5.55,5.62,5.59,2.67,371.53,2.77
124,125,601068,中铝国际,4.77,1.92,0.09,370828.0,175293649.0,6.84,4.9,4.58,4.66,4.68,1.45,45.65,5.83
125,126,300198,纳川股份,2.13,1.91,0.04,618913.0,130158469.2,4.78,2.15,2.05,2.09,2.09,6.04,-28.45,3.06
126,127,603776,永安行,10.68,1.91,0.2,23337.0,24683408.0,3.34,10.72,10.37,10.48,10.48,1.02,-157.05,0.85
127,128,000605,渤海股份,5.42,1.88,0.1,78344.0,42449423.6,3.2,5.5,5.33,5.42,5.32,2.36,58.5,0.9
128,129,300020,*ST银江,2.22,1.83,0.04,343803.0,75183778.72,4.13,2.23,2.14,2.2,2.18,4.48,-12.89,0.43
129,130,688057,金达莱,11.34,1.8,0.2,8058.0,9035662.0,3.59,11.39,10.99,11.38,11.14,0.29,23.26,0.97
130,131,000900,现代投资,4.11,1.73,0.07,140591.0,57682144.28,1.73,4.13,4.06,4.08,4.04,0.93,12.11,0.58
131,132,601827,三峰环境,9.24,1.65,0.15,87701.0,81279199.0,3.19,9.39,9.1,9.25,9.09,0.52,11.64,1.45
132,133,600320,振华重工,4.01,1.52,0.06,288394.0,115127467.0,2.28,4.03,3.94,4.0,3.95,0.87,34.47,1.38
133,134,002630,华西能源,2.76,1.47,0.04,298668.0,81998724.0,2.57,2.77,2.7,2.73,2.72,2.82,26.24,5.31
134,135,300301,*ST长方,1.44,1.41,0.02,101108.0,14417474.22,3.52,1.45,1.4,1.41,1.42,1.28,-29.3,35.35
135,136,600382,广东明珠,3.76,1.35,0.05,26499.0,9895068.0,1.89,3.76,3.69,3.71,3.71,0.38,43.43,0.89
136,137,600406,国电南瑞,26.99,1.28,0.34,250376.0,672058140.0,3.3,27.25,26.37,27.02,26.65,0.31,40.01,4.77
137,138,000783,长江证券,6.68,1.06,0.07,1309004.0,852271201.37,5.6,6.7,6.33,6.63,6.61,2.37,23.48,1.12
138,139,300001,特锐德,22.87,0.97,0.22,238796.0,539468073.52,3.58,23.0,22.19,22.9,22.65,2.32,62.51,3.64
139,140,300144,宋城演艺,9.26,0.87,0.08,449114.0,407364685.54,4.79,9.31,8.87,9.11,9.18,1.91,22.05,3.21
140,141,000558,莱茵体育,2.57,0.78,0.02,162726.0,41591454.0,3.53,2.6,2.51,2.58,2.55,1.26,219.08,3.04
141,142,002637,赞宇科技,9.06,0.11,0.01,18063.0,16340722.0,1.77,9.13,8.97,9.05,9.05,0.41,23.31,1.18
142,143,600292,远达环保,,,,,,,,,,5.42,0.0,40.62,0.82
143,144,300961,深水海纳,11.13,0.0,0.0,277066.0,286026676.34,14.38,11.36,9.76,10.55,11.13,18.34,3266.64,1.96
144,145,002310,*ST东园,1.35,0.0,0.0,742183.0,100713418.91,4.44,1.39,1.33,1.36,1.35,2.76,-1.59,-2.72
145,146,000711,*ST京蓝,1.7,0.0,0.0,90853.0,15319325.8,1.76,1.7,1.67,1.68,1.7,0.77,-46.06,7.17
146,147,000040,ST旭蓝,1.21,0.0,0.0,269140.0,32203628.0,2.48,1.21,1.18,1.21,1.21,2.54,-9.69,0.16
147,148,002883,中设股份,10.19,-0.78,-0.08,91945.0,92539210.08,6.52,10.44,9.77,10.27,10.27,6.75,42.25,2.32
148,149,002374,中锐股份,2.32,-0.85,-0.02,599655.0,138294489.15,8.12,2.41,2.22,2.3,2.34,5.51,-20.67,2.23
149,150,000027,深圳能源,6.83,-1.01,-0.07,396570.0,269560623.92,4.2,6.96,6.67,6.92,6.9,0.83,9.26,1.09
150,151,600289,*ST信通,1.42,-1.39,-0.02,65295.0,9317599.0,4.86,1.47,1.4,1.46,1.44,1.15,55.06,1.28
151,152,603828,ST柯利达,2.13,-4.91,-0.11,279842.0,61650070.0,9.82,2.35,2.13,2.35,2.24,4.7,45.32,1.7
