,序号,代码,名称,最新价,涨跌幅,涨跌额,成交量,成交额,振幅,最高,最低,今开,昨收,换手率,市盈率-动态,市净率
0,1,300197,节能铁汉,2.01,12.29,0.22,2417841.0,488896364.69,13.41,2.15,1.91,1.94,1.79,8.15,-7.25,1.51
1,2,600939,重庆建工,2.82,10.16,0.26,485209.0,133625156.0,6.25,2.82,2.66,2.7,2.56,2.55,-142.31,0.67
2,3,600622,光大嘉宝,2.93,10.15,0.27,180942.0,53016132.0,0.0,2.93,2.93,2.93,2.66,1.21,-9.93,0.92
3,4,002094,青岛金王,3.26,10.14,0.3,1219574.0,388750056.39,8.45,3.26,3.01,3.26,2.96,17.66,27.75,1.52
4,5,600322,津投城开,2.29,10.1,0.21,1951497.0,442854615.0,6.25,2.29,2.16,2.29,2.08,17.65,-6.26,85.17
5,6,601929,吉视传媒,1.42,10.08,0.13,2079514.0,284553533.0,9.3,1.42,1.3,1.31,1.29,5.96,-10.92,0.79
6,7,600239,云南城投,3.28,10.07,0.3,3989397.0,1287698525.0,9.73,3.28,2.99,3.28,2.98,24.85,64.09,3.74
7,8,000793,华闻集团,1.76,10.0,0.16,1586901.0,275987648.65,6.25,1.76,1.66,1.66,1.6,8.09,-29.0,4.01
8,9,600193,创兴资源,2.76,9.96,0.25,252685.0,66990980.0,9.96,2.76,2.51,2.53,2.51,5.94,-84.84,4.05
9,10,002285,世联行,2.54,9.96,0.23,1230284.0,305204505.9,5.19,2.54,2.42,2.46,2.31,6.23,166.68,1.66
10,11,002628,成都路桥,2.77,9.92,0.25,259104.0,71224084.4,4.37,2.77,2.66,2.7,2.52,3.43,-37.61,0.71
11,12,600225,卓朗科技,3.23,9.86,0.29,1542909.0,485141192.0,7.82,3.23,3.0,3.0,2.94,4.53,-46.64,6.0
12,13,300159,新研股份,3.01,9.85,0.27,1445600.0,434121983.99,14.6,3.2,2.8,2.8,2.74,9.82,-16.5,-44.55
13,14,000826,启迪环境,2.02,9.78,0.18,594226.0,117153215.6,5.98,2.02,1.91,1.96,1.84,4.17,-6.57,0.72
14,15,600595,中孚实业,3.06,9.68,0.27,1060172.0,312309152.0,7.53,3.07,2.86,2.89,2.79,2.65,13.83,0.87
15,16,002607,中公教育,2.87,8.71,0.23,5933636.0,1635846466.15,9.85,2.89,2.63,2.66,2.64,11.8,76.36,25.92
16,17,002717,岭南股份,2.02,8.02,0.15,2152771.0,420328299.31,8.56,2.05,1.89,1.89,1.87,13.99,-6.84,1.84
17,18,000838,财信发展,2.69,7.6,0.19,346390.0,90692315.51,6.4,2.7,2.54,2.56,2.5,3.29,152.43,4.29
18,19,600340,华夏幸福,1.5,7.14,0.1,1133668.0,167257720.0,4.29,1.5,1.44,1.47,1.4,2.91,-0.61,1.26
19,20,000592,平潭发展,1.84,6.98,0.12,823371.0,151425105.7,6.4,1.88,1.77,1.79,1.72,4.3,81.57,1.71
20,21,600665,天地源,2.99,6.41,0.18,214612.0,62448847.0,5.69,3.0,2.84,2.89,2.81,2.48,-45.06,0.67
21,22,000010,美丽生态,2.04,6.25,0.12,360583.0,72761057.98,6.25,2.09,1.97,2.0,1.92,6.86,-11.85,13.08
22,23,002589,瑞康医药,3.1,6.16,0.18,733433.0,222056910.62,7.88,3.13,2.9,2.98,2.92,5.37,75.17,0.85
23,24,600606,绿地控股,2.01,5.79,0.11,1666391.0,330691664.0,7.37,2.06,1.92,2.04,1.9,1.19,67.37,0.35
24,25,600376,首开股份,2.78,5.7,0.15,482830.0,131692309.0,4.56,2.79,2.67,2.71,2.63,1.87,-1.84,0.45
25,26,002047,宝鹰股份,1.86,5.68,0.1,225723.0,41520840.52,4.55,1.88,1.8,1.8,1.76,1.68,-6.3,113.14
26,27,000820,神雾节能,2.99,5.65,0.16,130500.0,38665972.92,6.01,3.05,2.88,2.88,2.83,4.54,-84.28,25.0
27,28,002421,达实智能,2.89,5.47,0.15,461840.0,128998134.0,5.84,2.89,2.73,2.77,2.74,2.31,329.17,1.82
28,29,600984,建设机械,2.75,5.36,0.14,178159.0,48209838.0,4.98,2.77,2.64,2.64,2.61,1.42,-4.1,0.71
29,30,300189,神农种业,2.77,5.32,0.14,540097.0,147831472.4,9.13,2.85,2.61,2.63,2.63,6.09,-89.99,3.75
30,31,603843,正平股份,2.81,5.24,0.14,173862.0,48452021.0,6.37,2.87,2.7,2.78,2.67,2.49,-12.54,2.19
31,32,002822,ST中装,1.81,5.23,0.09,127758.0,22743773.41,5.23,1.81,1.72,1.74,1.72,2.44,-1.45,0.6
32,33,600439,瑞贝卡,3.03,5.21,0.15,1001373.0,300545423.0,12.5,3.15,2.79,2.87,2.88,8.85,210.91,1.26
33,34,002542,中化岩土,1.82,5.2,0.09,365080.0,65585165.73,4.62,1.84,1.76,1.77,1.73,2.28,-6.34,1.7
34,35,600881,亚泰集团,1.63,5.16,0.08,1325697.0,211645614.0,9.68,1.68,1.53,1.62,1.55,4.08,-2.86,1.09
35,36,600533,栖霞建设,2.26,5.12,0.11,185784.0,41367054.0,3.26,2.27,2.2,2.23,2.15,1.77,-8.31,0.58
36,37,002052,*ST同洲,2.47,5.11,0.12,15293.0,3777373.47,0.0,2.47,2.47,2.47,2.35,0.21,-25.53,-69.01
37,38,300237,美晨科技,1.86,5.08,0.09,707025.0,130416053.45,7.34,1.92,1.79,1.86,1.77,4.91,-6.99,18.87
38,39,300157,新锦动力,2.91,5.05,0.14,213143.0,60154821.0,5.42,2.91,2.76,2.79,2.77,3.03,-14.48,-10.76
39,40,002742,ST三圣,2.91,5.05,0.14,171102.0,49607364.0,3.25,2.91,2.82,2.91,2.77,3.96,-9.45,4.47
40,41,002640,跨境通,2.71,5.04,0.13,1760762.0,464717082.75,9.69,2.76,2.51,2.66,2.58,12.34,-185.44,3.17
41,42,002431,棕榈股份,1.9,4.97,0.09,278229.0,52488268.13,5.52,1.94,1.84,1.88,1.81,1.56,-4.74,1.2
42,43,600082,海泰发展,2.54,4.96,0.12,136747.0,34336606.0,3.31,2.55,2.47,2.5,2.42,2.16,-26.77,0.95
43,44,600675,中华企业,3.0,4.9,0.14,330401.0,96835404.0,4.55,3.0,2.87,2.92,2.86,0.55,-25.78,1.27
44,45,601992,金隅集团,1.75,4.79,0.08,578486.0,99436323.0,3.59,1.75,1.69,1.69,1.67,0.69,-11.58,0.43
45,46,300266,兴源环境,2.21,4.74,0.1,512332.0,111524616.0,9.0,2.29,2.1,2.23,2.11,3.3,-19.49,17.96
46,47,002314,南山控股,2.45,4.7,0.11,327162.0,78761607.72,4.27,2.46,2.36,2.4,2.34,2.44,-28.06,0.65
47,48,000897,津滨发展,2.45,4.7,0.11,451497.0,108938240.89,3.42,2.45,2.37,2.42,2.34,2.79,5.97,1.31
48,49,600070,*ST富润,1.56,4.7,0.07,65852.0,10187470.0,3.36,1.56,1.51,1.54,1.49,1.3,-4.5,1.39
49,50,000415,渤海租赁,2.9,4.69,0.13,1096443.0,310927839.48,4.69,2.91,2.78,2.8,2.77,2.03,12.52,0.58
50,51,000517,荣安地产,2.47,4.66,0.11,578451.0,140408356.1,5.08,2.49,2.37,2.44,2.36,2.32,8.47,0.98
51,52,000718,苏宁环球,2.27,4.61,0.1,269121.0,59585616.81,4.61,2.27,2.17,2.23,2.17,1.18,13.67,0.72
52,53,600708,光明地产,2.33,4.48,0.1,427279.0,97969252.0,4.04,2.34,2.25,2.32,2.23,1.92,315.05,0.48
53,54,300477,合纵科技,3.04,4.47,0.13,264844.0,78643078.56,4.47,3.04,2.91,2.92,2.91,2.83,-12.21,1.93
54,55,600337,美克家居,1.64,4.46,0.07,193427.0,31049392.0,4.46,1.64,1.57,1.57,1.57,1.35,-4.27,0.71
55,56,002936,郑州银行,2.11,4.46,0.09,2095408.0,442899468.32,7.43,2.2,2.05,2.13,2.02,3.13,6.02,0.43
56,57,600076,康欣新材,1.88,4.44,0.08,152500.0,28139926.0,4.44,1.88,1.8,1.8,1.8,1.13,-14.48,0.59
57,58,603818,曲美家居,2.61,4.4,0.11,184119.0,47206376.0,4.4,2.62,2.51,2.52,2.5,2.68,-7.22,0.81
58,59,600715,*ST文投,1.9,4.4,0.08,353939.0,66772307.0,3.3,1.91,1.85,1.87,1.82,1.91,-9.2,-2.87
59,60,603377,ST东时,1.43,4.38,0.06,109959.0,15389288.0,5.11,1.44,1.37,1.4,1.37,1.53,-7.09,0.59
60,61,601860,紫金银行,2.89,4.33,0.12,925925.0,263130487.0,4.33,2.9,2.78,2.8,2.77,2.62,5.8,0.56
61,62,300185,通裕重工,2.43,4.29,0.1,726575.0,174658494.4,2.58,2.43,2.37,2.37,2.33,1.98,116.69,1.42
62,63,600653,申华控股,1.46,4.29,0.06,233480.0,33679023.0,4.29,1.47,1.41,1.42,1.4,1.2,-36.5,3.82
63,64,300208,*ST中程,2.19,4.29,0.09,104885.0,22633210.24,5.24,2.22,2.11,2.15,2.1,1.53,-7.89,-3.23
64,65,000892,欢瑞世纪,2.99,4.18,0.12,120974.0,35311672.0,4.88,2.99,2.85,2.91,2.87,1.7,91.43,2.58
65,66,600743,华远地产,1.5,4.17,0.06,350854.0,52155858.0,3.47,1.51,1.46,1.49,1.44,1.5,-4.49,15.1
66,67,300135,宝利国际,3.05,4.1,0.12,274252.0,82712948.88,3.75,3.07,2.96,2.96,2.93,2.98,143.51,2.97
67,68,300324,旋极信息,3.06,4.08,0.12,705571.0,211166765.36,5.44,3.08,2.92,2.95,2.94,4.13,-23.07,1.74
68,69,601515,东峰集团,2.84,4.03,0.11,241012.0,66835123.0,5.49,2.85,2.7,2.72,2.73,1.31,-20.12,0.96
69,70,002596,海南瑞泽,2.35,3.98,0.09,973778.0,230020082.27,8.85,2.47,2.27,2.37,2.26,9.52,-27.94,2.86
70,71,002578,闽发铝业,2.89,3.96,0.11,164495.0,47068396.0,5.4,2.94,2.79,2.79,2.78,1.91,87.19,1.78
71,72,600159,大龙地产,2.63,3.95,0.1,296120.0,77410955.0,5.14,2.69,2.56,2.65,2.53,3.57,-92.27,1.14
72,73,002031,巨轮智能,2.91,3.93,0.11,700144.0,199460758.79,5.36,2.94,2.79,2.8,2.8,3.53,564.01,2.63
73,74,603023,*ST威帝,2.12,3.92,0.08,149436.0,31537629.0,4.41,2.14,2.05,2.05,2.04,2.66,119.81,1.53
74,75,000056,皇庭国际,2.15,3.86,0.08,281085.0,59473432.67,3.38,2.15,2.08,2.11,2.07,3.11,-8.74,3.08
75,76,002663,普邦股份,1.62,3.85,0.06,219673.0,35188081.73,3.21,1.63,1.58,1.61,1.56,1.57,233.64,0.95
76,77,002323,雅博股份,1.35,3.85,0.05,472602.0,62722824.64,4.62,1.36,1.3,1.31,1.3,2.23,-31.76,4.98
77,78,000078,海王生物,2.47,3.78,0.09,274865.0,67378550.2,4.62,2.5,2.39,2.39,2.38,1.05,71.56,2.13
78,79,300370,安控科技,2.48,3.77,0.09,371602.0,89608534.54,5.02,2.48,2.36,2.4,2.39,2.8,-57.5,6.62
79,80,600255,鑫科材料,1.95,3.72,0.07,234326.0,45003179.0,4.26,1.96,1.88,1.88,1.88,1.3,51.62,2.51
80,81,002305,南国置业,1.95,3.72,0.07,820167.0,158428308.52,4.26,1.98,1.9,1.95,1.88,4.73,386.7,6.91
81,82,600537,亿晶光电,2.79,3.72,0.1,234480.0,64272851.0,4.46,2.8,2.68,2.69,2.69,1.98,-3.52,1.61
82,83,000069,华侨城Ａ,2.79,3.72,0.1,1318935.0,362284620.46,5.95,2.83,2.67,2.79,2.69,1.91,-10.62,0.39
83,84,002306,中科云网,2.83,3.66,0.1,152604.0,42622464.0,4.4,2.85,2.73,2.75,2.73,1.88,-43.53,272.67
84,85,600252,中恒集团,2.32,3.57,0.08,467222.0,107505556.0,4.91,2.35,2.24,2.29,2.24,1.36,182.75,1.27
85,86,002523,天桥起重,2.61,3.57,0.09,178266.0,45888730.71,3.17,2.61,2.53,2.57,2.52,1.26,72.27,1.61
86,87,600170,上海建工,2.35,3.52,0.08,1536739.0,357163495.0,3.08,2.36,2.29,2.32,2.27,1.73,12.63,0.69
87,88,002076,星光股份,1.77,3.51,0.06,277065.0,48970498.0,5.85,1.82,1.72,1.76,1.71,2.68,985.15,6.05
88,89,002486,嘉麟杰,2.07,3.5,0.07,198437.0,40804130.67,4.0,2.08,2.0,2.0,2.0,2.39,36.87,1.63
89,90,600208,衢州发展,2.69,3.46,0.09,1652674.0,438617848.0,6.54,2.75,2.58,2.71,2.6,1.94,7.46,0.53
90,91,000631,顺发恒业,2.7,3.45,0.09,146693.0,39106041.04,4.21,2.74,2.63,2.67,2.61,0.61,97.21,1.14
91,92,002495,佳隆股份,1.84,3.37,0.06,241237.0,44153424.2,2.81,1.85,1.8,1.83,1.78,3.38,105.36,1.53
92,93,600503,华丽家族,2.15,3.37,0.07,165480.0,35312356.0,3.37,2.17,2.1,2.15,2.08,1.03,558.43,0.95
93,94,000797,中国武夷,3.09,3.34,0.1,476580.0,145786238.35,3.68,3.11,3.0,3.07,2.99,3.04,12.09,0.91
94,95,002133,广宇集团,2.49,3.32,0.08,127788.0,31688612.64,4.98,2.56,2.44,2.45,2.41,1.66,-15.79,0.5
95,96,001227,兰州银行,2.52,3.28,0.08,1228240.0,308212949.63,3.28,2.55,2.47,2.49,2.44,4.44,7.61,0.5
96,97,000767,晋控电力,2.55,3.24,0.08,186722.0,46733950.4,3.64,2.55,2.46,2.48,2.47,0.64,-10.43,1.36
97,98,000520,凤凰航运,2.89,3.21,0.09,610584.0,174712990.5,5.71,2.93,2.77,2.78,2.8,6.03,-98.07,5.52
98,99,601005,重庆钢铁,1.29,3.2,0.04,849589.0,108127716.0,3.2,1.29,1.25,1.27,1.25,1.01,-8.35,0.6
99,100,000573,粤宏远Ａ,2.58,3.2,0.08,140090.0,35837219.16,3.2,2.59,2.51,2.54,2.5,2.21,-122.98,1.01
100,101,000727,冠捷科技,2.26,3.2,0.07,679270.0,149679237.6,5.02,2.26,2.15,2.19,2.19,1.5,95.87,3.37
101,102,002146,荣盛发展,1.63,3.16,0.05,1209976.0,196423364.05,6.33,1.68,1.58,1.65,1.58,3.1,-11.19,0.3
102,103,300027,华谊兄弟,2.62,3.15,0.08,1058977.0,269796340.94,6.3,2.63,2.47,2.57,2.54,4.26,147.05,10.29
103,104,600067,冠城大通,2.32,3.11,0.07,133430.0,30887342.0,4.0,2.37,2.28,2.3,2.25,0.96,-59.85,0.5
104,105,002482,广田集团,1.67,3.09,0.05,199982.0,32891957.63,3.09,1.67,1.62,1.63,1.62,0.53,-26.27,9.54
105,106,002086,东方海洋,2.02,3.06,0.06,142071.0,28387044.0,4.59,2.04,1.95,1.96,1.96,1.59,-47.71,2.51
106,107,600800,渤海化学,2.38,3.03,0.07,59027.0,13885152.0,3.46,2.39,2.31,2.38,2.31,0.53,-4.19,1.27
107,108,002620,瑞和股份,3.06,3.03,0.09,93964.0,28481049.0,4.04,3.09,2.97,3.0,2.97,2.98,-6.99,7.93
108,109,000785,居然之家,2.72,3.03,0.08,469768.0,124879797.46,4.55,2.73,2.61,2.66,2.64,0.79,14.19,0.85
109,110,600654,中安科,2.39,3.02,0.07,306578.0,72528690.0,3.88,2.41,2.32,2.36,2.32,1.34,136.94,4.2
110,111,601588,北辰实业,1.71,3.01,0.05,298105.0,50677912.0,3.61,1.73,1.67,1.69,1.66,1.12,-3.9,0.49
111,112,603030,全筑股份,2.09,2.96,0.06,118285.0,24431088.0,3.94,2.11,2.03,2.07,2.03,0.9,-165.8,2.69
112,113,600022,山东钢铁,1.41,2.92,0.04,522593.0,72704689.0,2.92,1.41,1.37,1.39,1.37,0.49,-7.79,0.75
113,114,000608,阳光股份,2.14,2.88,0.06,354796.0,75495115.86,6.25,2.2,2.07,2.14,2.08,4.76,-56.09,0.66
114,115,600408,安泰集团,1.82,2.82,0.05,114579.0,20623543.0,3.95,1.83,1.76,1.79,1.77,1.14,-5.0,1.1
115,116,601916,浙商银行,2.93,2.81,0.08,1717862.0,499791241.0,2.46,2.94,2.87,2.89,2.85,0.8,5.03,0.49
116,117,600936,广西广电,2.57,2.8,0.07,85142.0,21612344.0,3.2,2.58,2.5,2.52,2.5,0.51,-5.68,3.71
117,118,002958,青农商行,2.94,2.8,0.08,851788.0,249777193.18,2.45,2.96,2.89,2.89,2.86,1.73,4.03,0.48
118,119,002247,聚力文化,1.85,2.78,0.05,209059.0,38187437.0,3.89,1.86,1.79,1.8,1.8,3.25,3.55,2.51
119,120,002157,正邦科技,2.96,2.78,0.08,563240.0,164470730.54,2.78,2.96,2.88,2.9,2.88,0.94,-107.94,2.55
120,121,300420,五洋自控,2.61,2.76,0.07,135351.0,34798688.9,4.33,2.62,2.51,2.54,2.54,1.21,-168.25,1.21
121,122,601518,吉林高速,2.63,2.73,0.07,162243.0,42158573.0,3.13,2.64,2.56,2.58,2.56,0.86,10.18,0.98
122,123,000677,恒天海龙,3.02,2.72,0.08,181790.0,54926029.5,6.12,3.13,2.95,2.95,2.94,2.1,49.85,5.35
123,124,300247,融捷健康,3.03,2.71,0.08,127662.0,37997651.52,4.07,3.03,2.91,2.97,2.95,1.59,42.48,2.33
124,125,600512,腾达建设,2.28,2.7,0.06,207498.0,46877865.0,3.15,2.29,2.22,2.25,2.22,1.31,16.75,0.58
125,126,600397,安源煤业,2.28,2.7,0.06,262314.0,59593678.0,4.5,2.31,2.21,2.27,2.22,2.65,-10.74,5.41
126,127,600726,华电能源,2.3,2.68,0.06,216328.0,49181465.0,2.68,2.3,2.24,2.25,2.24,0.79,14.44,4.31
127,128,600530,交大昂立,2.69,2.67,0.07,68702.0,18405190.0,5.73,2.76,2.61,2.63,2.62,0.89,321.94,6.99
128,129,300267,尔康制药,2.75,2.61,0.07,272883.0,73778622.1,4.48,2.76,2.64,2.7,2.68,1.92,450.16,1.18
129,130,601996,丰林集团,1.98,2.59,0.05,106595.0,20850944.0,3.63,1.99,1.92,1.95,1.93,0.95,158.03,0.81
130,131,000898,鞍钢股份,2.38,2.59,0.06,381752.0,89991769.85,3.02,2.39,2.32,2.34,2.32,0.48,-4.15,0.43
131,132,600370,三房巷,1.59,2.58,0.04,84525.0,13246162.0,3.23,1.59,1.54,1.55,1.55,0.22,-21.83,1.08
132,133,600162,香江控股,1.6,2.56,0.04,306258.0,48881068.0,3.21,1.62,1.57,1.59,1.56,0.94,62.17,0.89
133,134,002526,山东矿机,2.43,2.53,0.06,307969.0,74071983.45,2.11,2.43,2.38,2.38,2.37,1.75,24.22,1.38
134,135,600496,精工钢构,2.84,2.53,0.07,193338.0,54239215.0,3.25,2.85,2.76,2.8,2.77,0.96,10.47,0.67
135,136,002377,国创高新,2.03,2.53,0.05,108819.0,21871953.0,3.03,2.04,1.98,2.02,1.98,1.2,-69.12,3.62
136,137,002109,兴化股份,2.86,2.51,0.07,70259.0,19886866.5,3.58,2.88,2.78,2.83,2.79,0.55,-7.04,0.79
137,138,000620,新华联,1.64,2.5,0.04,373845.0,60920737.26,3.75,1.66,1.6,1.64,1.6,0.9,99.26,1.77
138,139,002426,胜利精密,2.06,2.49,0.05,819930.0,166464146.85,3.98,2.07,1.99,2.01,2.01,2.41,211.1,2.09
139,140,002175,东方智造,2.06,2.49,0.05,213713.0,43420934.4,2.99,2.06,2.0,2.03,2.01,1.67,217.6,4.49
140,141,002586,*ST围海,1.65,2.48,0.04,68573.0,11298404.0,4.35,1.69,1.62,1.63,1.61,0.76,-18.47,0.62
141,142,601866,中远海发,2.48,2.48,0.06,692470.0,170167020.0,2.48,2.49,2.43,2.45,2.42,0.84,18.8,1.13
142,143,600261,阳光照明,2.9,2.47,0.07,106077.0,30643426.0,2.47,2.92,2.85,2.86,2.83,0.79,26.48,1.14
143,144,600545,卓郎智能,1.66,2.47,0.04,182290.0,29845341.0,3.09,1.66,1.61,1.62,1.62,1.02,-20.33,0.94
144,145,002069,獐子岛,2.91,2.46,0.07,61693.0,17775603.0,2.82,2.93,2.85,2.88,2.84,0.87,-47.29,40.07
145,146,000926,福星股份,2.5,2.46,0.06,380227.0,94834711.6,4.1,2.55,2.45,2.51,2.44,2.42,52.11,0.33
146,147,600490,鹏欣资源,2.93,2.45,0.07,408759.0,118158856.0,3.5,2.94,2.84,2.88,2.86,2.05,-67.92,1.06
147,148,002689,远大智能,2.95,2.43,0.07,165081.0,47934837.0,4.17,2.96,2.84,2.92,2.88,1.58,-198.8,2.66
148,149,601933,永辉超市,2.98,2.41,0.07,2849114.0,839914100.0,7.22,3.04,2.83,2.85,2.91,3.14,49.11,4.39
149,150,002131,利欧股份,1.73,2.37,0.04,790320.0,134667355.11,4.14,1.74,1.67,1.69,1.69,1.35,-7.87,0.92
150,151,002629,仁智股份,2.23,2.29,0.05,122892.0,27059978.17,4.13,2.24,2.15,2.15,2.18,3.56,-27.68,26.25
151,152,000809,*ST和展,2.25,2.27,0.05,66388.0,14745101.5,3.18,2.26,2.19,2.21,2.2,0.8,-17.44,0.67
152,153,000980,众泰汽车,1.83,2.23,0.04,1105657.0,198358300.76,5.03,1.84,1.75,1.79,1.79,2.26,-18.17,7.41
153,154,600307,酒钢宏兴,1.41,2.17,0.03,226846.0,31603548.0,2.17,1.41,1.38,1.39,1.38,0.36,-4.56,0.96
154,155,601908,京运通,2.83,2.17,0.06,246549.0,68404562.0,3.97,2.83,2.72,2.77,2.77,1.02,-3.15,0.66
155,156,002084,海鸥住工,2.84,2.16,0.06,71396.0,20142708.32,3.6,2.87,2.77,2.8,2.78,1.1,82.12,1.15
156,157,002528,ST英飞拓,2.37,2.16,0.05,151614.0,35744459.91,3.02,2.39,2.32,2.32,2.32,1.44,-20.43,6.71
157,158,601880,辽港股份,1.43,2.14,0.03,782783.0,110814356.0,2.86,1.44,1.4,1.41,1.4,0.42,37.69,0.86
158,159,600083,*ST博信,1.91,2.14,0.04,47352.0,9054609.0,3.74,1.95,1.88,1.95,1.87,2.08,-9.68,-13.27
159,160,601828,美凯龙,2.89,2.12,0.06,367537.0,104447476.0,4.59,2.91,2.78,2.84,2.83,1.02,-5.02,0.26
160,161,000523,红棉股份,2.89,2.12,0.06,127600.0,36522116.03,2.83,2.9,2.82,2.85,2.83,0.71,70.72,3.67
161,162,002638,勤上股份,1.93,2.12,0.04,106993.0,20414762.0,3.7,1.94,1.87,1.9,1.89,0.79,-61.52,1.11
162,163,300111,向日葵,2.9,2.11,0.06,274663.0,77624782.4,5.99,2.92,2.75,2.84,2.84,2.13,1034.35,5.49
163,164,300043,星辉娱乐,2.9,2.11,0.06,300681.0,85414080.08,5.28,2.92,2.77,2.84,2.84,2.42,-10.1,2.08
164,165,600448,华纺股份,2.42,2.11,0.05,86173.0,20665087.0,2.95,2.43,2.36,2.39,2.37,1.37,911.49,1.22
165,166,300145,中金环境,2.94,2.08,0.06,469657.0,136801970.32,6.94,3.04,2.84,2.94,2.88,2.48,17.21,2.22
166,167,002122,汇洲智能,2.45,2.08,0.05,290621.0,70057625.0,4.17,2.46,2.36,2.41,2.4,1.46,42.83,2.11
167,168,000751,锌业股份,2.94,2.08,0.06,137434.0,40267788.36,2.78,2.97,2.89,2.92,2.88,0.97,75.46,1.33
168,169,601388,怡球资源,2.49,2.05,0.05,224448.0,55422796.0,2.87,2.5,2.43,2.45,2.44,1.02,39.99,1.28
169,170,600103,青山纸业,2.0,2.04,0.04,224071.0,44289132.0,2.55,2.0,1.95,1.97,1.96,1.01,40.88,1.16
170,171,002775,文科股份,3.01,2.03,0.06,139805.0,42113055.0,4.41,3.08,2.95,3.0,2.95,3.12,102.91,8.34
171,172,600844,丹化科技,2.51,2.03,0.05,81178.0,20160411.0,2.85,2.52,2.45,2.46,2.46,0.99,-11.41,6.0
172,173,600017,日照港,3.02,2.03,0.06,406520.0,121660389.0,2.36,3.03,2.96,2.98,2.96,1.32,10.7,0.69
173,174,002470,金正大,1.57,1.95,0.03,386362.0,60386385.88,3.25,1.59,1.54,1.56,1.54,1.18,15.32,2.36
174,175,600477,杭萧钢构,2.62,1.95,0.05,222799.0,57688784.0,3.5,2.63,2.54,2.59,2.57,0.94,19.41,1.18
175,176,600815,厦工股份,2.12,1.92,0.04,182157.0,38324633.0,2.88,2.13,2.07,2.11,2.08,1.03,314.12,2.48
176,177,002219,新里程,2.66,1.92,0.05,857897.0,219107843.9,8.81,2.68,2.45,2.56,2.61,2.61,75.37,3.93
177,178,000927,中国铁物,2.66,1.92,0.05,395649.0,104294451.87,2.68,2.67,2.6,2.62,2.61,0.65,29.13,1.76
178,179,600981,汇鸿集团,2.13,1.91,0.04,162872.0,34307603.0,2.87,2.13,2.07,2.1,2.09,0.73,-7.23,1.07
179,180,300198,纳川股份,2.13,1.91,0.04,618951.0,130166545.2,4.78,2.15,2.05,2.09,2.09,6.04,-28.45,3.06
180,181,000545,金浦钛业,2.15,1.9,0.04,135723.0,28835674.14,4.27,2.17,2.08,2.11,2.11,1.38,-53.04,1.55
181,182,600108,亚盛集团,2.69,1.89,0.05,149878.0,39853704.0,2.65,2.69,2.62,2.65,2.64,0.77,89.39,1.25
182,183,002506,协鑫集成,2.17,1.88,0.04,580645.0,124363131.68,3.29,2.18,2.11,2.13,2.13,0.99,146.48,5.18
183,184,600567,山鹰国际,1.63,1.88,0.03,1069178.0,173544615.0,3.13,1.65,1.6,1.63,1.6,2.16,35.45,0.55
184,185,600169,太原重工,2.18,1.87,0.04,189003.0,40802284.0,2.34,2.18,2.13,2.16,2.14,0.57,99.28,1.39
185,186,000709,河钢股份,2.18,1.87,0.04,772286.0,167487528.93,2.34,2.19,2.14,2.16,2.14,0.75,27.27,0.44
186,187,000903,云内动力,2.2,1.85,0.04,308506.0,67545753.74,2.78,2.21,2.15,2.17,2.16,1.61,-21.5,1.5
187,188,002630,华西能源,2.77,1.84,0.05,299010.0,82093163.0,2.57,2.77,2.7,2.73,2.72,2.82,26.33,5.33
188,189,300020,*ST银江,2.22,1.83,0.04,343868.0,75198208.72,4.13,2.23,2.14,2.2,2.18,4.49,-12.89,0.43
189,190,600725,云维股份,2.78,1.83,0.05,121121.0,33393185.0,2.56,2.79,2.72,2.74,2.73,0.98,-545.33,9.59
190,191,600010,包钢股份,1.68,1.82,0.03,2097683.0,349269335.0,1.82,1.68,1.65,1.66,1.65,0.67,352.82,1.47
191,192,002418,康盛股份,2.25,1.81,0.04,179721.0,40045686.69,3.62,2.26,2.18,2.22,2.21,1.58,1176.22,1.68
192,193,002397,梦洁股份,2.27,1.79,0.04,77453.0,17406007.12,3.14,2.28,2.21,2.24,2.23,1.32,42.17,1.43
193,194,002551,尚荣医疗,2.91,1.75,0.05,107958.0,31135880.64,3.85,2.94,2.83,2.87,2.86,1.77,87.63,0.94
194,195,600221,海航控股,1.17,1.74,0.02,1748495.0,202129601.0,2.61,1.17,1.14,1.16,1.15,0.53,-39.75,35.53
195,196,000552,甘肃能化,2.93,1.74,0.05,673185.0,194745666.97,3.13,2.93,2.84,2.88,2.88,1.81,8.74,0.95
196,197,601868,中国能建,2.35,1.73,0.04,3739223.0,874547470.0,3.46,2.38,2.3,2.33,2.31,1.15,17.61,0.95
197,198,600807,济南高新,2.96,1.72,0.05,81255.0,23989548.0,2.75,2.99,2.91,2.94,2.91,1.03,-44.18,13.13
198,199,002501,利源股份,1.21,1.68,0.02,438800.0,52155943.0,4.2,1.21,1.16,1.19,1.19,1.24,-28.64,4.32
199,200,002127,南极电商,3.04,1.67,0.05,319194.0,95509125.45,4.01,3.05,2.93,3.0,2.99,1.6,47.9,1.66
200,201,600179,安通控股,2.46,1.65,0.04,227653.0,55323188.0,3.31,2.47,2.39,2.42,2.42,0.61,33.69,1.01
201,202,002021,中捷资源,1.85,1.65,0.03,277170.0,51099271.0,2.2,1.86,1.82,1.83,1.82,2.3,62.57,3.51
202,203,600751,海航科技,2.48,1.64,0.04,167116.0,40866314.0,2.87,2.48,2.41,2.45,2.44,0.65,38.27,0.97
203,204,000609,*ST中迪,1.87,1.63,0.03,39743.0,7401330.0,2.72,1.89,1.84,1.86,1.84,1.37,-3.74,1.77
204,205,600423,柳化股份,2.56,1.59,0.04,48061.0,12190568.0,3.97,2.59,2.49,2.57,2.52,0.6,65.31,3.81
205,206,002239,奥特佳,2.6,1.56,0.04,499381.0,127923977.8,3.13,2.6,2.52,2.56,2.56,1.54,62.29,1.51
206,207,002132,恒星科技,2.62,1.55,0.04,99015.0,25840786.35,2.33,2.64,2.58,2.59,2.58,0.71,181.3,1.0
207,208,600157,永泰能源,1.32,1.54,0.02,4524277.0,588979768.0,3.08,1.32,1.28,1.3,1.3,2.04,12.33,0.62
208,209,601010,文峰股份,2.01,1.52,0.03,105606.0,20981218.0,2.53,2.01,1.96,2.0,1.98,0.57,25.64,0.84
209,210,002496,辉丰股份,2.04,1.49,0.03,215015.0,43568222.2,2.49,2.05,2.0,2.02,2.01,1.82,44.24,2.01
210,211,000972,中基健康,2.72,1.49,0.04,106938.0,29061750.0,2.24,2.74,2.68,2.68,2.68,1.39,88.88,9.74
211,212,600293,三峡新材,2.75,1.48,0.04,110127.0,30143095.0,2.58,2.77,2.7,2.72,2.71,0.95,48.65,1.82
212,213,600868,梅雁吉祥,2.07,1.47,0.03,161641.0,33241834.0,3.43,2.09,2.02,2.05,2.04,0.85,162.02,1.71
213,214,002172,澳洋健康,2.76,1.47,0.04,130182.0,35540320.0,3.31,2.77,2.68,2.73,2.72,1.7,28.31,16.11
214,215,000629,钒钛股份,2.76,1.47,0.04,691991.0,188832261.01,3.31,2.77,2.68,2.74,2.72,0.75,93.42,2.08
215,216,002195,岩山科技,2.77,1.47,0.04,1079712.0,294022379.6,4.03,2.78,2.67,2.73,2.73,1.92,212.84,1.61
216,217,002228,合兴包装,2.79,1.45,0.04,75466.0,20807221.93,2.91,2.8,2.72,2.78,2.75,0.62,19.38,1.09
217,218,300301,*ST长方,1.44,1.41,0.02,101108.0,14417474.22,3.52,1.45,1.4,1.41,1.42,1.28,-29.3,35.35
218,219,002721,ST金一,2.88,1.41,0.04,82770.0,23561001.7,2.11,2.88,2.82,2.82,2.84,0.31,-1031.89,3.75
219,220,002263,大东南,2.17,1.4,0.03,152160.0,32775231.0,2.8,2.18,2.12,2.16,2.14,0.81,-132.99,1.5
220,221,600688,上海石化,2.9,1.4,0.04,258121.0,74020576.0,2.1,2.9,2.84,2.86,2.86,0.35,554.57,1.25
221,222,000518,四环生物,2.23,1.36,0.03,141627.0,31252066.0,3.18,2.24,2.17,2.21,2.2,1.38,-103.81,4.88
222,223,002356,赫美集团,2.99,1.36,0.04,82438.0,24291603.8,4.07,3.01,2.89,2.95,2.95,0.63,-90.31,6.98
223,224,600808,马钢股份,2.25,1.35,0.03,354356.0,79403317.0,2.7,2.27,2.21,2.24,2.22,0.59,-7.61,0.66
224,225,002593,日上集团,3.02,1.34,0.04,79872.0,23962396.0,2.35,3.03,2.96,2.99,2.98,1.4,33.72,1.02
225,226,300108,*ST吉药,2.27,1.34,0.03,123621.0,27801365.75,4.02,2.3,2.21,2.26,2.24,1.89,-5.46,-3.61
226,227,600400,红豆股份,2.29,1.33,0.03,168973.0,38215717.0,3.1,2.3,2.23,2.25,2.26,0.74,59.46,1.8
227,228,600172,黄河旋风,2.42,1.26,0.03,154029.0,36967490.0,3.35,2.44,2.36,2.41,2.39,1.21,-7.02,1.55
228,229,600303,ST曙光,2.45,1.24,0.03,97809.0,24056162.0,2.89,2.5,2.43,2.44,2.42,1.45,-6.06,1.07
229,230,600569,安阳钢铁,1.64,1.23,0.02,113723.0,18683096.0,2.47,1.66,1.62,1.63,1.62,0.4,-1.86,1.01
230,231,600396,华电辽能,2.52,1.2,0.03,154762.0,38715832.0,2.81,2.53,2.46,2.49,2.49,1.05,15.42,7.48
231,232,600117,西宁特钢,2.53,1.2,0.03,61691.0,15410596.0,3.2,2.54,2.46,2.5,2.5,0.19,-14.02,1.62
232,233,002554,惠博普,2.56,1.19,0.03,129753.0,32959382.65,2.77,2.57,2.5,2.52,2.53,0.96,56.14,1.35
233,234,000558,莱茵体育,2.58,1.18,0.03,162737.0,41594292.0,3.53,2.6,2.51,2.58,2.55,1.26,219.94,3.05
234,235,000839,中信国安,2.61,1.16,0.03,342027.0,88448131.24,2.33,2.62,2.56,2.6,2.58,0.87,32.56,8.63
235,236,600300,维维股份,2.69,1.13,0.03,165802.0,44003553.0,3.01,2.69,2.61,2.66,2.66,1.03,14.43,1.36
236,237,600231,凌钢股份,1.8,1.12,0.02,108829.0,19399252.0,3.93,1.82,1.75,1.78,1.78,0.38,-4.92,0.75
237,238,002277,友阿股份,2.71,1.12,0.03,396109.0,104654201.18,4.85,2.72,2.59,2.69,2.68,2.84,19.21,0.56
238,239,603388,ST元成,1.81,1.12,0.02,75353.0,13464143.0,3.35,1.82,1.76,1.8,1.79,2.31,-4.52,0.53
239,240,600467,好当家,1.83,1.1,0.02,174290.0,31771391.0,2.21,1.84,1.8,1.81,1.81,1.19,49.54,0.79
240,241,002316,ST亚联,2.75,1.1,0.03,110116.0,30037653.88,2.21,2.76,2.7,2.73,2.72,3.5,119.84,16.6
241,242,000639,西王食品,2.77,1.09,0.03,115224.0,31728221.2,2.55,2.78,2.71,2.75,2.74,1.07,36.78,0.88
242,243,000564,供销大集,1.85,1.09,0.02,1724406.0,313755305.34,3.83,1.85,1.78,1.82,1.83,1.12,-400.38,2.22
243,244,601718,际华集团,2.8,1.08,0.03,371233.0,103577301.0,2.17,2.82,2.76,2.79,2.77,0.85,-326.54,0.73
244,245,002210,飞马国际,1.87,1.08,0.02,368803.0,68067776.21,3.78,1.88,1.81,1.86,1.85,1.39,74.56,15.74
245,246,600518,康美药业,1.9,1.06,0.02,1394486.0,262490387.0,2.13,1.9,1.86,1.88,1.88,1.02,835.69,3.73
246,247,002565,顺灏股份,2.85,1.06,0.03,187963.0,52907900.5,3.9,2.86,2.75,2.83,2.82,1.78,55.84,1.6
247,248,601991,大唐发电,2.86,1.06,0.03,821095.0,233842386.0,2.47,2.88,2.81,2.87,2.83,0.66,8.51,1.78
248,249,002336,*ST人乐,2.91,1.04,0.03,38710.0,11267175.91,2.78,2.96,2.88,2.9,2.88,0.88,-2.25,-1.91
249,250,600798,宁波海运,2.95,1.03,0.03,69760.0,20421705.0,1.71,2.95,2.9,2.93,2.92,0.58,-96.81,0.91
250,251,002622,皓宸医疗,1.98,1.02,0.02,230734.0,45219975.7,4.59,2.01,1.92,1.97,1.96,2.75,1502.48,3.82
251,252,603077,和邦生物,2.02,1.0,0.02,548573.0,109669348.0,3.0,2.03,1.97,2.02,2.0,0.62,46.39,0.95
252,253,000615,ST美谷,2.02,1.0,0.02,260577.0,51512944.04,6.0,2.04,1.92,1.96,2.0,3.42,-13.65,11.35
253,254,600871,石化油服,2.05,0.99,0.02,673128.0,136746026.0,1.97,2.05,2.01,2.04,2.03,0.5,43.06,4.46
254,255,002445,中南文化,2.08,0.97,0.02,339621.0,69715798.24,3.4,2.09,2.02,2.06,2.06,1.43,254.67,2.3
255,256,600226,亨通股份,2.11,0.96,0.02,138845.0,29195074.0,2.87,2.13,2.07,2.1,2.09,0.45,27.69,1.89
256,257,600691,阳煤化工,2.15,0.94,0.02,215731.0,45770862.0,3.76,2.17,2.09,2.15,2.13,0.91,-8.92,1.17
257,258,300300,ST峡创,2.17,0.93,0.02,373563.0,80273854.59,8.84,2.24,2.05,2.17,2.15,5.6,-25.6,9.1
258,259,002650,ST加加,2.19,0.92,0.02,58416.0,12645056.11,3.69,2.21,2.13,2.16,2.17,0.51,-43.26,1.22
259,260,601011,宝泰隆,2.2,0.92,0.02,373202.0,80928968.0,4.59,2.21,2.11,2.18,2.18,1.95,-11.0,0.7
260,261,000816,智慧农业,2.22,0.91,0.02,205974.0,45626433.26,2.73,2.25,2.19,2.2,2.2,1.43,95.92,1.51
261,262,002168,ST惠程,2.25,0.9,0.02,112737.0,25010029.08,3.14,2.25,2.18,2.2,2.23,1.44,-12.71,-32.71
262,263,000981,山子高科,1.16,0.87,0.01,1648303.0,187579428.96,3.48,1.16,1.12,1.15,1.15,2.53,-9.21,5.02
263,264,000656,*ST金科,1.18,0.85,0.01,954861.0,113294314.01,3.42,1.21,1.17,1.19,1.17,1.8,-0.83,-21.71
264,265,300091,金通灵,2.37,0.85,0.02,503402.0,116480605.39,6.38,2.39,2.24,2.34,2.35,3.77,-23.34,1.84
265,266,002471,中超控股,2.37,0.85,0.02,204552.0,48063178.0,3.4,2.39,2.31,2.32,2.35,1.62,-80.57,1.99
266,267,600935,华塑股份,2.39,0.84,0.02,63538.0,15131039.0,2.53,2.41,2.35,2.38,2.37,0.34,-27.46,1.35
267,268,002256,兆新股份,2.4,0.84,0.02,2342643.0,572772810.2,12.18,2.59,2.3,2.59,2.38,16.26,1122.82,3.68
268,269,002102,能特科技,2.48,0.81,0.02,221054.0,54417846.0,3.66,2.5,2.41,2.45,2.46,0.95,57.42,1.58
269,270,600166,福田汽车,2.51,0.8,0.02,788858.0,196642234.0,2.41,2.52,2.46,2.5,2.49,1.2,24.25,1.37
270,271,600617,国新能源,2.6,0.78,0.02,148426.0,38459363.0,3.1,2.63,2.55,2.58,2.58,0.84,46.14,1.41
271,272,600365,ST通葡,2.67,0.75,0.02,37820.0,10070740.0,2.64,2.69,2.62,2.64,2.65,0.9,-21.06,3.93
272,273,601778,晶科科技,2.75,0.73,0.02,471185.0,128135601.0,3.66,2.77,2.67,2.76,2.73,1.32,55.92,0.65
273,274,600387,*ST海越,2.75,0.73,0.02,26641.0,7268697.0,2.56,2.77,2.7,2.74,2.73,0.66,28.04,0.45
274,275,002485,ST雪发,2.78,0.72,0.02,9421.0,2605038.7,2.54,2.8,2.73,2.79,2.76,0.17,-38.23,1.11
275,276,000813,德展健康,2.8,0.72,0.02,211346.0,58709814.0,3.24,2.82,2.73,2.77,2.78,0.98,298.54,1.16
276,277,002652,扬子新材,2.82,0.71,0.02,144632.0,40438191.0,4.29,2.86,2.74,2.83,2.8,2.83,45.44,5.25
277,278,600828,茂业商业,2.95,0.68,0.02,110084.0,31983758.0,4.1,2.97,2.85,2.92,2.93,0.64,16.8,0.72
278,279,002269,美邦服饰,1.51,0.67,0.01,661724.0,99336967.0,2.67,1.52,1.48,1.5,1.5,2.63,24.71,6.85
279,280,002024,ST易购,1.54,0.65,0.01,149728.0,23087375.54,1.96,1.56,1.53,1.53,1.53,0.16,483.52,1.24
280,281,600898,*ST美讯,1.69,0.6,0.01,27086.0,4499464.0,5.95,1.7,1.6,1.6,1.68,1.07,-10.82,-4.57
281,282,300167,*ST迪威,1.78,0.56,0.01,153832.0,27159015.25,3.95,1.8,1.73,1.77,1.77,4.34,-12.58,-16.18
282,283,002750,*ST龙津,2.03,0.5,0.01,46259.0,9317273.0,1.98,2.03,1.99,2.0,2.02,1.16,-96.24,1.6
283,284,002490,ST墨龙,2.13,0.47,0.01,73670.0,15697746.0,3.3,2.17,2.1,2.1,2.12,1.36,4.99,2.86
284,285,002437,誉衡药业,2.13,0.47,0.01,369902.0,78477138.82,3.3,2.15,2.08,2.13,2.12,1.69,19.44,2.51
285,286,300338,*ST开元,2.24,0.45,0.01,176359.0,38677619.0,5.83,2.25,2.12,2.2,2.23,5.12,-25.03,-7.04
286,287,000008,神州高铁,2.27,0.44,0.01,453736.0,102378974.0,2.65,2.28,2.22,2.26,2.26,1.69,-17.66,1.82
287,288,688538,和辉光电-U,2.41,0.42,0.01,545985.0,129881108.0,3.75,2.42,2.33,2.41,2.4,0.95,-13.04,2.95
288,289,300013,*ST新宁,2.81,0.36,0.01,137258.0,38276615.06,5.36,2.87,2.72,2.75,2.8,3.08,-37.02,-8.17
289,290,603608,*ST天创,2.88,0.35,0.01,6400.0,1834326.0,1.39,2.88,2.84,2.86,2.87,0.15,-64.03,1.11
290,291,600831,ST广网,2.25,0.0,0.0,141376.0,31448648.0,4.0,2.26,2.17,2.25,2.25,1.99,-2.2,0.58
291,292,600811,东方集团,1.74,0.0,0.0,1567904.0,268233362.0,4.6,1.76,1.68,1.7,1.74,4.29,34.69,0.38
292,293,600777,ST新潮,1.85,0.0,0.0,409233.0,75544565.0,1.62,1.86,1.83,1.84,1.85,0.64,5.37,0.59
293,294,600527,江南高纤,1.65,0.0,0.0,263087.0,43025558.0,4.24,1.67,1.6,1.64,1.65,1.52,70.36,1.33
294,295,600227,赤天化,1.92,0.0,0.0,265381.0,50378625.0,4.69,1.95,1.86,1.91,1.92,2.08,-44.24,1.24
295,296,600190,ST锦港,,,,,,,,,,1.47,0.0,33.44,0.44
296,297,600136,ST明诚,1.4,0.0,0.0,99851.0,13978502.0,2.86,1.42,1.38,1.39,1.4,0.51,-66.01,8.11
297,298,300163,ST先锋,1.95,0.0,0.0,183007.0,35534891.67,5.13,2.0,1.9,1.97,1.95,4.4,42.63,1.83
298,299,002321,华英农业,1.84,0.0,0.0,209865.0,38241657.0,4.35,1.87,1.79,1.83,1.84,0.99,109.34,3.91
299,300,000889,ST中嘉,1.91,0.0,0.0,146623.0,27797131.72,3.14,1.93,1.87,1.9,1.91,1.69,-61.69,14.75
300,301,000882,华联股份,1.48,0.0,0.0,640718.0,93610232.96,4.05,1.49,1.43,1.45,1.48,2.34,84.06,0.58
301,302,000711,*ST京蓝,1.7,0.0,0.0,90853.0,15319325.8,1.76,1.7,1.67,1.68,1.7,0.77,-46.06,7.17
302,303,000669,ST金鸿,1.41,0.0,0.0,55647.0,7804727.0,2.84,1.42,1.38,1.41,1.41,0.82,-5.18,5.92
303,304,000622,*ST恒立,1.51,0.0,0.0,88242.0,13371935.0,5.3,1.55,1.47,1.52,1.51,2.08,-27.6,3.75
304,305,000506,*ST中润,,,,,,,,,,1.45,0.0,-12.26,2.12
305,306,000040,ST旭蓝,1.21,0.0,0.0,269140.0,32203628.0,2.48,1.21,1.18,1.21,1.21,2.54,-9.69,0.16
306,307,600608,ST沪科,2.61,-0.38,-0.01,36128.0,9498344.0,3.05,2.68,2.6,2.63,2.62,1.13,514.37,19.36
307,308,603879,ST永悦,2.39,-0.42,-0.01,27546.0,6596408.0,2.08,2.42,2.37,2.4,2.4,0.77,-17.22,2.2
308,309,002259,ST升达,2.29,-0.43,-0.01,27293.0,6215824.8,1.74,2.3,2.26,2.29,2.3,0.36,-19.85,8.54
309,310,603557,ST起步,1.94,-0.51,-0.01,32878.0,6367864.0,1.54,1.96,1.93,1.95,1.95,0.61,-16.92,-524.69
310,311,603959,ST百利,1.71,-0.58,-0.01,83781.0,14317748.0,2.91,1.74,1.69,1.7,1.72,1.71,-3.12,2.06
311,312,300117,*ST嘉寓,1.4,-0.71,-0.01,215769.0,30176228.06,4.26,1.43,1.37,1.39,1.41,3.01,-3.03,-0.61
312,313,603963,*ST大药,2.75,-0.72,-0.02,26439.0,7250795.0,2.89,2.79,2.71,2.75,2.77,1.2,-24.85,1.64
313,314,002310,*ST东园,1.34,-0.74,-0.01,742438.0,100747588.91,4.44,1.39,1.33,1.36,1.35,2.76,-1.58,-2.7
314,315,600568,ST中珠,1.2,-0.83,-0.01,103863.0,12407878.0,2.48,1.21,1.18,1.21,1.21,0.62,-18.31,1.03
315,316,002141,*ST贤丰,1.18,-0.84,-0.01,167298.0,19685175.5,4.2,1.2,1.15,1.18,1.19,1.62,111.95,1.3
316,317,002425,ST凯文,1.99,-1.0,-0.02,327717.0,64701528.6,2.49,2.0,1.95,1.99,2.01,3.43,-20.39,0.54
317,318,002374,中锐股份,2.31,-1.28,-0.03,599689.0,138302363.15,8.12,2.41,2.22,2.3,2.34,5.51,-20.58,2.22
318,319,002251,*ST步高,2.91,-1.36,-0.04,131919.0,37940112.74,3.39,2.92,2.82,2.84,2.95,0.87,-50.24,0.86
319,320,600289,*ST信通,1.42,-1.39,-0.02,65295.0,9317599.0,4.86,1.47,1.4,1.46,1.44,1.15,55.06,1.28
320,321,002217,*ST合泰,1.3,-1.52,-0.02,462514.0,60541201.0,3.79,1.34,1.29,1.33,1.32,1.48,-2.46,-0.55
321,322,600666,奥瑞德,1.91,-1.55,-0.03,881139.0,166453762.0,5.67,1.94,1.83,1.86,1.94,3.64,-500.04,5.0
322,323,000717,中南股份,2.53,-1.56,-0.04,971873.0,240852371.21,7.39,2.58,2.39,2.48,2.57,4.01,-6.83,0.71
323,324,002005,ST德豪,1.26,-1.56,-0.02,105322.0,13342182.08,3.13,1.29,1.25,1.28,1.28,0.6,-27.44,6.38
324,325,600759,洲际油气,2.45,-1.61,-0.04,253894.0,61917991.0,2.81,2.48,2.41,2.46,2.49,0.61,46.6,1.23
325,326,002656,ST摩登,1.06,-1.85,-0.02,90512.0,9557921.0,3.7,1.08,1.04,1.06,1.08,1.49,-6.1,2.44
326,327,600462,*ST九有,1.3,-2.26,-0.03,80845.0,10600570.0,4.51,1.35,1.29,1.34,1.33,1.35,36.57,79.42
327,328,002124,ST天邦,2.44,-2.4,-0.06,705904.0,172271693.55,4.0,2.49,2.39,2.48,2.5,3.58,3.22,1.77
328,329,000584,*ST工智,1.96,-2.49,-0.05,209995.0,41927752.92,3.98,2.04,1.96,2.0,2.01,2.77,156.69,2.72
329,330,600381,ST春天,2.53,-2.69,-0.07,118518.0,29502422.0,4.23,2.58,2.47,2.55,2.6,2.02,-12.4,1.25
330,331,002309,*ST中利,1.97,-2.96,-0.06,100614.0,19905265.0,5.42,2.04,1.93,2.04,2.03,1.16,-3.23,-2.12
331,332,600165,*ST宁科,1.84,-3.66,-0.07,246270.0,45093885.0,4.19,1.89,1.81,1.87,1.91,3.6,-1.48,-4.27
332,333,600804,*ST鹏博,1.31,-3.68,-0.05,376655.0,49435422.0,6.62,1.38,1.29,1.36,1.36,2.7,-4.08,3.19
333,334,000659,珠海中富,2.58,-3.73,-0.1,402841.0,104289771.14,8.58,2.73,2.5,2.68,2.68,3.13,-160.34,10.54
334,335,002808,ST恒久,2.03,-3.79,-0.08,160901.0,32502844.44,4.27,2.09,2.0,2.06,2.11,8.63,-21.15,1.68
335,336,002348,高乐股份,2.79,-3.79,-0.11,221253.0,60477208.56,4.48,2.81,2.68,2.75,2.9,2.49,-36.9,5.52
336,337,603828,ST柯利达,2.13,-4.91,-0.11,279844.0,61650496.0,9.82,2.35,2.13,2.35,2.24,4.7,45.32,1.7
