,序号,代码,名称,最新价,涨跌幅,涨跌额,成交量,成交额,振幅,最高,最低,今开,昨收,换手率,市盈率-动态,市净率
0,1,300489,光智科技,27.34,20.02,4.56,4701,12851987.2,0.0,27.34,27.34,27.34,22.78,0.34,-53.15,6.58
1,2,301357,北方长龙,35.59,19.99,5.93,59300,205599089.17,11.36,35.59,32.22,32.6,29.66,24.92,-408.39,2.99
2,3,300581,晨曦航空,10.91,18.97,1.74,502652,530657737.93,15.7,11.0,9.56,9.56,9.17,9.14,-118.22,6.0
3,4,300722,新余国科,32.0,15.94,4.4,227468,698631262.02,14.02,32.5,28.63,29.48,27.6,8.22,101.36,14.87
4,5,300227,光韵达,7.88,14.04,0.97,367638,274439490.04,15.48,7.98,6.91,7.04,6.91,8.91,145.98,2.46
5,6,300900,广联航空,22.5,13.12,2.61,244642,530923278.17,11.76,22.64,20.3,20.3,19.89,11.23,81.85,4.58
6,7,300563,神宇股份,54.01,13.06,6.24,315316,1630894623.37,15.68,54.66,47.17,48.58,47.77,25.63,83.87,9.38
7,8,300424,航新科技,15.44,10.92,1.52,227931,340866172.29,10.78,15.59,14.09,14.09,13.92,9.52,114.99,4.97
8,9,600203,福日电子,7.92,10.0,0.72,674080,524072771.0,10.0,7.92,7.2,7.21,7.2,11.37,-25.11,2.41
9,10,000801,四川九洲,10.12,10.0,0.92,403507,390630752.68,8.7,10.12,9.32,9.4,9.2,3.95,76.39,3.54
10,11,000697,炼石航空,7.71,9.99,0.7,361245,274577091.91,11.41,7.71,6.91,7.04,7.01,6.41,-25.31,22.56
11,12,603261,立航科技,30.07,9.99,2.73,46826,136667732.0,9.18,30.07,27.56,27.56,27.34,17.81,-48.29,2.96
12,13,300159,新研股份,3.01,9.85,0.27,1445689,434148772.99,14.6,3.2,2.8,2.8,2.74,9.82,-16.5,-44.55
13,14,600316,洪都航空,26.1,9.66,2.3,255178,643586948.0,10.08,26.13,23.73,23.73,23.8,3.56,2640.31,3.54
14,15,301586,佳力奇,53.32,9.64,4.69,47372,247055899.43,8.43,54.78,50.68,50.68,48.63,24.08,35.94,3.58
15,16,301517,陕西华达,52.66,9.34,4.5,35421,178742201.76,8.55,52.82,48.7,49.5,48.16,15.86,115.11,4.25
16,17,300965,*ST恒宇,31.76,8.92,2.6,10178,31854309.0,15.5,33.69,29.17,29.5,29.16,6.2,105.46,1.56
17,18,688210,统联精密,20.63,8.69,1.65,49628,98152815.0,8.69,20.65,19.0,19.19,18.98,4.63,39.82,2.7
18,19,688066,航天宏图,18.77,8.69,1.5,141049,254509038.0,8.22,18.77,17.35,17.64,17.27,5.4,-13.28,2.44
19,20,300447,全信股份,14.14,7.69,1.01,82727,114121795.06,7.08,14.18,13.25,13.25,13.13,4.11,51.76,2.17
20,21,300696,爱乐达,17.4,7.67,1.24,158776,270180892.16,6.68,17.48,16.4,16.71,16.16,8.52,-145.02,2.77
21,22,300342,天银机电,16.57,7.67,1.18,305044,487313215.59,7.28,16.62,15.5,15.6,15.39,7.3,105.6,4.65
22,23,300045,华力创通,22.18,7.57,1.56,444825,945918468.56,7.86,22.26,20.64,20.8,20.62,9.15,2600.08,8.44
23,24,300496,中科创达,60.87,7.41,4.2,300551,1696309313.15,14.47,62.1,53.9,57.0,56.67,8.21,133.91,2.95
24,25,688270,臻镭科技,29.17,7.24,1.97,71256,201590809.0,7.1,29.36,27.43,27.69,27.2,4.94,554.55,2.95
25,26,300101,振芯科技,17.47,7.11,1.16,177779,299107300.43,7.6,17.55,16.31,16.45,16.31,3.16,102.84,5.59
26,27,688597,煜邦电力,9.26,7.05,0.61,32767,29388267.0,6.94,9.28,8.68,8.89,8.65,1.33,29.53,2.86
27,28,603766,隆鑫通用,8.11,6.85,0.52,342596,269380190.0,8.04,8.13,7.52,7.63,7.59,1.67,14.13,1.93
28,29,300213,佳讯飞鸿,7.6,6.74,0.48,293889,215540015.1,7.44,7.63,7.1,7.13,7.12,5.33,84.91,2.04
29,30,688636,智明达,26.15,6.65,1.63,25578,65419269.0,6.53,26.25,24.65,24.65,24.52,2.27,864.77,2.72
30,31,600435,北方导航,10.84,6.59,0.67,378392,400529290.0,6.1,10.88,10.26,10.34,10.17,2.52,-109.73,6.26
31,32,002389,航天彩虹,17.36,6.44,1.05,298052,505191290.66,5.4,17.4,16.52,16.75,16.31,3.01,131.03,2.15
32,33,603712,七一二,17.95,6.28,1.06,183835,318856216.0,6.51,18.0,16.9,17.28,16.89,2.38,103.51,2.95
33,34,688297,中无人机,38.51,6.21,2.25,81585,307320989.0,6.15,38.66,36.43,37.04,36.26,3.0,-338.52,4.56
34,35,688070,纵横股份,32.57,6.09,1.87,16182,51454660.0,6.48,32.71,30.72,31.0,30.7,1.85,-26.9,5.16
35,36,300322,硕贝德,12.74,6.08,0.73,348038,424335174.28,8.74,12.8,11.75,11.92,12.01,7.82,956.57,5.73
36,37,000099,中信海直,17.81,6.01,1.01,450632,783430618.02,6.43,17.88,16.8,16.8,16.8,5.81,52.17,2.67
37,38,002985,北摩高科,22.33,5.93,1.25,48295,105369992.03,4.7,22.35,21.36,21.36,21.08,2.33,55.59,2.9
38,39,603660,苏州科达,6.45,5.91,0.36,216326,136608028.0,6.08,6.47,6.1,6.23,6.09,4.38,-6.26,4.54
39,40,301067,显盈科技,24.37,5.86,1.35,24974,59300701.8,5.78,24.43,23.1,23.4,23.02,4.46,-398.11,2.84
40,41,002190,成飞集成,16.56,5.68,0.89,75264,123106279.21,5.74,16.65,15.75,15.81,15.67,2.1,-111.68,1.99
41,42,002984,森麒麟,26.68,5.62,1.42,188556,491975988.16,6.61,26.87,25.2,25.51,25.26,2.7,12.75,2.27
42,43,300414,中光防雷,8.28,5.61,0.44,75475,60917508.0,6.38,8.3,7.8,7.9,7.84,2.41,533.21,2.77
43,44,301326,捷邦科技,37.59,5.59,1.99,20639,75628202.0,5.73,37.61,35.57,36.44,35.6,7.68,-240.05,2.09
44,45,001696,宗申动力,14.59,5.5,0.76,707986,1002538497.93,7.38,14.66,13.64,13.9,13.83,7.94,29.63,3.47
45,46,300466,赛摩智能,8.08,5.48,0.42,231100,181060922.8,10.18,8.25,7.47,7.5,7.66,5.5,793.02,5.28
46,47,002036,联创电子,8.89,5.46,0.46,814268,690787825.69,8.66,8.94,8.21,8.27,8.43,7.73,-73.08,3.56
47,48,688287,观典防务,4.97,5.3,0.25,74998,36665449.0,5.72,5.02,4.75,4.75,4.72,2.02,-22.39,1.97
48,49,600760,中航沈飞,47.73,5.25,2.38,274300,1294839963.0,4.83,47.96,45.77,46.0,45.35,1.0,40.64,8.36
49,50,300044,赛为智能,5.11,5.14,0.25,353712,175974645.53,5.76,5.13,4.85,4.86,4.86,4.63,-512.28,6.18
50,51,002829,星网宇达,19.67,5.13,0.96,115188,220887268.68,5.93,19.72,18.61,18.88,18.71,8.05,-124.59,2.14
51,52,600775,南京熊猫,8.63,5.12,0.42,221082,185796977.0,5.72,8.64,8.17,8.25,8.21,3.29,-57.82,2.44
52,53,002413,雷科防务,4.33,5.1,0.21,336201,143777415.89,4.85,4.35,4.15,4.17,4.12,2.69,-43.26,1.54
53,54,600782,新钢股份,3.72,5.08,0.18,996717,362390945.0,5.65,3.74,3.54,3.54,3.54,3.17,-77.52,0.45
54,55,688084,晶品特装,45.51,5.08,2.2,6783,30568548.0,8.43,46.53,42.88,43.6,43.31,1.88,-87.09,2.11
55,56,300157,新锦动力,2.91,5.05,0.14,213875,60367833.0,5.42,2.91,2.76,2.79,2.77,3.04,-14.48,-10.76
56,57,002536,飞龙股份,10.63,5.04,0.51,203262,215317001.02,7.31,10.9,10.16,10.17,10.12,3.79,16.62,1.89
57,58,002414,高德红外,7.36,4.99,0.35,486228,348618836.91,5.71,7.39,6.99,7.03,7.01,1.43,874.59,4.64
58,59,300656,民德电子,22.54,4.98,1.07,28781,63054993.15,7.64,22.8,21.16,21.69,21.47,2.3,-250.32,3.43
59,60,300826,测绘股份,14.75,4.91,0.69,52070,74692886.7,6.26,14.79,13.91,14.17,14.06,3.42,128.06,1.94
60,61,002138,顺络电子,28.34,4.85,1.31,113484,310002074.48,6.4,28.34,26.61,27.1,27.03,1.5,31.05,3.86
61,62,002352,顺丰控股,43.75,4.84,2.02,395150,1701330394.6,4.58,43.98,42.07,42.07,41.73,0.83,21.92,2.38
62,63,688568,中科星图,37.74,4.83,1.74,58090,213471559.0,6.33,37.81,35.53,36.4,36.0,1.07,161.22,5.83
63,64,002933,新兴装备,28.29,4.78,1.29,49835,140499315.47,5.07,28.77,27.4,27.53,27.0,4.37,161.75,2.23
64,65,002148,北纬科技,5.36,4.69,0.24,196849,103063971.0,5.66,5.39,5.1,5.11,5.12,4.38,141.77,2.48
65,66,600212,绿能慧充,5.17,4.66,0.23,81415,41286125.0,4.86,5.19,4.95,5.08,4.94,1.59,1767.04,6.8
66,67,002388,新亚制程,4.73,4.65,0.21,220768,102960574.98,5.09,4.78,4.55,4.61,4.52,4.42,120.55,1.99
67,68,300699,光威复材,32.35,4.52,1.4,155240,492708272.45,5.65,32.45,30.7,31.35,30.95,1.89,36.51,4.75
68,69,300903,科翔股份,8.1,4.52,0.35,118853,93971380.77,4.65,8.11,7.75,7.76,7.75,3.61,-17.07,1.6
69,70,002151,北斗星通,27.8,4.51,1.2,115071,312891640.6,4.89,27.85,26.55,26.75,26.6,2.61,-171.84,2.77
70,71,300627,华测导航,36.48,4.41,1.54,97660,345217430.43,5.81,36.5,34.47,34.94,34.94,2.16,39.79,6.22
71,72,000547,航天发展,7.61,4.39,0.32,311337,233128317.19,4.25,7.64,7.33,7.43,7.29,1.96,-16.73,1.87
72,73,300079,数码视讯,5.48,4.38,0.23,447338,238580455.19,5.9,5.5,5.19,5.28,5.25,3.49,6669.49,1.86
73,74,002214,大立科技,12.67,4.37,0.53,68200,84401125.8,4.61,12.7,12.14,12.28,12.14,1.42,-19.37,4.41
74,75,300350,华鹏飞,5.51,4.36,0.23,179423,97030617.13,4.55,5.54,5.3,5.31,5.28,3.8,65.97,3.35
75,76,600148,长春一东,17.31,4.34,0.72,79309,134948268.0,7.53,17.45,16.2,16.6,16.59,5.6,1810.55,5.2
76,77,600893,航发动力,41.65,4.28,1.71,261969,1086514994.0,3.98,42.09,40.5,40.69,39.94,0.98,93.34,2.8
77,78,605118,力鼎光电,15.86,4.27,0.65,22789,35186625.0,5.65,15.9,15.04,15.45,15.21,0.56,41.23,4.5
78,79,603308,应流股份,12.28,4.24,0.5,94149,113177314.0,4.58,12.32,11.78,11.99,11.78,1.39,27.44,1.82
79,80,000701,厦门信达,4.22,4.2,0.17,135730,55983663.1,4.44,4.22,4.04,4.05,4.05,2.12,-24.7,8.03
80,81,300324,旋极信息,3.06,4.08,0.12,710412,212649182.36,5.44,3.08,2.92,2.95,2.94,4.16,-23.07,1.74
81,82,688307,中润光学,21.41,4.03,0.83,10452,21827683.0,5.3,21.47,20.38,20.8,20.58,1.83,46.26,2.29
82,83,002297,博云新材,6.74,4.01,0.26,82636,55227798.3,3.24,6.78,6.57,6.58,6.48,1.44,836.22,1.82
83,84,002111,威海广泰,10.71,3.98,0.41,94139,99144664.52,3.79,10.75,10.36,10.4,10.3,1.98,26.49,1.87
84,85,002097,山河智能,6.29,3.97,0.24,177088,109310127.36,4.13,6.31,6.06,6.07,6.05,1.65,99.01,1.48
85,86,600879,航天电子,8.4,3.96,0.32,574570,475245049.0,3.47,8.41,8.13,8.15,8.08,1.78,55.55,1.35
86,87,600038,中直股份,41.15,3.91,1.55,65753,266682738.0,3.54,41.2,39.8,40.06,39.6,1.12,56.7,2.11
87,88,300456,赛微电子,19.18,3.79,0.7,268349,496561712.81,7.47,19.28,17.9,18.57,18.48,4.52,-164.57,2.77
88,89,002313,日海智能,7.19,3.75,0.26,82109,58069245.1,4.47,7.21,6.9,7.06,6.93,2.19,-35.4,16.68
89,90,300516,久之洋,36.81,3.72,1.32,40890,149541319.5,5.04,37.49,35.7,35.9,35.49,2.27,197.64,5.21
90,91,688509,正元地信,3.72,3.62,0.13,81439,29583870.0,4.18,3.72,3.57,3.58,3.59,2.12,-24.01,2.02
91,92,688508,芯朋微,41.72,3.6,1.45,36051,144283604.0,7.03,41.73,38.9,40.38,40.27,2.75,62.36,2.26
92,93,002361,神剑股份,3.46,3.59,0.12,118302,40338104.0,3.29,3.46,3.35,3.35,3.34,1.48,91.94,1.49
93,94,688379,华光新材,17.19,3.55,0.59,12043,20208725.0,5.36,17.29,16.4,16.68,16.6,1.35,17.1,1.62
94,95,002236,大华股份,16.47,3.52,0.56,470785,760532753.81,3.96,16.5,15.87,15.9,15.91,2.24,14.98,1.56
95,96,002579,中京电子,7.68,3.5,0.26,130136,97296478.4,5.26,7.69,7.3,7.42,7.42,2.24,-32.22,1.94
96,97,603232,格尔软件,12.26,3.46,0.41,71300,85190491.0,5.23,12.28,11.66,11.9,11.85,3.08,-28.7,2.16
97,98,300221,银禧科技,5.84,3.36,0.19,167816,96175204.0,4.25,5.85,5.61,5.72,5.65,3.71,53.27,2.08
98,99,300177,中海达,10.93,3.31,0.35,927568,970833513.78,9.64,11.03,10.01,10.14,10.58,15.3,-110.29,4.97
99,100,300353,东土科技,11.25,3.31,0.36,214607,236035560.22,5.51,11.32,10.72,10.85,10.89,4.11,-37.14,3.4
100,101,300188,国投智能,14.47,3.28,0.46,174063,245737359.74,5.0,14.49,13.79,14.08,14.01,2.23,-48.74,3.27
101,102,002415,海康威视,30.6,3.27,0.97,660106,1994081385.16,4.05,30.71,29.51,29.63,29.63,0.72,27.9,3.83
102,103,301567,贝隆精密,49.64,3.27,1.57,12374,59976644.1,5.03,49.65,47.23,47.57,48.07,6.87,101.15,4.94
103,104,000021,深科技,16.2,3.25,0.51,409886,646731065.44,5.29,16.25,15.42,15.73,15.69,2.63,35.08,2.29
104,105,002886,沃特股份,14.03,3.24,0.44,62647,86392325.6,4.19,14.06,13.49,13.58,13.59,3.01,124.32,2.11
105,106,002929,润建股份,29.83,3.22,0.93,50739,147938937.8,4.6,29.83,28.5,29.17,28.9,2.38,17.82,1.36
106,107,301131,聚赛龙,33.48,3.21,1.04,7658,25007742.0,4.62,33.5,32.0,32.44,32.44,3.32,55.07,1.99
107,108,603068,博通集成,23.57,3.2,0.73,44281,101712241.0,5.34,23.65,22.43,23.02,22.84,2.94,-45.47,2.14
108,109,002992,宝明科技,45.34,3.14,1.38,23748,105387841.8,4.66,45.45,43.4,43.98,43.96,1.51,-88.94,10.84
109,110,300095,华伍股份,6.73,3.06,0.2,47776,31843736.77,3.06,6.78,6.58,6.58,6.53,1.42,60.01,1.38
110,111,301565,中仑新材,20.74,3.03,0.61,57666,116476275.02,5.41,20.82,19.73,20.16,20.13,10.23,41.42,3.56
111,112,600118,中国卫星,25.53,3.03,0.75,135873,341833846.0,3.83,25.56,24.61,24.85,24.78,1.15,1775.55,4.79
112,113,002611,东方精工,5.81,3.01,0.17,305818,174836505.61,3.72,5.82,5.61,5.63,5.64,3.07,21.61,1.52
113,114,301508,中机认检,38.42,3.0,1.12,80433,306772737.19,5.66,39.1,36.99,36.99,37.3,17.79,63.67,4.64
114,115,002660,茂硕电源,8.12,2.92,0.23,56282,45040419.0,3.04,8.13,7.89,7.91,7.89,2.19,43.81,2.29
115,116,002383,合众思壮,7.44,2.9,0.21,184931,135878040.32,3.18,7.45,7.22,7.23,7.23,3.0,-47.69,3.0
116,117,002845,同兴达,12.85,2.88,0.36,70290,88426357.16,4.48,12.87,12.31,12.51,12.49,2.81,117.37,1.56
117,118,301596,瑞迪智驱,73.28,2.83,2.02,10446,74547002.0,5.89,73.33,69.13,70.78,71.26,7.58,40.01,5.17
118,119,603373,安邦护卫,28.93,2.81,0.79,13641,38833857.0,3.48,28.98,28.0,28.19,28.14,5.07,29.42,1.81
119,120,300403,汉宇集团,7.73,2.79,0.21,114927,86901125.5,4.79,7.74,7.38,7.6,7.52,2.72,19.96,2.44
120,121,603970,中农立华,14.09,2.7,0.37,21776,30201388.0,3.94,14.1,13.56,13.76,13.72,0.81,11.98,2.56
121,122,301040,中环海陆,13.47,2.59,0.34,36661,48358973.0,5.1,13.52,12.85,13.32,13.13,5.14,-18.27,1.47
122,123,002241,歌尔股份,22.7,2.58,0.57,596690,1332982655.53,3.62,22.78,21.98,22.15,22.13,1.98,31.66,2.49
123,124,002298,中电兴发,4.46,2.53,0.11,197647,86575500.98,3.91,4.47,4.3,4.33,4.35,3.02,-4.95,1.01
124,125,000070,ST特信,4.47,2.52,0.11,152832,67364902.33,2.52,4.47,4.36,4.38,4.36,1.72,-776.98,2.11
125,126,000821,京山轻机,11.72,2.45,0.28,139685,159659588.24,4.98,11.75,11.18,11.44,11.44,2.31,13.51,1.89
126,127,605056,咸亨国际,11.33,2.44,0.27,32453,35908610.0,4.7,11.35,10.83,11.07,11.06,0.8,54.77,3.0
127,128,600353,旭光电子,6.31,2.44,0.15,147930,91117591.0,4.06,6.31,6.06,6.16,6.16,1.78,46.63,2.96
128,129,300007,汉威科技,16.17,2.34,0.37,145138,227904673.44,6.33,16.22,15.22,15.77,15.8,5.13,51.3,1.86
129,130,300691,联合光电,18.88,2.33,0.43,59661,109958434.62,5.64,18.93,17.89,18.45,18.45,3.09,89.89,3.14
130,131,300690,双一科技,21.35,2.25,0.47,69252,144619784.6,5.7,21.44,20.25,20.96,20.88,6.29,75.03,2.5
131,132,002560,通达股份,5.98,2.22,0.13,67554,40042736.41,2.22,5.98,5.85,5.9,5.85,1.49,42.74,1.21
132,133,688400,凌云光,19.88,2.21,0.43,46912,90623772.0,5.04,19.92,18.94,19.46,19.45,1.96,52.8,2.32
133,134,000009,中国宝安,9.05,2.14,0.19,178810,158724796.05,3.84,9.08,8.74,8.9,8.86,0.7,59.61,2.34
134,135,002526,山东矿机,2.42,2.11,0.05,309469,74436479.45,2.11,2.43,2.38,2.38,2.37,1.76,24.12,1.38
135,136,688248,南网科技,33.4,1.98,0.65,33667,110137224.0,4.03,33.4,32.08,32.92,32.75,1.47,51.12,6.72
136,137,688333,铂力特,49.92,1.69,0.83,50253,247148418.0,6.17,50.6,47.57,50.0,49.09,1.85,76.92,2.79
137,138,002466,天齐锂业,33.9,1.47,0.49,351859,1170950962.59,4.07,33.94,32.58,33.33,33.41,2.38,-5.34,1.25
138,139,601127,赛力斯,93.18,1.06,0.98,445960,4077330463.0,4.75,93.48,89.1,92.09,92.2,2.95,43.3,10.62
139,140,688282,*ST导航,25.21,1.04,0.26,4099,10367261.0,4.77,25.79,24.6,25.23,24.95,1.12,-36.24,1.73
140,141,300091,金通灵,2.37,0.85,0.02,505313,116932786.39,6.38,2.39,2.24,2.34,2.35,3.79,-23.34,1.84
141,142,002254,泰和新材,9.71,0.83,0.08,96486,92832861.97,2.91,9.75,9.47,9.63,9.63,1.19,35.7,1.19
142,143,600596,新安股份,8.1,0.62,0.05,109095,87546271.0,2.86,8.13,7.9,8.07,8.05,0.84,41.66,0.86
143,144,000711,*ST京蓝,1.7,0.0,0.0,90853,15319325.8,1.76,1.7,1.67,1.68,1.7,0.77,-46.06,7.17
144,145,603879,ST永悦,2.39,-0.42,-0.01,27546,6596408.0,2.08,2.42,2.37,2.4,2.4,0.77,-17.22,2.2
145,146,605168,三人行,29.7,-0.8,-0.24,56528,163782553.0,6.91,30.37,28.3,30.28,29.94,2.66,24.26,2.26
146,147,301007,德迈仕,15.44,-0.9,-0.14,135040,200895923.59,5.91,15.47,14.55,14.55,15.58,8.99,45.56,3.68
147,148,688772,珠海冠宇,16.08,-0.92,-0.15,209818,331493929.0,4.13,16.14,15.47,15.95,16.23,2.72,89.04,2.83
148,149,688002,睿创微纳,45.59,-1.64,-0.76,142449,633423187.0,7.55,46.2,42.7,46.16,46.35,3.18,45.57,4.34
