,序号,代码,名称,最新价,涨跌幅,涨跌额,成交量,成交额,振幅,最高,最低,今开,昨收,换手率,市盈率-动态,市净率
0,1,836149,旭杰科技,8.73,17.65,1.31,79008,65278213.92,20.75,8.98,7.44,7.64,7.42,16.5,33.6,3.39
1,2,300715,凯伦股份,8.02,11.54,0.83,55670,42691065.6,11.96,8.08,7.22,7.29,7.19,1.63,198.81,1.33
2,3,300737,科顺股份,5.77,10.75,0.56,311901,170913652.68,10.36,5.81,5.27,5.32,5.21,3.62,34.45,1.27
3,4,002271,东方雨虹,14.08,9.91,1.27,1071386,1446027376.3,9.06,14.09,12.93,13.21,12.81,5.54,18.18,1.32
4,5,301027,华蓝集团,9.95,9.7,0.88,120083,115671173.3,7.94,9.98,9.26,9.38,9.07,10.16,-35.61,1.56
5,6,873665,科强股份,8.93,9.44,0.77,31326,27223305.65,7.11,8.96,8.38,8.5,8.16,8.04,15.23,1.69
6,7,300746,汉嘉设计,15.91,8.97,1.31,191154,288660471.0,10.14,15.96,14.48,14.7,14.6,8.62,482.7,3.04
7,8,688408,中信博,82.78,8.21,6.28,31479,248299906.0,9.57,83.29,75.97,78.0,76.5,1.56,36.22,5.51
8,9,300732,设研院,8.13,7.68,0.58,172534,136489538.66,7.55,8.2,7.63,7.68,7.55,5.33,-15.07,0.97
9,10,300956,英力股份,17.91,6.93,1.16,106970,184570791.82,7.46,17.97,16.72,16.86,16.75,11.95,315.16,2.32
10,11,300118,东方日升,12.63,6.22,0.74,517382,641802607.39,6.9,12.78,11.96,12.08,11.89,5.58,-7.48,1.03
11,12,301024,霍普股份,23.56,6.22,1.38,13223,30447906.5,5.95,23.67,22.35,22.61,22.18,7.45,-39.21,2.95
12,13,600502,安徽建工,5.11,6.02,0.29,702250,351234037.0,5.6,5.15,4.88,4.98,4.82,4.09,7.16,0.87
13,14,002047,宝鹰股份,1.86,5.68,0.1,225723,41520840.52,4.55,1.88,1.8,1.8,1.76,1.68,-6.3,113.14
14,15,002822,ST中装,1.81,5.23,0.09,127758,22743773.41,5.23,1.81,1.72,1.74,1.72,2.44,-1.45,0.6
15,16,300500,启迪设计,12.14,5.11,0.59,43890,52018677.0,5.89,12.2,11.52,11.72,11.55,2.69,48.57,1.72
16,17,300490,华自科技,8.1,4.79,0.37,159882,127532564.76,6.99,8.2,7.66,7.8,7.73,4.09,-44.31,1.17
17,18,603628,清源股份,13.71,4.66,0.61,100176,134596991.0,4.96,13.74,13.09,13.09,13.1,3.66,35.13,2.96
18,19,300324,旋极信息,3.07,4.42,0.13,709732,212441182.36,5.44,3.08,2.92,2.95,2.94,4.15,-23.15,1.75
19,20,301046,能辉科技,21.63,4.34,0.9,17412,36767923.0,5.64,21.68,20.51,20.9,20.73,1.54,50.93,4.06
20,21,603017,中衡设计,8.52,4.28,0.35,50761,42776733.0,3.67,8.57,8.27,8.27,8.17,1.84,16.54,1.56
21,22,300665,飞鹿股份,6.1,4.27,0.25,66840,40363600.0,6.15,6.23,5.87,5.93,5.85,4.44,-12.11,2.39
22,23,600580,卧龙电驱,12.22,4.18,0.49,231702,275028522.0,5.29,12.24,11.62,11.73,11.73,1.77,20.35,1.63
23,24,000058,深 赛 格,7.0,4.17,0.28,164946,112472491.15,5.21,7.01,6.66,6.77,6.72,1.68,84.61,4.27
24,25,601012,隆基绿能,16.86,4.07,0.66,1168152,1922819204.0,4.75,16.9,16.13,16.35,16.2,1.54,-12.18,2.0
25,26,300320,海达股份,9.52,3.93,0.36,72762,67884959.61,4.04,9.54,9.17,9.28,9.16,1.48,37.02,2.56
26,27,300160,秀强股份,5.4,3.85,0.2,125432,66013433.21,6.15,5.42,5.1,5.25,5.2,1.65,17.21,1.72
27,28,002323,雅博股份,1.35,3.85,0.05,472628,62726334.64,4.62,1.36,1.3,1.31,1.3,2.23,-31.76,4.98
28,29,300040,九洲集团,6.27,3.81,0.23,220477,134839764.95,5.46,6.29,5.96,6.1,6.04,4.79,23.01,1.27
29,30,603098,森特股份,8.84,3.76,0.32,55281,47749303.0,4.81,8.86,8.45,8.65,8.52,1.03,41.55,1.75
30,31,002135,东南网架,4.46,3.72,0.16,161338,71368422.98,6.51,4.58,4.3,4.32,4.3,1.5,20.13,0.81
31,32,600537,亿晶光电,2.79,3.72,0.1,234480,64272851.0,4.46,2.8,2.68,2.69,2.69,1.98,-3.52,1.61
32,33,301167,建研设计,13.68,3.64,0.48,26390,35600286.0,4.7,13.77,13.15,13.33,13.2,3.71,135.54,1.66
33,34,300393,中来股份,7.45,3.62,0.26,206655,151856484.34,4.87,7.53,7.18,7.25,7.19,2.17,-13.27,2.05
34,35,601886,江河集团,5.56,3.54,0.19,105341,57642649.0,3.72,5.57,5.37,5.39,5.37,0.93,9.77,0.9
35,36,000651,格力电器,50.3,3.52,1.71,431101,2138857938.85,3.54,50.38,48.66,48.66,48.59,0.78,10.02,2.41
36,37,600710,苏美达,8.89,3.49,0.3,156892,137623805.0,4.07,8.95,8.6,8.7,8.59,1.2,10.18,1.67
37,38,603030,全筑股份,2.1,3.45,0.07,118323,24439068.0,3.94,2.11,2.03,2.07,2.03,0.9,-166.6,2.7
38,39,002482,广田集团,1.67,3.09,0.05,199982,32891957.63,3.09,1.67,1.62,1.63,1.62,0.53,-26.27,9.54
39,40,002620,瑞和股份,3.06,3.03,0.09,93964,28481049.0,4.04,3.09,2.97,3.0,2.97,2.98,-6.99,7.93
40,41,002333,罗普斯金,5.48,3.01,0.16,39935,21618455.0,3.38,5.5,5.32,5.36,5.32,0.61,58.38,1.99
41,42,301179,泽宇智能,17.83,3.0,0.52,24463,42754075.25,4.74,17.9,17.08,17.57,17.31,2.9,28.6,2.62
42,43,600667,太极实业,6.19,3.0,0.18,339580,205096355.0,4.99,6.21,5.91,6.03,6.01,1.61,17.24,1.6
43,44,300344,立方数科,4.27,2.89,0.12,153886,64577420.44,4.58,4.29,4.1,4.18,4.15,2.41,-40.39,7.87
44,45,600522,中天科技,15.13,2.79,0.41,403092,602668293.0,3.06,15.17,14.72,14.86,14.72,1.18,17.69,1.52
45,46,002623,亚玛顿,16.3,2.64,0.42,18978,30398033.4,4.09,16.33,15.68,15.88,15.88,0.96,119.72,1.03
46,47,002056,横店东磁,13.75,2.61,0.35,98876,133096608.48,4.25,13.79,13.22,13.42,13.4,0.61,17.51,2.51
47,48,600692,亚通股份,5.92,2.6,0.15,121746,71647943.0,2.95,5.97,5.8,5.93,5.77,4.77,79.47,2.21
48,49,002398,垒知集团,3.97,2.58,0.1,67140,26402690.98,2.84,3.98,3.87,3.89,3.87,1.16,19.14,0.78
49,50,000928,中钢国际,6.44,2.55,0.16,561409,359101964.37,4.14,6.52,6.26,6.49,6.28,3.91,11.01,1.16
50,51,600496,精工钢构,2.84,2.53,0.07,193346,54241487.0,3.25,2.85,2.76,2.8,2.77,0.96,10.47,0.67
51,52,603028,赛福天,6.32,2.43,0.15,32698,20450935.0,2.92,6.34,6.16,6.23,6.17,1.14,-72.57,2.58
52,53,603126,中材节能,5.94,2.41,0.14,102738,60378986.0,3.45,5.96,5.76,5.89,5.8,1.68,54.92,1.75
53,54,002775,文科股份,3.02,2.37,0.07,139826,42119397.0,4.41,3.08,2.95,3.0,2.95,3.12,103.25,8.37
54,55,002218,拓日新能,3.46,2.37,0.08,184856,63203875.0,3.25,3.47,3.36,3.42,3.38,1.33,109.55,1.16
55,56,300670,大烨智能,6.18,2.32,0.14,64670,39329847.0,3.64,6.19,5.97,6.16,6.04,2.88,99.8,3.01
56,57,300412,迦南科技,4.03,2.28,0.09,114298,45264681.8,4.31,4.04,3.87,3.94,3.94,2.42,83.98,1.95
57,58,600491,龙元建设,3.27,2.19,0.07,377735,123020564.0,5.94,3.37,3.18,3.32,3.2,2.47,-12.32,0.47
58,59,002375,亚厦股份,3.83,2.13,0.08,108010,40699404.0,2.93,3.83,3.72,3.77,3.75,0.81,17.68,0.65
59,60,688599,天合光能,22.24,2.07,0.45,204824,444726467.0,5.42,22.28,21.1,21.79,21.79,0.94,46.06,1.61
60,61,603105,芯能科技,8.41,2.06,0.17,74218,61337942.0,3.76,8.43,8.12,8.25,8.24,1.48,20.19,2.15
61,62,603381,永臻股份,22.62,1.98,0.44,26624,59618075.0,2.34,22.64,22.12,22.35,22.18,5.09,15.2,1.47
62,63,002192,融捷股份,34.36,1.96,0.66,74886,252778175.96,3.77,34.4,33.13,33.69,33.7,2.89,26.88,2.7
63,64,600477,杭萧钢构,2.62,1.95,0.05,222799,57688784.0,3.5,2.63,2.54,2.59,2.57,0.94,19.41,1.18
64,65,002506,协鑫集成,2.17,1.88,0.04,580645,124363131.68,3.29,2.18,2.11,2.13,2.13,0.99,146.48,5.18
65,66,000012,南  玻Ａ,5.43,1.88,0.1,188220,101044425.96,3.0,5.44,5.28,5.37,5.33,0.96,11.37,1.19
66,67,000055,方大集团,3.88,1.84,0.07,57285,22110206.36,1.84,3.89,3.82,3.82,3.81,0.85,17.84,0.69
67,68,603137,恒尚节能,10.56,1.83,0.19,7864,8249053.0,2.51,10.61,10.35,10.37,10.37,1.07,14.46,1.63
68,69,601615,明阳智能,10.62,1.82,0.19,243584,254570310.0,3.16,10.63,10.3,10.5,10.43,1.08,18.26,0.9
69,70,001896,豫能控股,3.92,1.82,0.07,123813,48095974.0,3.12,3.94,3.82,3.86,3.85,0.94,-69.75,1.88
70,71,300444,双杰电气,6.78,1.8,0.12,169365,113098440.38,3.9,6.79,6.53,6.7,6.66,2.86,31.41,3.31
71,72,003035,南网能源,4.62,1.54,0.07,150206,68460674.56,3.08,4.63,4.49,4.58,4.55,0.67,42.77,2.53
72,73,300001,特锐德,22.87,0.97,0.22,239076,540108684.52,3.58,23.0,22.19,22.9,22.65,2.33,62.51,3.64
73,74,002445,中南文化,2.08,0.97,0.02,339621,69715798.24,3.4,2.09,2.02,2.06,2.06,1.43,254.67,2.3
74,75,601877,正泰电器,21.83,0.88,0.19,141569,306163904.0,3.0,21.97,21.32,21.56,21.64,0.66,12.2,1.17
75,76,601778,晶科科技,2.75,0.73,0.02,471484,128217793.0,3.66,2.77,2.67,2.76,2.73,1.32,55.92,0.65
76,77,601222,林洋能源,7.1,0.71,0.05,225485,158562912.0,3.12,7.13,6.91,7.09,7.05,1.09,12.22,0.94
77,78,002641,公元股份,4.38,0.69,0.03,101223,43967670.31,2.99,4.4,4.27,4.32,4.35,0.89,21.48,1.0
78,79,688717,艾罗能源,64.0,0.39,0.25,18743,118333402.0,4.3,64.32,61.58,63.16,63.75,5.86,49.71,2.3
79,80,000040,ST旭蓝,1.21,0.0,0.0,269140,32203628.0,2.48,1.21,1.18,1.21,1.21,2.54,-9.69,0.16
80,81,300117,*ST嘉寓,1.4,-0.71,-0.01,215769,30176228.06,4.26,1.43,1.37,1.39,1.41,3.01,-3.03,-0.61
81,82,000027,深圳能源,6.84,-0.87,-0.06,396683,269637869.92,4.2,6.96,6.67,6.92,6.9,0.83,9.28,1.09
82,83,002309,*ST中利,1.97,-2.96,-0.06,100614,19905265.0,5.42,2.04,1.93,2.04,2.03,1.16,-3.23,-2.12
83,84,603828,ST柯利达,2.13,-4.91,-0.11,279844,61650496.0,9.82,2.35,2.13,2.35,2.24,4.7,45.32,1.7
