,序号,代码,名称,最新价,涨跌幅,涨跌额,成交量,成交额,振幅,最高,最低,今开,昨收,换手率,市盈率-动态,市净率
0,1,300972,万辰集团,55.0,15.04,7.19,43220,219044743.67,17.61,55.53,47.11,47.11,47.81,2.78,5281.46,10.17
1,2,003042,中农联合,14.42,9.99,1.31,47296,67823865.0,8.01,14.42,13.37,13.37,13.11,3.71,-31.53,1.42
2,3,002717,岭南股份,2.02,8.02,0.15,2153811,420538948.31,8.56,2.05,1.89,1.89,1.87,14.0,-6.84,1.84
3,4,872895,花溪科技,9.7,7.06,0.64,10693,9885328.91,8.72,9.7,8.91,9.0,9.06,5.76,358.85,2.52
4,5,002312,川发龙蟒,9.63,6.41,0.58,766153,720186200.85,8.29,9.79,9.04,9.1,9.05,4.37,30.98,1.97
5,6,831855,浙江大农,8.93,6.18,0.52,4693,4063144.34,7.25,8.97,8.36,8.59,8.41,1.77,19.27,1.25
6,7,830964,润农节水,3.63,6.14,0.21,62025,22108467.92,7.31,3.65,3.4,3.56,3.42,3.46,47.62,1.06
7,8,300087,荃银高科,7.75,6.02,0.44,239165,178837486.36,8.07,7.84,7.25,7.33,7.31,2.67,-165.07,4.03
8,9,831087,秋乐种业,6.99,5.91,0.39,35624,24240558.26,7.58,6.99,6.49,6.64,6.6,2.22,-135.27,2.28
9,10,300189,神农种业,2.78,5.7,0.15,540401,147915926.4,9.13,2.85,2.61,2.63,2.63,6.1,-90.32,3.77
10,11,837403,康农种业,9.69,5.21,0.48,13089,12337532.36,6.51,9.71,9.11,9.25,9.21,4.39,44.41,1.67
11,12,300162,雷曼光电,7.28,5.2,0.36,214345,152761295.81,5.2,7.32,6.96,7.01,6.92,6.29,201.46,3.09
12,13,300237,美晨科技,1.86,5.08,0.09,707123,130434348.45,7.34,1.92,1.79,1.86,1.77,4.91,-6.99,18.87
13,14,600506,统一股份,12.94,4.52,0.56,69748,89570454.0,4.12,13.06,12.55,12.8,12.38,4.72,54.81,5.86
14,15,603336,宏辉果蔬,3.85,4.34,0.16,128324,48924766.0,4.07,3.86,3.71,3.75,3.69,2.25,87.5,1.96
15,16,600737,中粮糖业,10.7,4.29,0.44,517648,543740604.0,4.87,10.76,10.26,10.3,10.26,2.42,13.27,2.11
16,17,870866,绿亨科技,6.01,4.16,0.24,11479,6759613.8,5.03,6.02,5.73,5.81,5.77,1.21,27.75,1.47
17,18,832786,骑士乳业,6.42,3.88,0.24,117375,69432335.02,14.72,6.47,5.56,5.8,6.18,12.28,18.79,1.66
18,19,600057,厦门象屿,6.15,3.54,0.21,233535,141232781.0,4.21,6.19,5.94,5.97,5.94,1.07,8.97,1.07
19,20,002215,诺 普 信,8.57,3.5,0.29,177486,147831222.31,5.31,8.59,8.15,8.35,8.28,2.24,7.8,2.2
20,21,870508,丰安股份,9.49,3.49,0.32,6185,5701839.11,5.13,9.49,9.02,9.02,9.17,1.51,17.03,1.29
21,22,600084,中信尼雅,5.24,3.35,0.17,41718,21575840.0,3.35,5.25,5.08,5.08,5.07,0.37,-589.38,4.63
22,23,002133,广宇集团,2.49,3.32,0.08,127976,31735424.64,4.98,2.56,2.44,2.45,2.41,1.66,-15.79,0.5
23,24,300511,雪榕生物,3.74,3.31,0.12,148964,54721546.75,4.42,3.76,3.6,3.62,3.62,3.56,-6.5,1.39
24,25,300543,朗科智能,9.11,3.29,0.29,58649,52297831.36,5.22,9.12,8.66,8.97,8.82,2.77,36.02,2.41
25,26,300175,朗源股份,5.47,3.21,0.17,140557,75707174.0,3.96,5.49,5.28,5.36,5.3,2.99,-59.16,4.49
26,27,002200,ST交投,5.53,3.17,0.17,10650,5801829.0,3.54,5.55,5.36,5.42,5.36,0.58,-34.98,33.83
27,28,603139,康惠制药,13.03,3.17,0.4,14250,18362276.0,3.33,13.08,12.66,12.73,12.63,1.43,-74.78,1.38
28,29,601996,丰林集团,1.99,3.11,0.06,106670,20865869.0,3.63,1.99,1.92,1.95,1.93,0.95,158.83,0.82
29,30,600251,冠农股份,7.64,3.1,0.23,62888,47374929.0,3.51,7.65,7.39,7.4,7.41,0.81,9.81,1.62
30,31,300970,华绿生物,12.65,2.85,0.35,17220,21457172.0,3.82,12.69,12.22,12.36,12.3,1.9,-16.63,1.02
31,32,002539,云图控股,8.1,2.79,0.22,114898,91651742.46,3.43,8.12,7.85,7.95,7.88,1.3,10.78,1.15
32,33,000713,丰乐种业,6.26,2.79,0.17,92550,57149468.58,3.61,6.26,6.04,6.08,6.09,1.51,-86.02,2.0
33,34,002566,益盛药业,6.87,2.69,0.18,32742,22246610.0,2.54,6.88,6.71,6.77,6.69,1.41,34.1,1.03
34,35,600540,新赛股份,3.91,2.62,0.1,39596,15273221.0,2.62,3.91,3.81,3.84,3.81,0.68,153.05,3.09
35,36,002041,登海种业,9.04,2.61,0.23,84449,75322432.58,3.41,9.06,8.76,8.89,8.81,0.96,75.43,2.22
36,37,600692,亚通股份,5.92,2.6,0.15,121991,71793136.0,2.95,5.97,5.8,5.93,5.77,4.78,79.47,2.21
37,38,300586,美联新材,7.31,2.52,0.18,67378,48522586.16,3.93,7.34,7.06,7.14,7.13,1.26,75.27,2.7
38,39,002538,司尔特,5.45,2.44,0.13,84610,45514338.55,3.01,5.46,5.3,5.33,5.32,0.99,14.18,0.89
39,40,000902,新洋丰,13.32,2.38,0.31,175518,235794373.37,4.46,13.78,13.2,13.31,13.01,1.54,11.33,1.69
40,41,002890,弘宇股份,9.59,2.35,0.22,11979,11351798.84,2.99,9.6,9.32,9.41,9.37,0.74,88.31,2.78
41,42,000998,隆平高科,10.57,2.32,0.24,170491,177785042.77,2.81,10.59,10.3,10.46,10.33,1.3,62.54,2.73
42,43,601118,海南橡胶,5.81,2.29,0.13,289627,167022345.0,3.35,5.87,5.68,5.73,5.68,0.68,-41.93,2.67
43,44,300387,富邦股份,7.65,2.27,0.17,59421,44861155.07,3.88,7.68,7.39,7.42,7.48,2.06,15.81,1.62
44,45,300829,金丹科技,15.48,2.18,0.33,18442,28053935.8,4.29,15.55,14.9,15.17,15.15,1.46,23.51,1.69
45,46,600883,博闻科技,6.26,2.12,0.13,16821,10428659.0,3.26,6.29,6.09,6.14,6.13,0.71,18.59,1.59
46,47,600359,新农开发,6.43,2.06,0.13,41673,26666123.0,2.86,6.48,6.3,6.31,6.3,1.09,22.9,3.52
47,48,300804,广康生化,23.47,2.04,0.47,6984,16338532.98,5.48,23.97,22.71,23.28,23.0,2.54,39.55,1.33
48,49,002999,天禾股份,5.62,2.0,0.11,47247,26365695.0,2.54,5.64,5.5,5.58,5.51,1.38,62.1,1.62
49,50,603789,星光农机,7.27,1.96,0.14,40766,29387886.0,2.66,7.3,7.11,7.11,7.13,1.57,-20.09,5.24
50,51,002470,金正大,1.57,1.95,0.03,386398,60392058.88,3.25,1.59,1.54,1.56,1.54,1.18,15.32,2.36
51,52,600371,万向德农,7.55,1.89,0.14,19510,14592888.0,2.16,7.57,7.41,7.41,7.41,0.67,26.96,3.93
52,53,600313,农发种业,6.07,1.85,0.11,109279,65566094.0,2.35,6.08,5.94,6.0,5.96,1.01,59.47,3.42
53,54,002042,华孚时尚,3.37,1.81,0.06,209725,69159649.0,4.53,3.37,3.22,3.3,3.31,1.23,63.96,0.95
54,55,600598,北大荒,14.23,1.79,0.25,152969,216062255.0,2.43,14.29,13.95,14.09,13.98,0.86,12.86,3.29
55,56,300158,振东制药,4.29,1.66,0.07,202677,85330387.68,4.27,4.3,4.12,4.26,4.22,2.02,70.34,0.84
56,57,002385,大北农,4.33,1.64,0.07,463793,198526998.37,3.05,4.35,4.22,4.27,4.26,1.4,-60.04,2.26
57,58,600543,莫高股份,5.91,1.55,0.09,105188,61122143.0,6.36,6.03,5.66,5.8,5.82,3.28,-102.83,2.23
58,59,002772,众兴菌业,6.61,1.54,0.1,44024,28911980.0,2.15,6.63,6.49,6.56,6.51,1.13,44.09,0.78
59,60,600354,敦煌种业,5.31,1.53,0.08,70209,37075111.0,2.49,5.34,5.21,5.23,5.23,1.33,44.63,4.45
60,61,600108,亚盛集团,2.68,1.52,0.04,149999,39886132.0,2.65,2.69,2.62,2.65,2.64,0.77,89.06,1.24
61,62,000726,鲁  泰Ａ,6.21,1.47,0.09,58524,36083376.09,2.29,6.23,6.09,6.13,6.12,0.99,14.97,0.55
62,63,002582,好想你,5.6,1.45,0.08,79382,44267035.14,2.36,5.64,5.51,5.52,5.52,2.31,-35.02,0.7
63,64,000623,吉林敖东,16.81,1.45,0.24,224284,371062794.88,3.92,16.85,16.2,16.63,16.57,1.88,18.7,0.71
64,65,601952,苏垦农发,10.04,1.41,0.14,97472,96915059.0,2.53,10.07,9.82,9.94,9.9,0.71,23.45,2.12
65,66,300858,科拓生物,15.13,1.41,0.21,19425,28916529.32,4.16,15.18,14.56,14.93,14.92,1.0,45.81,2.29
66,67,002326,永太科技,9.38,1.41,0.13,141119,130114255.47,4.11,9.4,9.02,9.25,9.25,1.76,115.27,2.67
67,68,000626,远大控股,5.06,1.4,0.07,45422,22789079.0,2.81,5.09,4.95,5.07,4.99,0.9,-31.9,0.99
68,69,300992,泰福泵业,17.12,1.3,0.22,11784,19914214.0,3.85,17.18,16.53,16.9,16.9,1.63,26.89,2.08
69,70,002556,辉隆股份,5.19,1.17,0.06,65444,33721833.74,2.53,5.21,5.08,5.12,5.13,0.7,13.98,1.35
70,71,300138,晨光生物,9.01,1.12,0.1,65972,58352362.6,3.93,9.02,8.67,8.91,8.91,1.47,24.04,1.5
71,72,600731,湖南海利,5.42,0.93,0.05,41880,22477088.0,3.17,5.45,5.28,5.44,5.37,0.75,14.97,1.01
72,73,000568,泸州老窖,142.4,0.72,1.02,182978,2556785228.66,4.28,142.75,136.7,141.38,141.38,1.25,13.06,5.02
73,74,301035,润丰股份,45.33,0.71,0.32,9736,43361356.8,4.53,45.75,43.71,45.75,45.01,0.35,34.74,1.96
74,75,002758,浙农股份,8.75,0.69,0.06,40208,34878798.5,2.88,8.8,8.55,8.69,8.69,0.78,21.67,1.01
75,76,600811,东方集团,1.75,0.57,0.01,1569918,268583933.0,4.6,1.76,1.68,1.7,1.74,4.29,34.89,0.38
76,77,000716,黑芝麻,4.17,0.48,0.02,101850,42216603.55,2.41,4.19,4.09,4.15,4.15,1.45,143.11,1.26
77,78,300908,仲景食品,28.26,-0.21,-0.06,13627,38126571.16,3.88,28.49,27.39,28.06,28.32,1.1,20.58,2.46
78,79,002588,史丹利,7.56,-0.4,-0.03,210995,158080613.72,3.69,7.67,7.39,7.6,7.59,2.07,8.53,1.34
79,80,000833,粤桂股份,5.86,-1.68,-0.1,283693,163591005.03,4.7,5.92,5.64,5.91,5.96,6.25,17.34,1.38
80,81,000850,华茂股份,4.51,-2.8,-0.13,288153,129128013.31,6.03,4.66,4.38,4.58,4.64,3.05,104.63,1.0
