,序号,代码,名称,最新价,涨跌幅,涨跌额,成交量,成交额,振幅,最高,最低,今开,昨收,换手率,市盈率-动态,市净率
0,1,300929,华骐环保,9.54,20.0,1.59,184685.0,166686752.99,17.23,9.54,8.17,8.29,7.95,15.0,-55.82,1.52
1,2,300663,科蓝软件,26.52,18.08,4.06,1574298.0,3710655426.5,21.02,26.75,22.03,23.88,22.46,37.95,-1807.41,11.98
2,3,301098,金埔园林,9.24,13.65,1.11,171361.0,151354825.89,11.81,9.37,8.41,8.52,8.13,14.22,30.93,1.26
3,4,300197,节能铁汉,2.01,12.29,0.22,2418440.0,489016733.69,13.41,2.15,1.91,1.94,1.79,8.16,-7.25,1.51
4,5,300159,新研股份,3.01,9.85,0.27,1445689.0,434148772.99,14.6,3.2,2.8,2.8,2.74,9.82,-16.5,-44.55
5,6,301027,华蓝集团,9.95,9.7,0.88,120083.0,115671173.3,7.94,9.98,9.26,9.38,9.07,10.16,-35.61,1.56
6,7,002717,岭南股份,2.03,8.56,0.16,2153525.0,420481100.31,8.56,2.05,1.89,1.89,1.87,14.0,-6.88,1.85
7,8,601963,重庆银行,8.41,8.24,0.64,271549.0,222719923.0,6.95,8.42,7.88,7.89,7.77,1.45,4.83,0.57
8,9,603300,华铁应急,5.19,5.7,0.28,650912.0,333312729.0,5.5,5.23,4.96,5.0,4.91,3.3,15.27,1.74
9,10,300237,美晨科技,1.87,5.65,0.1,707055.0,130421662.45,7.34,1.92,1.79,1.86,1.77,4.91,-7.03,18.98
10,11,300989,蕾奥规划,13.34,5.62,0.71,72114.0,94088611.35,5.23,13.37,12.71,12.82,12.63,7.53,567.98,2.7
11,12,002761,浙江建投,9.14,5.54,0.48,390096.0,350221993.7,4.85,9.19,8.77,9.04,8.66,3.61,29.67,1.5
12,13,001696,宗申动力,14.59,5.5,0.76,707623.0,1002008639.93,7.38,14.66,13.64,13.9,13.83,7.94,29.63,3.47
13,14,836208,青矩技术,22.41,5.36,1.14,5106.0,11231101.7,6.16,22.7,21.39,21.8,21.27,0.92,16.48,2.44
14,15,000997,新 大 陆,16.69,5.3,0.84,255540.0,415424124.37,5.36,16.75,15.9,16.01,15.85,2.49,16.25,2.57
15,16,605069,正和生态,6.59,5.27,0.33,52387.0,34256444.0,5.27,6.75,6.42,6.61,6.26,6.22,-21.38,1.38
16,17,603843,正平股份,2.81,5.24,0.14,174016.0,48495295.0,6.37,2.87,2.7,2.78,2.67,2.49,-12.54,2.19
17,18,300500,启迪设计,12.14,5.11,0.59,43890.0,52018677.0,5.89,12.2,11.52,11.72,11.55,2.69,48.57,1.72
18,19,002431,棕榈股份,1.9,4.97,0.09,278229.0,52488268.13,5.52,1.94,1.84,1.88,1.81,1.56,-4.74,1.2
19,20,002822,ST中装,1.8,4.65,0.08,127771.0,22746116.41,5.23,1.81,1.72,1.74,1.72,2.44,-1.45,0.6
20,21,300778,新城市,12.21,4.63,0.54,84690.0,100771923.24,7.37,12.3,11.44,11.76,11.67,4.16,-11.03,1.86
21,22,002354,天娱数科,3.25,4.5,0.14,545009.0,171945743.4,6.43,3.27,3.07,3.12,3.11,3.37,-402.58,3.8
22,23,600737,中粮糖业,10.71,4.39,0.45,517579.0,543666776.0,4.87,10.76,10.26,10.3,10.26,2.42,13.28,2.11
23,24,603189,网达软件,17.06,4.34,0.71,170971.0,278353452.0,8.93,17.2,15.74,16.35,16.35,6.34,382.83,3.05
24,25,300021,大禹节水,3.91,4.27,0.16,152324.0,58729994.18,4.53,3.94,3.77,3.82,3.75,2.17,88.49,1.8
25,26,300229,拓尔思,16.4,4.26,0.67,281692.0,444909683.42,7.82,16.48,15.25,15.77,15.73,3.54,109.03,3.85
26,27,603359,东珠生态,4.21,4.21,0.17,101868.0,42620990.0,5.94,4.32,4.08,4.15,4.04,2.28,72.3,0.57
27,28,300879,大叶股份,15.3,4.15,0.61,35808.0,53937832.56,3.54,15.33,14.81,14.9,14.69,2.02,25.76,2.68
28,29,300635,中达安,10.8,4.15,0.43,75866.0,80528011.16,5.5,10.88,10.31,10.5,10.37,6.32,159.39,3.44
29,30,603336,宏辉果蔬,3.84,4.07,0.15,128321.0,48923611.0,4.07,3.86,3.71,3.75,3.69,2.25,87.28,1.96
30,31,832786,骑士乳业,6.43,4.05,0.25,117221.0,69333473.5,14.72,6.47,5.56,5.8,6.18,12.27,18.82,1.67
31,32,000735,罗 牛 山,5.61,3.89,0.21,226866.0,125017423.2,4.44,5.64,5.4,5.46,5.4,1.97,11.77,1.52
32,33,600208,衢州发展,2.7,3.85,0.1,1652884.0,438674446.0,6.54,2.75,2.58,2.71,2.6,1.94,7.48,0.53
33,34,600088,中视传媒,15.74,3.83,0.58,81648.0,125290260.0,5.41,15.78,14.96,15.2,15.16,2.05,-169.78,5.13
34,35,300140,节能环境,6.3,3.79,0.23,178135.0,109975876.24,4.61,6.32,6.04,6.17,6.07,1.75,22.32,1.43
35,36,002114,罗平锌电,5.53,3.75,0.2,101083.0,55310175.0,3.56,5.55,5.36,5.4,5.33,3.13,374.78,1.73
36,37,002135,东南网架,4.46,3.72,0.16,161546.0,71461082.98,6.51,4.58,4.3,4.32,4.3,1.5,20.13,0.81
37,38,001313,粤海饲料,7.37,3.66,0.26,33895.0,24561830.88,3.66,7.37,7.11,7.24,7.11,1.55,-53.76,1.99
38,39,301167,建研设计,13.68,3.64,0.48,26402.0,35616702.0,4.7,13.77,13.15,13.33,13.2,3.71,135.54,1.66
39,40,300612,宣亚国际,15.52,3.6,0.54,52777.0,80315568.34,4.94,15.54,14.8,15.03,14.98,2.93,-115.53,5.42
40,41,002215,诺 普 信,8.57,3.5,0.29,177470.0,147817510.31,5.31,8.59,8.15,8.35,8.28,2.24,7.8,2.2
41,42,600853,龙建股份,3.55,3.5,0.12,218694.0,76781924.0,4.96,3.59,3.42,3.57,3.43,2.17,26.05,1.25
42,43,002060,广东建工,3.86,3.49,0.13,222420.0,84713716.9,3.75,3.87,3.73,3.79,3.73,1.42,15.83,1.12
43,44,600084,中信尼雅,5.24,3.35,0.17,41697.0,21564836.0,3.35,5.25,5.08,5.08,5.07,0.37,-589.38,4.63
44,45,002133,广宇集团,2.49,3.32,0.08,127826.0,31698074.64,4.98,2.56,2.44,2.45,2.41,1.66,-15.79,0.5
45,46,300511,雪榕生物,3.74,3.31,0.12,148957.0,54718928.75,4.42,3.76,3.6,3.62,3.62,3.56,-6.5,1.39
46,47,603109,神驰机电,13.76,3.3,0.44,18662.0,25259550.0,4.35,13.78,13.2,13.33,13.32,0.9,24.43,1.6
47,48,000779,甘咨询,8.17,3.16,0.25,101775.0,82210550.27,3.16,8.17,7.92,8.03,7.92,2.19,15.02,1.01
48,49,603825,华扬联众,10.14,3.15,0.31,95541.0,95396573.0,6.31,10.34,9.72,9.92,9.83,3.77,-12.51,3.0
49,50,002291,遥望科技,5.26,3.14,0.16,255508.0,131745833.5,4.9,5.28,5.03,5.11,5.1,2.91,-11.19,1.15
50,51,600251,冠农股份,7.64,3.1,0.23,62868.0,47359649.0,3.51,7.65,7.39,7.4,7.41,0.81,9.81,1.62
51,52,600736,苏州高新,4.77,3.02,0.14,230233.0,109183863.0,3.89,4.84,4.66,4.8,4.63,2.0,19.26,0.74
52,53,000680,山推股份,7.94,2.98,0.23,166207.0,130509561.28,2.98,7.97,7.74,7.78,7.71,1.27,14.23,2.06
53,54,000881,中广核技,6.96,2.96,0.2,80292.0,55095589.84,3.55,6.98,6.74,6.76,6.76,1.02,-38.0,1.2
54,55,603018,华设集团,7.73,2.93,0.22,86126.0,65498601.0,3.86,7.75,7.46,7.65,7.51,1.27,17.17,1.08
55,56,002714,牧原股份,43.5,2.89,1.22,326915.0,1404492655.14,3.33,43.56,42.15,42.4,42.28,0.86,143.34,3.77
56,57,300513,恒实科技,9.07,2.83,0.25,50216.0,44437273.0,5.33,9.1,8.63,8.91,8.82,1.78,-27.92,1.21
57,58,300605,恒锋信息,12.43,2.81,0.34,49182.0,60008312.08,4.8,12.48,11.9,12.26,12.09,4.33,-49.18,3.85
58,59,300603,立昂技术,9.15,2.81,0.25,121776.0,108669177.26,5.28,9.17,8.7,9.01,8.9,3.38,-127.69,2.99
59,60,600936,广西广电,2.57,2.8,0.07,85268.0,21644726.0,3.2,2.58,2.5,2.52,2.5,0.51,-5.68,3.71
60,61,603949,雪龙集团,10.89,2.74,0.29,22454.0,24132093.0,4.25,10.95,10.5,10.58,10.6,1.07,35.09,2.32
61,62,002566,益盛药业,6.87,2.69,0.18,32742.0,22246610.0,2.54,6.88,6.71,6.77,6.69,1.41,34.1,1.03
62,63,000713,丰乐种业,6.25,2.63,0.16,92546.0,57146964.58,3.61,6.26,6.04,6.08,6.09,1.51,-85.88,2.0
63,64,002041,登海种业,9.04,2.61,0.23,84449.0,75322432.58,3.41,9.06,8.76,8.89,8.81,0.96,75.43,2.22
64,65,002470,金正大,1.58,2.6,0.04,386383.0,60389703.88,3.25,1.59,1.54,1.56,1.54,1.18,15.41,2.37
65,66,000157,中联重科,7.11,2.6,0.18,587214.0,414434125.86,2.74,7.13,6.94,6.97,6.93,0.83,13.48,1.1
66,67,003013,地铁设计,13.88,2.59,0.35,18495.0,25355726.0,3.1,13.92,13.5,13.68,13.53,0.46,13.69,2.31
67,68,002887,绿茵生态,6.53,2.51,0.16,32413.0,21157886.6,2.98,6.62,6.43,6.52,6.37,2.03,24.25,0.91
68,69,301107,瑜欣电子,25.12,2.49,0.61,6934.0,17192631.0,4.04,25.3,24.31,24.72,24.51,3.31,36.5,2.04
69,70,601118,海南橡胶,5.82,2.46,0.14,289625.0,167021182.0,3.35,5.87,5.68,5.73,5.68,0.68,-42.0,2.67
70,71,300275,梅安森,12.14,2.45,0.29,73724.0,88100759.94,4.3,12.19,11.68,11.91,11.85,2.89,57.36,4.25
71,72,301259,艾布鲁,33.16,2.41,0.78,34274.0,111740843.27,5.56,33.5,31.7,32.54,32.38,4.21,-95.17,6.17
72,73,002890,弘宇股份,9.59,2.35,0.22,11979.0,11351798.84,2.99,9.6,9.32,9.41,9.37,0.74,88.31,2.78
73,74,000998,隆平高科,10.57,2.32,0.24,170478.0,177771300.77,2.81,10.59,10.3,10.46,10.33,1.3,62.54,2.73
74,75,300387,富邦股份,7.65,2.27,0.17,59309.0,44775475.07,3.88,7.68,7.39,7.42,7.48,2.05,15.81,1.62
75,76,603289,泰瑞机器,8.28,2.22,0.18,24936.0,20420029.0,2.47,8.29,8.09,8.11,8.1,0.85,27.46,1.75
76,77,300137,先河环保,5.23,2.15,0.11,79930.0,41382317.69,4.1,5.29,5.08,5.24,5.12,1.51,75.15,1.56
77,78,603789,星光农机,7.28,2.1,0.15,40760.0,29383524.0,2.66,7.3,7.11,7.11,7.13,1.57,-20.11,5.24
78,79,603029,天鹅股份,14.73,2.08,0.3,21108.0,30927301.0,2.56,14.8,14.43,14.43,14.43,1.74,59.47,2.12
79,80,600359,新农开发,6.43,2.06,0.13,41673.0,26666123.0,2.86,6.48,6.3,6.31,6.3,1.09,22.9,3.52
80,81,002696,百洋股份,4.53,2.03,0.09,33568.0,15143617.49,2.93,4.57,4.44,4.51,4.44,0.98,-31.8,1.14
81,82,003039,顺控发展,12.63,2.02,0.25,25357.0,31743181.0,3.23,12.7,12.3,12.7,12.38,0.41,32.24,3.02
82,83,000048,京基智农,14.68,2.02,0.29,29217.0,42419909.78,2.64,14.7,14.32,14.4,14.39,0.56,16.54,2.02
83,84,002999,天禾股份,5.62,2.0,0.11,47247.0,26365695.0,2.54,5.64,5.5,5.58,5.51,1.38,62.1,1.62
84,85,600981,汇鸿集团,2.13,1.91,0.04,162872.0,34307603.0,2.87,2.13,2.07,2.1,2.09,0.73,-7.23,1.07
85,86,300158,振东制药,4.3,1.9,0.08,202524.0,85264749.68,4.27,4.3,4.12,4.26,4.22,2.02,70.5,0.85
86,87,300997,欢乐家,12.05,1.86,0.22,31876.0,37474563.0,5.07,12.08,11.48,11.73,11.83,0.8,32.7,4.84
87,88,600313,农发种业,6.07,1.85,0.11,109253.0,65550319.0,2.35,6.08,5.94,6.0,5.96,1.01,59.47,3.42
88,89,000055,方大集团,3.88,1.84,0.07,57325.0,22125726.36,1.84,3.89,3.82,3.82,3.81,0.85,17.84,0.69
89,90,600598,北大荒,14.23,1.79,0.25,152839.0,215877296.0,2.43,14.29,13.95,14.09,13.98,0.86,12.86,3.29
90,91,688500,慧辰股份,33.53,1.76,0.58,10461.0,34704382.0,3.13,33.7,32.67,32.68,32.95,1.41,-34.56,3.28
91,92,000156,华数传媒,7.02,1.74,0.12,104218.0,72016597.0,3.62,7.04,6.79,6.9,6.9,0.64,26.79,0.86
92,93,000570,苏常柴Ａ,4.89,1.66,0.08,68025.0,33099789.56,2.08,4.91,4.81,4.87,4.81,1.22,34.44,1.02
93,94,002385,大北农,4.33,1.64,0.07,463710.0,198491053.37,3.05,4.35,4.22,4.27,4.26,1.4,-60.04,2.26
94,95,603956,威派格,5.17,1.57,0.08,40389.0,20508429.0,4.32,5.18,4.96,5.01,5.09,0.8,-16.97,1.51
95,96,600354,敦煌种业,5.31,1.53,0.08,70209.0,37075111.0,2.49,5.34,5.21,5.23,5.23,1.33,44.63,4.45
96,97,600218,全柴动力,7.35,1.52,0.11,34104.0,24827175.0,2.35,7.36,7.19,7.29,7.24,0.78,32.62,1.01
97,98,600108,亚盛集团,2.68,1.52,0.04,149999.0,39886132.0,2.65,2.69,2.62,2.65,2.64,0.77,89.06,1.24
98,99,000726,鲁  泰Ａ,6.21,1.47,0.09,58524.0,36083376.09,2.29,6.23,6.09,6.13,6.12,0.99,14.97,0.55
99,100,000830,鲁西化工,11.96,1.44,0.17,170176.0,201637614.0,2.88,12.0,11.66,11.74,11.79,0.89,9.75,1.28
100,101,002910,庄园牧场,7.19,1.41,0.1,27641.0,19615440.63,3.95,7.23,6.95,7.07,7.09,1.62,-8.0,1.21
101,102,300022,吉峰科技,4.36,1.4,0.06,98545.0,42387166.9,3.95,4.38,4.21,4.23,4.3,3.08,-206.25,3.96
102,103,000816,智慧农业,2.23,1.36,0.03,206011.0,45634684.26,2.73,2.25,2.19,2.2,2.2,1.43,96.35,1.52
103,104,600536,中国软件,40.55,1.35,0.54,340972.0,1349086994.0,5.4,40.71,38.55,40.03,40.01,4.04,-63.22,15.48
104,105,300498,温氏股份,18.87,1.34,0.25,387322.0,723163920.15,2.52,18.9,18.43,18.62,18.62,0.71,47.29,3.74
105,106,601952,苏垦农发,10.03,1.31,0.13,97461.0,96904024.0,2.53,10.07,9.82,9.94,9.9,0.71,23.43,2.12
106,107,002556,辉隆股份,5.19,1.17,0.06,65444.0,33721833.74,2.53,5.21,5.08,5.12,5.13,0.7,13.98,1.35
107,108,002277,友阿股份,2.71,1.12,0.03,396151.0,104665583.18,4.85,2.72,2.59,2.69,2.68,2.84,19.21,0.56
108,109,603388,ST元成,1.81,1.12,0.02,75353.0,13464143.0,3.35,1.82,1.76,1.8,1.79,2.31,-4.52,0.53
109,110,600467,好当家,1.83,1.1,0.02,174290.0,31771391.0,2.21,1.84,1.8,1.81,1.81,1.19,49.54,0.79
110,111,000564,供销大集,1.85,1.09,0.02,1725115.0,313885968.34,3.83,1.85,1.78,1.82,1.83,1.12,-400.38,2.22
111,112,002170,芭田股份,6.44,0.94,0.06,95823.0,61286252.05,3.76,6.49,6.25,6.42,6.38,1.35,19.1,2.22
112,113,002329,皇氏集团,3.23,0.94,0.03,156286.0,49704970.0,4.06,3.24,3.11,3.16,3.2,2.37,1094.31,1.59
113,114,002908,德生科技,8.92,0.9,0.08,134806.0,116985063.28,5.66,8.95,8.45,8.8,8.84,4.37,137.81,3.38
114,115,603708,家家悦,8.97,0.9,0.08,50655.0,44702320.0,3.82,8.99,8.65,8.94,8.89,0.85,16.88,2.36
115,116,601038,一拖股份,16.99,0.89,0.15,57562.0,97227840.0,3.68,17.22,16.6,17.07,16.84,0.79,10.54,2.64
116,117,002424,ST百灵,3.42,0.88,0.03,205181.0,69508352.22,2.36,3.43,3.35,3.41,3.39,1.69,27.33,1.37
117,118,002732,燕塘乳业,15.33,0.86,0.13,13337.0,20172336.0,3.09,15.33,14.86,15.19,15.2,0.85,21.43,1.69
118,119,300091,金通灵,2.37,0.85,0.02,504204.0,116670679.39,6.38,2.39,2.24,2.34,2.35,3.78,-23.34,1.84
119,120,600712,南宁百货,4.07,0.74,0.03,121389.0,48446950.0,3.96,4.08,3.92,4.01,4.04,2.25,458.24,2.67
120,121,002758,浙农股份,8.75,0.69,0.06,40207.0,34877923.5,2.88,8.8,8.55,8.69,8.69,0.78,21.67,1.01
121,122,002150,通润装备,14.21,0.64,0.09,48394.0,67927509.81,3.4,14.25,13.77,14.12,14.12,1.36,33.52,3.0
122,123,300967,晓鸣股份,11.8,0.6,0.07,86920.0,101556965.35,8.78,12.29,11.26,11.54,11.73,6.96,-38.33,3.58
123,124,000716,黑芝麻,4.17,0.48,0.02,101850.0,42216603.55,2.41,4.19,4.09,4.15,4.15,1.45,143.11,1.26
124,125,603090,宏盛股份,15.8,0.32,0.05,17825.0,27886640.0,3.37,15.93,15.4,15.74,15.75,1.78,25.7,2.82
125,126,300844,山水比德,31.7,0.28,0.09,25430.0,79640202.66,6.96,32.3,30.1,31.75,31.61,11.29,84.04,2.73
126,127,600811,东方集团,1.74,0.0,0.0,1569385.0,268491123.0,4.6,1.76,1.68,1.7,1.74,4.29,34.69,0.38
127,128,600292,远达环保,,,,,,,,,,5.42,0.0,40.62,0.82
128,129,002707,众信旅游,6.71,0.0,0.0,236957.0,157841883.41,3.73,6.78,6.53,6.73,6.71,2.87,45.94,7.96
129,130,002321,华英农业,1.84,0.0,0.0,209934.0,38254348.0,4.35,1.87,1.79,1.83,1.84,0.99,109.34,3.91
130,131,000711,*ST京蓝,1.7,0.0,0.0,90853.0,15319325.8,1.76,1.7,1.67,1.68,1.7,0.77,-46.06,7.17
131,132,002588,史丹利,7.56,-0.4,-0.03,210879.0,157992917.72,3.69,7.67,7.39,7.6,7.59,2.07,8.53,1.34
132,133,002310,*ST东园,1.34,-0.74,-0.01,742493.0,100754963.91,4.44,1.39,1.33,1.36,1.35,2.77,-1.58,-2.7
133,134,002883,中设股份,10.19,-0.78,-0.08,92032.0,92627863.08,6.52,10.44,9.77,10.27,10.27,6.75,42.25,2.32
134,135,000833,粤桂股份,5.87,-1.51,-0.09,283090.0,163237092.03,4.7,5.92,5.64,5.91,5.96,6.24,17.37,1.38
135,136,000851,ST高鸿,2.99,-5.08,-0.16,688960.0,206461839.7,1.9,3.05,2.99,2.99,3.15,6.09,378.17,1.19
