,序号,代码,名称,最新价,涨跌幅,涨跌额,成交量,成交额,振幅,最高,最低,今开,昨收,换手率,市盈率-动态,市净率
0,1,872541,铁大科技,7.74,13.99,0.95,49620,35767377.03,14.29,7.75,6.78,6.83,6.79,5.51,34.18,2.81
1,2,873169,七丰精工,8.35,13.14,0.97,74168,60438060.72,14.23,8.48,7.43,7.51,7.38,14.69,68.22,2.22
2,3,002480,新筑股份,4.47,10.1,0.41,201910,87185440.06,9.11,4.47,4.1,4.18,4.06,2.63,-9.42,2.77
3,4,003001,中岩大地,25.48,10.02,2.32,60006,148074125.31,10.32,25.48,23.09,23.65,23.16,8.2,79.91,2.79
4,5,600797,浙大网新,6.07,9.96,0.55,323480,186647436.0,11.59,6.07,5.43,5.52,5.52,3.15,-97.11,1.92
5,6,002271,东方雨虹,14.07,9.84,1.26,1075638,1452013401.26,9.06,14.09,12.93,13.21,12.81,5.57,18.17,1.32
6,7,300455,航天智装,13.97,7.63,0.99,222191,300636539.94,6.86,14.05,13.16,13.19,12.98,3.14,245.79,5.56
7,8,300407,凯发电气,12.01,7.62,0.85,199190,235780339.23,9.86,12.5,11.4,11.52,11.16,8.15,43.51,2.18
8,9,300440,运达科技,6.43,7.17,0.43,140207,87068233.34,7.0,6.45,6.03,6.1,6.0,3.16,98.69,1.82
9,10,600219,南山铝业,4.43,7.0,0.29,1879425,817615694.0,7.0,4.47,4.18,4.22,4.14,1.61,11.85,1.06
10,11,603033,三维股份,14.78,6.95,0.96,85046,122315888.0,8.61,14.82,13.63,14.08,13.82,0.84,126.92,4.4
11,12,605122,四方新材,10.84,6.9,0.7,31020,33010441.0,7.4,11.0,10.25,10.3,10.14,1.8,82.64,0.84
12,13,300213,佳讯飞鸿,7.6,6.74,0.48,293885,215536975.1,7.44,7.63,7.1,7.13,7.12,5.33,84.91,2.04
13,14,003002,壶化股份,20.22,6.65,1.26,71721,138985686.0,9.12,20.3,18.57,19.0,18.96,3.92,32.33,3.14
14,15,603176,汇通集团,4.79,6.44,0.29,61567,28974081.0,6.44,4.82,4.53,4.59,4.5,4.1,29.16,2.09
15,16,002985,北摩高科,22.33,5.93,1.25,48295,105369992.03,4.7,22.35,21.36,21.36,21.08,2.33,55.59,2.9
16,17,601333,广深铁路,3.77,5.9,0.21,676310,247172733.0,6.18,3.78,3.56,3.59,3.56,1.2,14.64,0.99
17,18,300594,朗进科技,16.37,5.75,0.89,32798,52448500.0,5.56,16.38,15.52,15.75,15.48,3.62,-34.47,1.66
18,19,301016,雷尔伟,22.37,5.67,1.2,48110,104840838.9,6.0,22.38,21.11,21.15,21.17,6.7,61.73,3.34
19,20,836208,青矩技术,22.41,5.36,1.14,5106,11231101.7,6.16,22.7,21.39,21.8,21.27,0.92,16.48,2.44
20,21,831689,克莱特,12.52,5.3,0.63,6824,8232329.31,10.01,12.79,11.6,11.6,11.89,1.96,15.13,2.08
21,22,002451,摩恩电气,6.89,5.19,0.34,554425,382835759.56,7.02,7.15,6.69,7.15,6.55,12.62,160.21,4.0
22,23,300011,鼎汉技术,9.01,5.01,0.43,328502,291042770.78,7.34,9.13,8.5,8.62,8.58,6.55,206.13,3.8
23,24,603809,豪能股份,8.39,5.01,0.4,81464,67355613.0,3.5,8.4,8.12,8.18,7.99,1.4,15.06,2.17
24,25,300351,永贵电器,17.24,4.99,0.82,105285,176271239.26,5.97,17.28,16.3,16.59,16.42,4.04,45.74,2.83
25,26,688187,时代电气,54.17,4.86,2.51,47135,247405365.0,6.68,54.25,50.8,52.25,51.66,1.69,25.37,1.93
26,27,300845,捷安高科,13.48,4.58,0.59,44129,58126859.63,5.35,13.57,12.88,12.88,12.89,4.31,97.76,2.49
27,28,603312,西典新能,31.76,4.58,1.39,16720,51717263.0,5.1,31.76,30.21,30.26,30.37,4.79,27.99,3.01
28,29,002472,双环传动,27.77,4.56,1.21,169027,453649121.29,6.44,27.9,26.19,26.64,26.56,2.25,24.82,2.85
29,30,688015,交控科技,18.7,4.53,0.81,14271,26093363.0,4.53,18.71,17.9,18.25,17.89,0.76,84.17,1.43
30,31,300960,通业科技,21.61,4.4,0.91,18964,40254630.0,4.64,21.66,20.7,21.28,20.7,2.04,78.04,3.82
31,32,002583,海能达,8.7,4.32,0.36,3491185,3046138256.27,18.82,9.17,7.6,9.17,8.34,27.23,48.71,2.63
32,33,300665,飞鹿股份,6.1,4.27,0.25,66843,40365430.0,6.15,6.23,5.87,5.93,5.85,4.44,-12.11,2.39
33,34,688367,工大高科,14.63,4.05,0.57,6349,9098806.0,4.2,14.68,14.09,14.1,14.06,0.73,56.12,2.21
34,35,002296,辉煌科技,8.68,3.95,0.33,100716,85527399.26,4.19,8.69,8.34,8.37,8.35,2.9,15.02,1.59
35,36,600585,海螺水泥,25.85,3.94,0.98,379481,977061189.0,4.1,26.15,25.13,25.13,24.87,0.95,20.6,0.75
36,37,601800,中国交建,10.91,3.9,0.41,2054354,2231811489.0,9.05,11.2,10.25,10.4,10.5,1.75,7.79,0.65
37,38,603977,国泰集团,11.48,3.89,0.43,98138,111588206.0,4.71,11.55,11.03,11.17,11.05,1.58,26.12,2.25
38,39,300789,唐源电气,14.87,3.77,0.54,23607,34229080.17,5.02,14.88,14.16,14.35,14.33,2.39,23.03,2.11
39,40,601186,中国铁建,9.68,3.75,0.35,2085738,2023608135.0,7.72,10.09,9.37,9.37,9.33,1.81,5.52,0.51
40,41,301048,金鹰重工,9.99,3.63,0.35,67879,66705470.23,5.19,10.04,9.54,9.54,9.64,1.27,32.17,2.1
41,42,300150,世纪瑞尔,4.02,3.61,0.14,107926,42492140.8,5.41,4.04,3.83,3.96,3.88,2.1,68.95,1.55
42,43,000789,万年青,5.22,3.57,0.18,85768,44106239.4,4.17,5.25,5.04,5.08,5.04,1.08,1379.04,0.62
43,44,600967,内蒙一机,7.89,3.54,0.27,148850,116239278.0,3.67,7.93,7.65,7.73,7.62,0.88,25.47,1.13
44,45,603212,赛伍技术,11.29,3.48,0.38,86608,95739526.0,5.13,11.33,10.77,11.05,10.91,1.98,-159.46,1.68
45,46,300923,研奥股份,21.31,3.45,0.71,16701,35167344.0,3.74,21.35,20.58,20.58,20.6,2.18,51.0,1.48
46,47,600592,龙溪股份,9.53,3.36,0.31,65668,61879939.0,3.36,9.55,9.24,9.35,9.22,1.64,29.58,1.58
47,48,000498,山东路桥,6.04,3.25,0.19,184301,110757973.6,3.25,6.11,5.92,5.96,5.85,1.26,4.63,0.67
48,49,003037,三和管桩,6.07,3.23,0.19,77078,46163893.25,4.25,6.1,5.85,6.02,5.88,3.83,966.91,1.33
49,50,002282,博深股份,6.71,3.23,0.21,44699,29590406.0,3.85,6.73,6.48,6.65,6.5,0.89,16.08,1.02
50,51,605298,必得科技,8.63,3.23,0.27,12922,11027199.0,3.47,8.65,8.36,8.36,8.36,0.71,89.1,1.65
51,52,300644,南京聚隆,20.16,3.23,0.63,32946,65260584.17,4.15,20.21,19.4,19.44,19.53,3.84,26.71,2.62
52,53,300041,回天新材,8.7,3.2,0.27,105540,90467433.3,3.32,8.7,8.42,8.53,8.43,1.94,17.79,1.76
53,54,603500,祥和实业,6.24,3.14,0.19,43150,26645564.0,3.47,6.28,6.07,6.15,6.05,1.27,32.75,2.21
54,55,601766,中国中车,8.31,3.1,0.25,1482409,1219180572.0,3.35,8.34,8.07,8.07,8.06,0.61,28.39,1.49
55,56,002161,远 望 谷,4.69,3.08,0.14,96516,44313579.19,4.4,4.7,4.5,4.58,4.55,1.35,39.05,2.25
56,57,688033,天宜上佳,6.11,3.04,0.18,131671,78369945.0,5.56,6.13,5.8,5.98,5.93,2.34,-3.49,0.73
57,58,300587,天铁股份,4.88,2.95,0.14,150119,71517768.82,4.43,4.88,4.67,4.79,4.74,1.62,35.72,2.17
58,59,600480,凌云股份,8.96,2.87,0.25,132508,116279430.0,4.02,8.98,8.63,8.71,8.71,1.45,10.56,1.17
59,60,300823,建科智能,12.55,2.87,0.35,26958,33529268.24,3.44,12.62,12.2,12.38,12.2,3.54,41.93,1.75
60,61,600820,隧道股份,6.83,2.86,0.19,469190,316677166.0,2.56,6.83,6.66,6.72,6.64,1.49,13.67,0.74
61,62,600458,时代新材,10.07,2.86,0.28,139852,138597393.0,3.68,10.11,9.75,9.88,9.79,1.74,18.71,1.42
62,63,600522,中天科技,15.14,2.85,0.42,403404,603140534.0,3.06,15.17,14.72,14.86,14.72,1.18,17.7,1.53
63,64,601677,明泰铝业,14.48,2.77,0.39,208433,298034652.0,3.48,14.5,14.01,14.14,14.09,1.75,8.42,1.07
64,65,000920,沃顿科技,8.75,2.7,0.23,34434,29713950.55,3.52,8.78,8.48,8.53,8.52,0.82,21.24,2.28
65,66,688663,新风光,21.1,2.63,0.54,17325,35804003.0,5.45,21.2,20.08,20.65,20.56,1.24,19.48,2.29
66,67,003013,地铁设计,13.88,2.59,0.35,18495,25355726.0,3.1,13.92,13.5,13.68,13.53,0.46,13.69,2.31
67,68,300200,高盟新材,8.36,2.58,0.21,63956,52451525.4,4.29,8.38,8.03,8.15,8.15,1.51,21.27,2.3
68,69,600528,中铁工业,8.16,2.51,0.2,253578,205740482.0,3.27,8.22,7.96,7.96,7.96,1.14,9.7,0.78
69,70,603111,康尼机电,5.72,2.51,0.14,73502,41486085.0,3.23,5.73,5.55,5.57,5.58,0.88,23.89,1.41
70,71,002122,汇洲智能,2.46,2.5,0.06,290872,70119131.0,4.17,2.46,2.36,2.41,2.4,1.46,43.01,2.12
71,72,002061,浙江交科,4.12,2.49,0.1,425329,174300955.26,3.23,4.16,4.03,4.13,4.02,1.64,10.46,0.74
72,73,688569,铁科轨道,23.57,2.48,0.57,15980,37231673.0,3.22,23.66,22.92,23.0,23.0,0.76,21.5,1.81
73,74,601816,京沪高铁,5.86,2.45,0.14,926924,538005918.0,2.45,5.87,5.73,5.77,5.72,0.19,22.63,1.47
74,75,601390,中国中铁,6.75,2.43,0.16,2267559,1530369041.0,4.4,6.89,6.6,6.68,6.59,1.11,5.85,0.57
75,76,300479,神思电子,18.99,2.37,0.44,97418,179602282.81,6.15,19.11,17.97,18.4,18.55,4.94,-24.21,8.17
76,77,000927,中国铁物,2.67,2.3,0.06,395752,104321926.87,2.68,2.67,2.6,2.62,2.61,0.65,29.24,1.77
77,78,688009,中国通号,6.57,2.18,0.14,412833,267649470.0,4.04,6.62,6.36,6.51,6.43,0.48,21.75,1.59
78,79,603508,思维列控,21.6,2.13,0.45,35373,75408874.0,3.45,21.69,20.96,21.15,21.15,0.93,21.67,1.85
79,80,002152,广电运通,11.56,2.03,0.23,370009,420399853.82,4.85,11.58,11.03,11.5,11.33,1.49,28.81,2.36
80,81,002533,金杯电工,10.06,2.03,0.2,95413,95199086.0,2.74,10.1,9.83,9.98,9.86,1.5,13.39,1.92
81,82,002132,恒星科技,2.63,1.94,0.05,99135,25872246.35,2.33,2.64,2.58,2.59,2.58,0.71,182.0,1.0
82,83,688186,广大特材,12.93,1.89,0.24,32578,41712754.0,3.7,13.06,12.59,13.06,12.69,1.52,32.38,0.84
83,84,603969,银龙股份,5.01,1.83,0.09,78178,38730502.0,3.86,5.03,4.84,4.95,4.92,0.93,21.32,1.83
84,85,600973,宝胜股份,3.93,1.81,0.07,110710,43093742.0,2.59,3.94,3.84,3.88,3.86,0.81,144.43,1.43
85,86,300906,日月明,22.36,1.78,0.39,8581,19081297.0,2.87,22.5,21.87,22.38,21.97,1.2,31.17,2.09
86,87,601126,四方股份,19.65,1.76,0.34,84868,164500869.0,3.99,19.78,19.01,19.5,19.31,1.04,19.33,3.88
87,88,601002,晋亿实业,3.49,1.75,0.06,54936,19001459.0,2.92,3.51,3.41,3.46,3.43,0.58,-61.51,0.83
88,89,002501,利源股份,1.21,1.68,0.02,439334,52220044.0,4.2,1.21,1.16,1.19,1.19,1.24,-28.64,4.32
89,90,688285,高铁电气,7.3,1.67,0.12,15830,11457392.0,2.92,7.34,7.13,7.24,7.18,1.68,64.69,1.69
90,91,000887,中鼎股份,13.5,1.66,0.22,155173,206205673.7,3.54,13.55,13.08,13.26,13.28,1.18,12.41,1.43
91,92,000609,*ST中迪,1.87,1.63,0.03,39743,7401330.0,2.72,1.89,1.84,1.86,1.84,1.37,-3.74,1.77
92,93,002972,科安达,10.76,1.61,0.17,24723,26292611.9,3.21,10.79,10.45,10.6,10.59,1.86,23.56,2.24
93,94,600698,湖南天雁,4.85,1.46,0.07,224638,107973261.0,5.44,4.89,4.63,4.7,4.78,2.71,2300.05,6.79
94,95,300391,长药控股,4.9,1.45,0.07,182649,87281092.7,7.04,4.94,4.6,4.84,4.83,5.21,-5.63,40.35
95,96,300851,交大思诺,31.38,1.42,0.44,16403,50364997.0,4.43,31.45,30.08,30.79,30.94,3.75,54.13,2.14
96,97,600169,太原重工,2.17,1.4,0.03,189050,40812513.0,2.34,2.18,2.13,2.16,2.14,0.57,98.82,1.39
97,98,601006,大秦铁路,6.72,1.36,0.09,778319,521343421.0,1.66,6.74,6.63,6.64,6.63,0.43,10.46,0.81
98,99,600668,尖峰集团,9.71,1.36,0.13,25837,24921307.0,2.92,9.78,9.5,9.58,9.58,0.75,35.08,0.66
99,100,600808,马钢股份,2.25,1.35,0.03,354460,79426768.0,2.7,2.27,2.21,2.24,2.22,0.59,-7.61,0.66
100,101,600495,晋西车轴,3.79,1.34,0.05,120121,45165006.0,2.41,3.79,3.7,3.77,3.74,0.99,-115.43,1.42
101,102,605001,威奥股份,6.11,1.33,0.08,51478,31181780.0,3.15,6.14,5.95,6.0,6.03,1.31,39.49,0.9
102,103,003043,华亚智能,46.31,1.29,0.59,18689,84629924.0,5.99,46.72,43.98,45.5,45.72,3.84,36.85,3.5
103,104,300001,特锐德,22.9,1.1,0.25,239137,540248320.52,3.58,23.0,22.19,22.9,22.65,2.33,62.59,3.65
104,105,600379,宝光股份,9.72,1.04,0.1,37925,36543887.0,2.29,9.74,9.52,9.63,9.62,1.15,34.94,4.4
105,106,002254,泰和新材,9.71,0.83,0.08,96486,92832861.97,2.91,9.75,9.47,9.63,9.63,1.19,35.7,1.19
106,107,600268,国电南自,6.75,0.75,0.05,180794,120564776.0,3.28,6.77,6.55,6.72,6.7,1.8,64.12,2.26
107,108,002011,盾安环境,10.99,0.73,0.08,109568,118807654.53,4.58,11.1,10.6,11.03,10.91,1.2,12.35,2.39
108,109,688425,铁建重工,4.15,0.73,0.03,271132,111982668.0,2.67,4.18,4.07,4.16,4.12,1.83,15.31,1.32
109,110,600125,铁龙物流,6.07,0.66,0.04,145065,87164044.0,2.82,6.08,5.91,6.04,6.03,1.11,13.96,1.08
110,111,601088,中国神华,42.84,0.56,0.24,260950,1115630503.0,3.83,43.55,41.92,42.4,42.6,0.16,14.42,2.14
111,112,000008,神州高铁,2.27,0.44,0.01,453740,102379882.0,2.65,2.28,2.22,2.26,2.26,1.69,-17.66,1.82
112,113,002248,华东数控,6.98,0.43,0.03,115344,79160015.56,3.6,6.99,6.74,6.85,6.95,3.75,190.0,31.77
113,114,001255,博菲电气,24.0,0.25,0.06,17359,41578457.1,4.85,24.66,23.5,24.45,23.94,8.68,1098.59,2.63
114,115,600894,广日股份,11.55,-0.94,-0.11,123836,142138852.0,3.43,11.7,11.3,11.66,11.66,1.44,21.54,1.11
115,116,600243,青海华鼎,4.56,-1.08,-0.05,219986,99354452.0,6.72,4.71,4.4,4.6,4.61,5.01,-72.32,2.8
116,117,000032,深桑达Ａ,17.34,-2.36,-0.42,637584,1057128330.38,9.52,17.7,16.01,16.63,17.76,9.89,-260.38,3.12
