,序号,代码,名称,最新价,涨跌幅,涨跌额,成交量,成交额,振幅,最高,最低,今开,昨收,换手率,市盈率-动态,市净率
0,1,002480,新筑股份,4.47,10.1,0.41,201910.0,87185440.06,9.11,4.47,4.1,4.18,4.06,2.63,-9.42,2.77
1,2,301027,华蓝集团,9.95,9.7,0.88,120083.0,115671173.3,7.94,9.98,9.26,9.38,9.07,10.16,-35.61,1.56
2,3,300956,英力股份,17.9,6.87,1.15,106985.0,184597631.82,7.46,17.97,16.72,16.86,16.75,11.95,314.98,2.32
3,4,600502,安徽建工,5.1,5.81,0.28,702290.0,351254468.0,5.6,5.15,4.88,4.98,4.82,4.09,7.14,0.87
4,5,300854,中兰环保,12.68,5.67,0.68,34023.0,42286121.0,4.83,12.72,12.14,12.33,12.0,6.05,51.19,1.3
5,6,600168,武汉控股,4.48,5.16,0.22,166246.0,73578663.0,6.1,4.56,4.3,4.4,4.26,1.67,27.38,0.84
6,7,600021,上海电力,9.38,5.16,0.46,751149.0,696717000.0,3.81,9.45,9.11,9.2,8.92,2.87,9.95,1.4
7,8,300500,启迪设计,12.14,5.11,0.59,43891.0,52019891.0,5.89,12.2,11.52,11.72,11.55,2.69,48.57,1.72
8,9,605011,杭州热电,22.08,5.09,1.07,51259.0,110791566.0,5.19,22.1,21.01,21.01,21.01,1.28,37.85,3.95
9,10,002973,侨银股份,10.14,4.97,0.48,103694.0,106763686.28,7.04,10.59,9.91,9.91,9.66,6.01,12.02,1.81
10,11,300692,中环环保,5.18,4.86,0.24,67307.0,34452904.5,5.06,5.26,5.01,5.16,4.94,1.8,27.3,1.04
11,12,000531,穗恒运Ａ,5.44,4.82,0.25,95998.0,51729202.56,4.62,5.51,5.27,5.51,5.19,1.06,30.84,0.85
12,13,301127,天源环保,10.04,4.58,0.44,104623.0,102788813.37,4.06,10.05,9.66,9.73,9.6,2.96,24.8,2.27
13,14,000877,天山股份,5.74,4.55,0.25,236327.0,133794271.44,3.64,5.75,5.55,5.6,5.49,1.3,-5.98,0.51
14,15,002034,旺能环境,15.31,4.43,0.65,48372.0,73963573.61,2.05,15.48,15.18,15.34,14.66,1.13,9.07,1.03
15,16,301120,新特电气,9.29,4.38,0.39,41766.0,38013352.34,4.49,9.31,8.91,9.0,8.9,2.65,-160840.61,2.21
16,17,301046,能辉科技,21.63,4.34,0.9,17412.0,36767923.0,5.64,21.68,20.51,20.9,20.73,1.54,50.93,4.06
17,18,600505,西昌电力,9.7,4.3,0.4,271007.0,260088903.0,8.06,9.92,9.17,9.36,9.3,7.43,-69.28,2.99
18,19,300139,晓程科技,18.53,4.22,0.75,436721.0,771352623.23,11.25,18.6,16.6,16.6,17.78,18.69,128.1,5.27
19,20,000631,顺发恒业,2.72,4.21,0.11,147707.0,39380867.04,4.21,2.74,2.63,2.67,2.61,0.62,97.93,1.15
20,21,300080,易成新能,4.03,4.13,0.16,193395.0,76319459.33,4.65,4.04,3.86,3.87,3.87,1.49,-8.55,1.4
21,22,000885,城发环境,12.62,4.13,0.5,50624.0,63423480.6,2.97,12.68,12.32,12.56,12.12,0.79,8.27,1.03
22,23,300614,百川畅银,10.41,4.1,0.41,27518.0,28200329.87,6.5,10.65,10.0,10.2,10.0,1.72,-18.72,1.22
23,24,300867,圣元环保,13.65,3.96,0.52,34293.0,46121398.0,3.58,13.68,13.21,13.37,13.13,1.79,18.11,1.03
24,25,301109,军信股份,17.08,3.96,0.65,36191.0,61349311.1,4.81,17.43,16.64,16.64,16.43,3.67,13.06,1.39
25,26,601033,永兴股份,14.56,3.93,0.55,53270.0,76310182.0,4.64,14.64,13.99,14.09,14.01,3.55,15.53,1.3
26,27,300317,珈伟新能,4.03,3.87,0.15,220810.0,87752780.46,7.22,4.12,3.84,3.94,3.88,2.66,-38.28,1.84
27,28,000875,吉电股份,5.41,3.84,0.2,524086.0,277665881.46,5.37,5.45,5.17,5.25,5.21,1.88,6.9,1.17
28,29,300040,九洲集团,6.27,3.81,0.23,220565.0,134894974.95,5.46,6.29,5.96,6.1,6.04,4.79,23.01,1.27
29,30,688379,华光新材,17.19,3.55,0.59,12043.0,20208725.0,5.36,17.29,16.4,16.68,16.6,1.35,17.1,1.62
30,31,002060,广东建工,3.86,3.49,0.13,222420.0,84713716.9,3.75,3.87,3.73,3.79,3.73,1.42,15.83,1.12
31,32,300062,中能电气,5.71,3.44,0.19,103600.0,58219089.2,3.99,5.73,5.51,5.54,5.52,2.68,61.55,2.44
32,33,002062,宏润建设,3.97,3.39,0.13,84031.0,33220734.98,3.39,3.99,3.86,3.92,3.84,0.85,11.69,1.0
33,34,600310,广西能源,4.02,3.34,0.13,164315.0,65196186.0,2.83,4.02,3.91,3.93,3.89,1.12,257.58,1.99
34,35,002053,云南能投,12.46,3.32,0.4,51354.0,62948783.57,4.98,12.57,11.97,12.13,12.06,0.56,10.09,1.57
35,36,301179,泽宇智能,17.87,3.24,0.56,24619.0,43032543.25,4.74,17.9,17.08,17.57,17.31,2.92,28.67,2.63
36,37,301131,聚赛龙,33.48,3.21,1.04,7658.0,25007742.0,4.62,33.5,32.0,32.44,32.44,3.32,55.07,1.99
37,38,600644,乐山电力,6.14,3.19,0.19,94356.0,57146219.0,4.54,6.18,5.91,5.95,5.95,1.75,178.72,1.81
38,39,600251,冠农股份,7.64,3.1,0.23,62868.0,47359649.0,3.51,7.65,7.39,7.4,7.41,0.81,9.81,1.62
39,40,600796,钱江生化,4.7,3.07,0.14,37964.0,17645115.0,2.85,4.71,4.58,4.6,4.56,1.26,24.76,1.27
40,41,000993,闽东电力,9.11,3.05,0.27,135551.0,123897192.77,6.22,9.5,8.95,9.36,8.84,3.08,38.96,1.72
41,42,600667,太极实业,6.19,3.0,0.18,339734.0,205191686.0,4.99,6.21,5.91,6.03,6.01,1.61,17.24,1.6
42,43,603685,晨丰科技,11.74,2.98,0.34,8687.0,10092060.0,3.16,11.81,11.45,11.45,11.4,0.51,83.15,1.76
43,44,600979,广安爱众,3.47,2.97,0.1,254791.0,87180682.0,3.56,3.48,3.36,3.4,3.37,2.07,18.12,0.98
44,45,002862,实丰文化,15.54,2.91,0.44,43984.0,68142925.0,2.58,15.67,15.28,15.4,15.1,4.88,377.57,4.54
45,46,600008,首创环保,3.23,2.87,0.09,1115269.0,357739831.0,2.87,3.25,3.16,3.2,3.14,1.52,12.94,1.23
46,47,000767,晋控电力,2.54,2.83,0.07,186736.0,46737506.4,3.64,2.55,2.46,2.48,2.47,0.64,-10.39,1.36
47,48,300141,和顺电气,9.14,2.7,0.24,43496.0,39221529.0,3.82,9.18,8.84,8.98,8.9,1.72,640.7,3.48
48,49,002202,金风科技,10.09,2.64,0.26,364527.0,362154405.68,3.26,10.12,9.8,9.84,9.83,1.07,15.37,1.17
49,50,002623,亚玛顿,16.3,2.64,0.42,18984.0,30407813.4,4.09,16.33,15.68,15.88,15.88,0.96,119.72,1.03
50,51,000862,银星能源,4.79,2.57,0.12,76929.0,36321402.0,3.64,4.81,4.64,4.7,4.67,1.23,16.83,1.02
51,52,600863,内蒙华电,4.68,2.41,0.11,675922.0,313697960.0,3.5,4.72,4.56,4.6,4.57,1.04,8.64,1.9
52,53,001289,龙源电力,15.87,2.39,0.37,41485.0,65283003.0,2.71,15.94,15.52,15.63,15.5,3.11,17.33,1.87
53,54,000100,TCL科技,4.3,2.38,0.1,2280413.0,963642539.88,3.81,4.32,4.16,4.2,4.2,1.26,40.57,1.54
54,55,002218,拓日新能,3.46,2.37,0.08,184856.0,63203875.0,3.25,3.47,3.36,3.42,3.38,1.33,109.55,1.16
55,56,003816,中国广核,4.33,2.36,0.1,1595024.0,686088958.9,3.78,4.36,4.2,4.24,4.23,0.41,15.38,1.89
56,57,002226,江南化工,4.43,2.31,0.1,190223.0,82948483.18,3.7,4.44,4.28,4.36,4.33,0.72,14.04,1.3
57,58,605580,恒盛能源,8.92,2.18,0.19,10782.0,9511740.0,3.67,8.98,8.66,8.81,8.73,0.39,24.1,2.83
58,59,601908,京运通,2.83,2.17,0.06,246852.0,68490305.0,3.97,2.83,2.72,2.77,2.77,1.02,-3.15,0.66
59,60,601669,中国电建,5.66,2.17,0.12,1780942.0,1005722744.0,3.25,5.75,5.57,5.65,5.54,1.36,7.69,0.72
60,61,000722,湖南发展,9.47,2.16,0.2,60561.0,56879762.93,2.27,9.5,9.29,9.3,9.27,1.3,47.12,1.43
61,62,000791,甘肃能源,6.26,2.12,0.13,160751.0,99828107.69,2.94,6.3,6.12,6.18,6.13,1.0,17.47,1.14
62,63,002015,协鑫能科,7.79,2.1,0.16,137038.0,104851211.92,3.93,7.8,7.5,7.67,7.63,0.84,15.39,1.09
63,64,603105,芯能科技,8.41,2.06,0.17,74297.0,61404445.0,3.76,8.43,8.12,8.25,8.24,1.49,20.19,2.15
64,65,000155,川能动力,11.01,2.04,0.22,129367.0,140928604.75,3.06,11.02,10.69,10.94,10.79,1.0,16.04,2.0
65,66,003039,顺控发展,12.63,2.02,0.25,25357.0,31743181.0,3.23,12.7,12.3,12.7,12.38,0.41,32.24,3.02
66,67,600395,盘江股份,5.56,2.02,0.11,133297.0,73135557.0,2.94,5.56,5.4,5.46,5.45,0.62,160.1,1.11
67,68,601330,绿色动力,6.22,1.97,0.12,48507.0,29903096.0,2.62,6.25,6.09,6.2,6.1,0.49,14.3,1.13
68,69,600868,梅雁吉祥,2.08,1.96,0.04,161764.0,33267346.0,3.43,2.09,2.02,2.05,2.04,0.85,162.8,1.72
69,70,301175,中科环保,5.31,1.92,0.1,357651.0,187958329.1,3.84,5.36,5.16,5.3,5.21,5.79,23.86,2.28
70,71,002616,长青集团,4.25,1.92,0.08,46778.0,19731514.0,2.64,4.26,4.15,4.24,4.17,0.99,19.11,1.16
71,72,603071,物产环能,12.25,1.91,0.23,18851.0,22834083.0,2.83,12.28,11.94,12.2,12.02,0.79,9.5,1.33
72,73,600982,宁波能源,3.76,1.9,0.07,57616.0,21491226.0,2.44,3.78,3.69,3.71,3.69,0.52,16.9,1.01
73,74,000055,方大集团,3.88,1.84,0.07,57325.0,22125726.36,1.84,3.89,3.82,3.82,3.81,0.85,17.84,0.69
74,75,600101,明星电力,8.4,1.82,0.15,507775.0,421674633.0,6.79,8.56,8.0,8.26,8.25,9.27,27.13,1.61
75,76,001896,豫能控股,3.92,1.82,0.07,123881.0,48122627.0,3.12,3.94,3.82,3.86,3.85,0.94,-69.75,1.88
76,77,002042,华孚时尚,3.37,1.81,0.06,209722.0,69158638.0,4.53,3.37,3.22,3.3,3.31,1.23,63.96,0.95
77,78,000899,赣能股份,8.62,1.77,0.15,101869.0,87081703.56,2.6,8.65,8.43,8.56,8.47,1.04,12.42,1.57
78,79,003035,南网能源,4.63,1.76,0.08,150207.0,68461137.56,3.08,4.63,4.49,4.58,4.55,0.67,42.86,2.54
79,80,601615,明阳智能,10.61,1.73,0.18,243777.0,254775227.0,3.16,10.63,10.3,10.5,10.43,1.08,18.24,0.9
80,81,605028,世茂能源,13.92,1.61,0.22,5373.0,7447705.0,2.12,13.97,13.68,13.78,13.7,0.34,16.46,1.75
81,82,000966,长源电力,4.6,1.55,0.07,177255.0,80973221.35,2.43,4.62,4.51,4.53,4.53,0.64,14.12,1.22
82,83,600795,国电电力,5.26,1.54,0.08,998601.0,521964209.0,3.47,5.31,5.13,5.19,5.18,0.56,6.98,1.72
83,84,600163,中闽能源,5.26,1.54,0.08,280309.0,147053103.0,6.56,5.46,5.12,5.4,5.18,1.47,14.63,1.52
84,85,000601,韶能股份,3.95,1.54,0.06,94131.0,37019801.63,2.06,3.96,3.88,3.92,3.89,0.87,12.81,0.96
85,86,601827,三峰环境,9.23,1.54,0.14,87765.0,81338324.0,3.19,9.39,9.1,9.25,9.09,0.52,11.62,1.44
86,87,000883,湖北能源,5.07,1.4,0.07,231697.0,116765027.37,2.6,5.11,4.98,5.02,5.0,0.36,11.56,0.99
87,88,600236,桂冠电力,6.58,1.39,0.09,180766.0,118621334.0,2.47,6.65,6.49,6.5,6.49,0.23,18.04,3.01
88,89,000690,宝新能源,4.57,1.33,0.06,304509.0,137871018.58,2.66,4.59,4.47,4.54,4.51,1.4,13.58,0.84
89,90,002591,恒大高新,4.76,1.28,0.06,82414.0,38835985.0,3.19,4.78,4.63,4.7,4.7,3.69,57.11,2.09
90,91,600744,华银电力,3.21,1.26,0.04,200998.0,64075696.0,2.21,3.22,3.15,3.18,3.17,0.99,670.23,5.43
91,92,600025,华能水电,10.63,1.24,0.13,387788.0,412663325.0,2.19,10.73,10.5,10.58,10.5,0.22,19.86,2.59
92,93,601985,中国核电,10.79,1.22,0.13,1122736.0,1208797737.0,2.63,10.86,10.58,10.66,10.66,0.59,17.32,2.21
93,94,600396,华电辽能,2.52,1.2,0.03,154762.0,38715832.0,2.81,2.53,2.46,2.49,2.49,1.05,15.42,7.48
94,95,600995,南网储能,10.09,1.2,0.12,96085.0,95945087.0,2.91,10.13,9.84,9.99,9.97,0.87,25.75,1.52
95,96,002404,嘉欣丝绸,6.0,1.18,0.07,53176.0,31634181.0,2.87,6.02,5.85,5.94,5.93,1.17,14.91,1.73
96,97,600283,钱江水利,8.77,1.15,0.1,55566.0,48435522.0,3.23,8.84,8.56,8.73,8.67,1.12,25.47,1.83
97,98,002039,黔源电力,15.79,1.15,0.18,60322.0,94934032.2,2.75,15.94,15.51,15.67,15.61,1.41,25.34,1.76
98,99,600508,上海能源,13.5,1.12,0.15,53299.0,71431822.0,3.0,13.6,13.2,13.35,13.35,0.74,10.34,0.76
99,100,600116,三峡水利,7.43,1.09,0.08,112666.0,83132385.0,2.04,7.46,7.31,7.35,7.35,0.59,31.02,1.28
100,101,002210,飞马国际,1.87,1.08,0.02,369508.0,68199611.21,3.78,1.88,1.81,1.86,1.85,1.39,74.56,15.74
101,102,000539,粤电力Ａ,4.72,1.07,0.05,203970.0,95448905.4,2.57,4.74,4.62,4.69,4.67,0.8,13.72,1.09
102,103,601991,大唐发电,2.86,1.06,0.03,821151.0,233858406.0,2.47,2.88,2.81,2.87,2.83,0.66,8.51,1.78
103,104,600956,新天绿能,7.75,1.04,0.08,52838.0,40676058.0,2.35,7.8,7.62,7.72,7.67,0.24,11.4,1.52
104,105,600027,华电国际,5.83,1.04,0.06,677218.0,393380103.0,3.81,5.91,5.69,5.78,5.77,0.8,9.25,1.46
105,106,600483,福能股份,9.92,1.02,0.1,213835.0,210838968.0,2.24,9.96,9.74,9.88,9.82,0.8,11.11,1.16
106,107,300569,天能重工,5.06,1.0,0.05,132424.0,66340903.99,3.39,5.09,4.92,5.03,5.01,1.3,39.77,0.94
107,108,601619,XD嘉泽新,3.17,0.96,0.03,179655.0,56394905.0,2.55,3.18,3.1,3.15,3.14,0.74,9.37,1.16
108,109,601016,节能风电,3.17,0.96,0.03,547952.0,172456125.0,2.23,3.18,3.11,3.14,3.14,0.92,11.75,1.22
109,110,002329,皇氏集团,3.23,0.94,0.03,156286.0,49704970.0,4.06,3.24,3.11,3.16,3.2,2.37,1094.31,1.59
110,111,002516,旷达科技,4.49,0.9,0.04,128913.0,57154710.24,3.37,4.5,4.35,4.48,4.45,0.89,46.03,1.85
111,112,601222,林洋能源,7.11,0.85,0.06,225698.0,158714155.0,3.12,7.13,6.91,7.09,7.05,1.1,12.23,0.94
112,113,002256,兆新股份,2.4,0.84,0.02,2343337.0,572939709.2,12.18,2.59,2.3,2.59,2.38,16.27,1122.82,3.68
113,114,603693,江苏新能,9.7,0.83,0.08,33943.0,32670090.0,2.39,9.73,9.5,9.61,9.62,0.42,14.78,1.31
114,115,000591,太阳能,4.86,0.83,0.04,312466.0,150860985.1,1.87,4.87,4.78,4.83,4.82,0.87,11.68,0.82
115,116,600032,浙江新能,8.12,0.74,0.06,68349.0,54970609.0,2.23,8.14,7.96,8.06,8.06,0.28,21.88,1.58
116,117,600642,申能股份,8.34,0.72,0.06,193050.0,159878046.0,2.66,8.38,8.16,8.29,8.28,0.4,9.31,1.21
117,118,600900,长江电力,29.38,0.58,0.17,1032991.0,3032704814.0,1.54,29.55,29.1,29.22,29.21,0.43,31.63,3.71
118,119,600938,中国海油,30.24,0.57,0.17,371661.0,1122545645.0,2.23,30.58,29.91,30.1,30.07,1.31,9.01,2.0
119,120,600905,三峡能源,4.63,0.43,0.02,951177.0,439604803.0,1.74,4.67,4.59,4.62,4.61,0.33,16.41,1.57
120,121,601778,晶科科技,2.74,0.37,0.01,471551.0,128236196.0,3.66,2.77,2.67,2.76,2.73,1.32,55.72,0.64
121,122,000537,中绿电,9.13,0.33,0.03,120548.0,109131155.0,3.74,9.29,8.95,9.11,9.1,0.65,20.3,0.99
122,123,600821,金开新能,5.66,0.18,0.01,146875.0,82466160.0,3.19,5.72,5.54,5.68,5.65,0.74,11.6,1.24
123,124,600011,华能国际,7.31,0.0,0.0,898371.0,654811023.0,2.46,7.38,7.2,7.31,7.31,0.82,7.7,2.05
124,125,000958,电投产融,,,,,,,,,,4.09,0.0,20.77,1.13
125,126,600674,川投能源,18.08,-0.39,-0.07,323750.0,583341772.0,3.42,18.34,17.72,18.16,18.15,0.66,14.95,2.1
126,127,000027,深圳能源,6.84,-0.87,-0.06,396735.0,269673434.92,4.2,6.96,6.67,6.92,6.9,0.83,9.28,1.09
127,128,605090,九丰能源,27.3,-0.91,-0.25,53619.0,145984956.0,3.16,27.67,26.8,27.31,27.55,1.99,7.88,2.0
128,129,600963,岳阳林纸,5.16,-0.96,-0.05,664158.0,330883234.0,8.06,5.22,4.8,5.02,5.21,3.78,-93.71,1.09
129,130,600886,国投电力,16.21,-1.34,-0.22,328262.0,531850297.0,2.68,16.38,15.94,16.35,16.43,0.47,16.14,2.26
