,序号,代码,名称,最新价,涨跌幅,涨跌额,成交量,成交额,振幅,最高,最低,今开,昨收,换手率,市盈率-动态,市净率
0,1,000617,中油资本,9.32,10.04,0.85,8892648,8163116795.62,7.56,9.32,8.68,9.0,8.47,7.03,19.35,1.15
1,2,601598,中国外运,5.66,6.99,0.37,802722,441138514.0,6.81,5.69,5.33,5.51,5.29,1.53,10.61,1.07
2,3,601600,中国铝业,9.11,6.92,0.59,3476955,3134338208.0,5.87,9.22,8.72,8.72,8.52,2.65,11.14,2.43
3,4,000761,本钢板材,3.4,6.58,0.21,220554,73376193.67,7.21,3.43,3.2,3.2,3.19,0.59,-4.5,0.96
4,5,601668,中国建筑,6.4,5.79,0.35,5458051,3449909917.0,4.79,6.47,6.18,6.18,6.05,1.32,4.52,0.61
5,6,002368,太极股份,21.47,5.45,1.11,289988,606361965.96,7.27,21.66,20.18,20.4,20.36,4.68,-42.12,2.67
6,7,601939,建设银行,8.59,5.27,0.43,2259591,1913506217.0,4.66,8.63,8.25,8.25,8.16,2.36,6.53,0.71
7,8,000059,华锦股份,4.6,5.02,0.22,219382,98338710.76,5.25,4.62,4.39,4.4,4.38,1.37,-4.95,0.54
8,9,601319,中国人保,7.37,4.69,0.33,1372930,992711005.0,4.69,7.38,7.05,7.14,7.04,0.39,7.18,1.29
9,10,601611,中国核建,8.57,4.64,0.38,388424,328463106.0,4.03,8.59,8.26,8.26,8.19,1.29,13.51,1.32
10,11,001965,招商公路,12.36,4.57,0.54,435278,529688167.56,5.58,12.51,11.85,11.99,11.82,0.64,15.56,1.34
11,12,000877,天山股份,5.74,4.55,0.25,236369,133818357.44,3.64,5.75,5.55,5.6,5.49,1.3,-5.98,0.51
12,13,600850,电科数字,21.42,4.39,0.9,97677,202478663.0,6.87,21.54,20.13,20.8,20.52,1.6,54.78,3.34
13,14,601288,农业银行,5.03,4.14,0.2,7681515,3823762022.0,3.73,5.06,4.88,4.9,4.83,0.24,6.48,0.71
14,15,600720,中交设计,9.84,4.13,0.39,126556,121870966.0,4.87,9.87,9.41,9.49,9.45,1.63,16.17,1.64
15,16,600271,航天信息,9.97,4.07,0.39,195119,189269861.0,5.22,9.98,9.48,9.61,9.58,1.05,-131.26,1.33
16,17,601698,中国卫通,16.89,3.94,0.64,258100,429554917.0,4.0,16.96,16.31,16.35,16.25,0.61,87.77,4.57
17,18,601800,中国交建,10.91,3.9,0.41,2054354,2231811489.0,9.05,11.2,10.25,10.4,10.5,1.75,7.79,0.65
18,19,601186,中国铁建,9.68,3.75,0.35,2086859,2024693284.0,7.72,10.09,9.37,9.37,9.33,1.81,5.52,0.51
19,20,601998,中信银行,6.97,3.72,0.25,902124,621480772.0,2.98,6.98,6.78,6.82,6.72,0.23,5.25,0.57
20,21,601898,中煤能源,14.38,3.6,0.5,283022,401791310.0,5.98,14.51,13.68,13.95,13.88,0.31,9.74,1.29
21,22,601728,中国电信,6.52,3.49,0.22,1850556,1187948838.0,3.49,6.54,6.32,6.33,6.3,0.91,13.68,1.31
22,23,002128,电投能源,19.33,3.48,0.65,158492,301054396.6,4.87,19.41,18.5,18.65,18.68,0.71,7.36,1.33
23,24,601117,中国化学,8.24,3.39,0.27,799792,648418038.0,3.76,8.25,7.95,8.03,7.97,1.32,8.87,0.83
24,25,601398,工商银行,6.48,3.35,0.21,6220132,3995763979.0,2.87,6.5,6.32,6.32,6.27,0.23,6.77,0.66
25,26,002415,海康威视,30.6,3.27,0.97,660106,1994081385.16,4.05,30.71,29.51,29.63,29.63,0.72,27.9,3.83
26,27,601328,交通银行,7.6,3.12,0.23,1947505,1475689762.0,3.53,7.68,7.42,7.42,7.37,0.5,6.23,0.61
27,28,601658,邮储银行,5.62,3.12,0.17,2649216,1484314773.0,3.85,5.69,5.48,5.59,5.45,0.39,5.71,0.69
28,29,601766,中国中车,8.31,3.1,0.25,1482562,1219307751.0,3.35,8.34,8.07,8.07,8.06,0.61,28.39,1.49
29,30,600118,中国卫星,25.53,3.03,0.75,135883,341859376.0,3.83,25.56,24.61,24.85,24.78,1.15,1775.55,4.79
30,31,600050,中国联通,5.28,2.92,0.15,1874365,975019775.0,2.92,5.29,5.14,5.15,5.13,0.61,13.9,1.02
31,32,601866,中远海发,2.49,2.89,0.07,692872,170266810.0,2.48,2.49,2.43,2.45,2.42,0.84,18.87,1.13
32,33,601818,光大银行,3.59,2.87,0.1,1727910,617194317.0,2.87,3.62,3.52,3.53,3.49,0.37,4.33,0.46
33,34,001872,招商港口,23.08,2.85,0.64,85484,197226475.53,3.79,23.45,22.6,22.85,22.44,0.49,11.33,0.96
34,35,601916,浙商银行,2.93,2.81,0.08,1719056,500141171.0,2.46,2.94,2.87,2.89,2.85,0.8,5.03,0.49
35,36,600019,宝钢股份,6.96,2.81,0.19,1295061,897457243.0,4.14,7.09,6.81,6.82,6.77,0.59,16.84,0.76
36,37,601988,中国银行,5.16,2.79,0.14,3100417,1590979224.0,2.39,5.18,5.06,5.07,5.02,0.15,6.4,0.66
37,38,003816,中国广核,4.34,2.6,0.11,1598024,687390606.9,3.78,4.36,4.2,4.24,4.23,0.41,15.41,1.89
38,39,600528,中铁工业,8.16,2.51,0.2,253578,205740482.0,3.27,8.22,7.96,7.96,7.96,1.14,9.7,0.78
39,40,601816,京沪高铁,5.86,2.45,0.14,927096,538106608.0,2.45,5.87,5.73,5.77,5.72,0.19,22.63,1.47
40,41,601390,中国中铁,6.75,2.43,0.16,2268099,1530733622.0,4.4,6.89,6.6,6.68,6.59,1.11,5.85,0.57
41,42,601669,中国电建,5.67,2.35,0.13,1783233,1007022190.0,3.25,5.75,5.57,5.65,5.54,1.36,7.7,0.72
42,43,600970,中材国际,10.96,2.33,0.25,147225,160207610.0,3.83,11.09,10.68,10.8,10.71,0.84,10.35,1.48
43,44,000066,中国长城,9.82,2.29,0.22,455467,437075599.46,4.79,9.85,9.39,9.6,9.6,1.45,-37.58,2.59
44,45,600941,中国移动,111.03,2.27,2.46,141092,1556581175.0,3.46,111.7,107.94,107.94,108.57,1.86,14.86,1.77
45,46,600685,中船防务,26.21,2.18,0.56,129169,337873867.0,3.31,26.55,25.7,26.05,25.65,1.57,126.15,2.02
46,47,688009,中国通号,6.57,2.18,0.14,412833,267649470.0,4.04,6.62,6.36,6.51,6.43,0.48,21.75,1.59
47,48,000898,鞍钢股份,2.37,2.16,0.05,381788,90000302.85,3.02,2.39,2.32,2.34,2.32,0.48,-4.14,0.43
48,49,601618,中国中冶,3.38,2.11,0.07,1660980,560269764.0,3.63,3.44,3.32,3.35,3.31,0.93,8.44,0.71
49,50,600498,烽火通信,16.64,2.02,0.33,174019,284399130.0,4.11,16.7,16.03,16.32,16.31,1.51,45.44,1.58
50,51,601179,中国西电,8.14,2.01,0.16,584983,468169228.0,4.39,8.17,7.82,7.99,7.98,1.14,46.12,1.9
51,52,603019,中科曙光,51.95,1.84,0.94,736069,3694143445.0,6.37,52.0,48.75,51.26,51.01,5.05,67.49,4.0
52,53,601868,中国能建,2.35,1.73,0.04,3759159,879232951.0,3.46,2.38,2.3,2.33,2.31,1.16,17.61,0.95
53,54,002230,科大讯飞,43.6,1.61,0.69,372083,1596205120.68,3.54,43.66,42.14,42.91,42.91,1.7,-125.78,6.05
54,55,601006,大秦铁路,6.73,1.51,0.1,778347,521362265.0,1.66,6.74,6.63,6.64,6.63,0.43,10.48,0.82
55,56,601919,中远海控,14.93,1.43,0.21,842833,1255181276.0,2.04,15.02,14.72,14.77,14.72,0.66,7.06,1.13
56,57,600406,国电南瑞,27.02,1.39,0.37,250901,673477086.0,3.3,27.25,26.37,27.02,26.65,0.31,40.06,4.78
57,58,600489,中金黄金,14.32,1.27,0.18,573455,819278936.0,4.1,14.59,14.01,14.23,14.14,1.18,19.92,2.71
58,59,601985,中国核电,10.79,1.22,0.13,1123682,1209818509.0,2.63,10.86,10.58,10.66,10.66,0.6,17.32,2.21
59,60,600025,华能水电,10.62,1.14,0.12,387824,412701580.0,2.19,10.73,10.5,10.58,10.5,0.22,19.84,2.58
60,61,600688,上海石化,2.89,1.05,0.03,258338,74083427.0,2.1,2.9,2.84,2.86,2.86,0.35,552.65,1.24
61,62,601989,中国重工,5.4,0.93,0.05,1507527,812751321.0,3.36,5.49,5.31,5.41,5.35,0.66,115.63,1.47
62,63,600028,中国石化,6.81,0.89,0.06,1352498,921240006.0,2.52,6.9,6.73,6.88,6.75,0.14,11.61,1.0
63,64,688425,铁建重工,4.15,0.73,0.03,271132,111982668.0,2.67,4.18,4.07,4.16,4.12,1.83,15.31,1.32
64,65,000028,国药一致,28.15,0.72,0.2,54015,150416190.9,3.4,28.35,27.4,27.94,27.95,1.13,10.54,0.88
65,66,002916,深南电路,109.23,0.7,0.76,57494,616637203.82,3.97,109.31,105.0,108.4,108.47,1.13,28.37,4.09
66,67,688396,华润微,52.4,0.67,0.35,97585,497770115.0,6.3,52.78,49.5,52.12,52.05,0.74,123.7,3.17
67,68,600938,中国海油,30.24,0.57,0.17,371689,1122630331.0,2.23,30.58,29.91,30.1,30.07,1.31,9.01,2.0
68,69,601088,中国神华,42.8,0.47,0.2,261322,1117222910.0,3.83,43.55,41.92,42.4,42.6,0.16,14.41,2.14
69,70,601857,中国石油,8.74,0.46,0.04,1386542,1213104963.0,2.53,8.84,8.62,8.7,8.7,0.09,9.03,1.07
70,71,600339,中油工程,3.59,0.28,0.01,540450,192146567.0,3.07,3.61,3.5,3.58,3.58,0.97,19.0,0.76
71,72,600150,中国船舶,40.56,0.2,0.08,590510,2404803828.0,3.83,41.58,40.03,40.69,40.48,1.32,64.22,3.72
72,73,600582,天地科技,6.37,0.16,0.01,372908,235522012.0,2.67,6.42,6.25,6.41,6.36,0.9,8.6,1.13
73,74,000999,华润三九,47.55,0.13,0.06,84670,399764594.28,2.88,47.98,46.61,47.53,47.49,0.66,12.73,3.06
74,75,600511,国药股份,32.97,0.09,0.03,50727,167133884.0,2.31,33.42,32.66,33.3,32.94,0.92,12.43,1.54
75,76,600011,华能国际,7.31,0.0,0.0,898508,654911142.0,2.46,7.38,7.2,7.31,7.31,0.82,7.7,2.05
76,77,000778,新兴铸管,4.05,-0.98,-0.04,776770,311733250.94,4.16,4.1,3.93,4.1,4.09,1.99,18.89,0.63
77,78,600845,宝信软件,29.69,-1.1,-0.33,254114,741858290.0,5.73,30.2,28.48,30.02,30.02,1.2,32.17,8.17
78,79,600886,国投电力,16.21,-1.34,-0.22,328464,532177739.0,2.68,16.38,15.94,16.35,16.43,0.47,16.14,2.26
79,80,000032,深桑达Ａ,17.34,-2.36,-0.42,637584,1057128330.38,9.52,17.7,16.01,16.63,17.76,9.89,-260.38,3.12
80,81,600131,国网信通,18.09,-2.95,-0.55,327459,581317924.0,5.95,18.5,17.39,18.38,18.64,2.74,54.69,3.41
81,82,601881,中国银河,14.71,-4.91,-0.76,1840843,2656628615.0,7.63,15.15,13.97,15.01,15.47,2.54,18.33,1.55
