,序号,代码,名称,最新价,涨跌幅,涨跌额,成交量,成交额,振幅,最高,最低,今开,昨收,换手率,市盈率-动态,市净率
0,1,300489,光智科技,27.34,20.02,4.56,4701.0,12851987.2,0.0,27.34,27.34,27.34,22.78,0.34,-53.15,6.58
1,2,600622,光大嘉宝,2.93,10.15,0.27,180942.0,53016132.0,0.0,2.93,2.93,2.93,2.66,1.21,-9.93,0.92
2,3,002130,沃尔核材,15.68,10.04,1.43,1807582.0,2755764700.12,10.95,15.68,14.12,14.35,14.25,14.47,23.55,3.88
3,4,600550,保变电气,9.92,9.98,0.9,1793260.0,1733460453.0,11.2,9.92,8.91,8.96,9.02,9.74,400.87,34.55
4,5,600501,航天晨光,17.84,8.45,1.39,295323.0,516029742.0,7.36,17.88,16.67,16.81,16.45,6.96,-31.24,3.59
5,6,688676,金盘科技,34.25,8.18,2.59,150444.0,500779715.0,8.75,34.58,31.81,31.99,31.66,3.29,35.21,3.74
6,7,300527,中船应急,10.22,7.24,0.69,897656.0,912437559.22,19.1,10.98,9.16,9.16,9.53,9.32,-3853.24,3.9
7,8,600869,远东股份,4.4,6.8,0.28,337417.0,142556247.0,8.01,4.42,4.09,4.13,4.12,1.52,-37.63,2.2
8,9,300411,金盾股份,12.19,6.28,0.72,201774.0,239623578.0,5.49,12.21,11.58,11.58,11.47,6.59,192.55,5.23
9,10,833781,瑞奇智造,5.1,6.25,0.3,34944.0,17392506.21,7.92,5.14,4.76,4.85,4.8,3.77,26.99,1.79
10,11,873576,天力复合,19.68,5.98,1.11,12313.0,23927994.75,8.4,20.13,18.57,18.57,18.57,1.15,27.25,4.87
11,12,831689,克莱特,12.59,5.89,0.7,6757.0,8148331.71,10.01,12.79,11.6,11.6,11.89,1.94,15.21,2.09
12,13,601369,陕鼓动力,8.68,5.85,0.48,186664.0,157357469.0,6.1,8.72,8.22,8.3,8.2,1.1,16.34,1.75
13,14,301548,崇德科技,51.67,5.71,2.79,11704.0,59460662.9,6.01,51.98,49.04,50.0,48.88,4.94,35.66,3.13
14,15,871396,常辅股份,11.73,5.68,0.63,5001.0,5755197.15,6.22,11.76,11.07,11.48,11.1,1.19,23.55,2.34
15,16,836208,青矩技术,22.41,5.36,1.14,5106.0,11231101.7,6.16,22.7,21.39,21.8,21.27,0.92,16.48,2.44
16,17,600021,上海电力,9.38,5.16,0.46,751149.0,696717000.0,3.81,9.45,9.11,9.2,8.92,2.87,9.95,1.4
17,18,301137,哈焊华通,18.73,5.05,0.9,37367.0,68215944.0,6.67,18.8,17.61,17.61,17.83,3.67,119.23,2.56
18,19,603699,纽威股份,21.99,4.96,1.04,44299.0,94402185.0,6.35,22.04,20.71,21.0,20.95,0.59,17.14,4.32
19,20,600416,湘电股份,11.92,4.75,0.54,199628.0,231984528.0,5.27,11.94,11.34,11.44,11.38,1.51,47.36,2.13
20,21,002724,海洋王,5.08,4.74,0.23,64243.0,31830340.22,4.54,5.08,4.86,4.88,4.85,1.12,45.4,1.41
21,22,601611,中国核建,8.57,4.64,0.38,388182.0,328255914.0,4.03,8.59,8.26,8.26,8.19,1.29,13.51,1.32
22,23,688565,力源科技,5.48,4.58,0.24,14322.0,7698647.0,4.96,5.5,5.24,5.31,5.24,0.96,-46.35,1.72
23,24,001379,腾达科技,22.07,4.5,0.95,67154.0,144662879.95,5.26,22.09,20.98,21.18,21.12,13.43,55.23,3.08
24,25,873703,广厦环能,21.75,4.42,0.92,10545.0,22322578.84,6.67,21.87,20.48,20.83,20.83,3.2,12.3,2.29
25,26,603308,应流股份,12.3,4.41,0.52,94134.0,113158881.0,4.58,12.32,11.78,11.99,11.78,1.39,27.49,1.83
26,27,301018,申菱环境,23.44,4.41,0.99,38898.0,88260268.3,7.57,23.55,21.85,22.62,22.45,1.95,28.18,2.47
27,28,001332,锡装股份,30.71,4.38,1.29,11380.0,34441797.65,4.59,30.95,29.6,29.65,29.42,4.21,13.46,1.5
28,29,301082,久盛电气,9.78,4.38,0.41,43044.0,41141718.42,5.76,9.82,9.28,9.42,9.37,4.53,71.25,2.06
29,30,605123,派克新材,57.18,4.34,2.38,12442.0,69344926.0,5.8,57.18,54.0,55.98,54.8,1.03,20.97,1.61
30,31,300402,宝色股份,14.63,4.28,0.6,36256.0,52055667.0,4.49,14.68,14.05,14.13,14.03,1.49,46.76,2.49
31,32,300665,飞鹿股份,6.1,4.27,0.25,66841.0,40364210.0,6.15,6.23,5.87,5.93,5.85,4.44,-12.11,2.39
32,33,600580,卧龙电驱,12.22,4.18,0.49,231734.0,275067582.0,5.29,12.24,11.62,11.73,11.73,1.77,20.35,1.63
33,34,300470,中密控股,36.19,3.99,1.39,25628.0,89923283.66,5.57,36.28,34.34,34.93,34.8,1.33,21.72,3.07
34,35,300034,钢研高纳,17.27,3.97,0.66,214693.0,366568424.2,4.58,17.38,16.62,16.71,16.61,2.8,37.22,3.89
35,36,002149,西部材料,14.77,3.94,0.56,115562.0,169021091.92,4.71,14.89,14.22,14.27,14.21,2.37,37.71,2.44
36,37,002031,巨轮智能,2.91,3.93,0.11,701088.0,199735462.79,5.36,2.94,2.79,2.8,2.8,3.54,564.01,2.63
37,38,603100,川仪股份,19.34,3.92,0.73,59025.0,110093214.0,7.31,19.44,18.08,18.77,18.61,1.16,13.7,2.46
38,39,300855,图南股份,24.08,3.88,0.9,56619.0,133159229.99,4.92,24.15,23.01,23.79,23.18,1.93,24.89,5.1
39,40,300004,南风股份,5.36,3.88,0.2,131674.0,69292220.27,4.65,5.38,5.14,5.17,5.16,2.74,60.89,1.51
40,41,300185,通裕重工,2.42,3.86,0.09,727227.0,174816866.4,2.58,2.43,2.37,2.37,2.33,1.98,116.21,1.41
41,42,000777,中核科技,15.92,3.78,0.58,98856.0,154843794.58,4.17,15.98,15.34,15.34,15.34,2.58,40.5,3.08
42,43,300172,中电环保,5.26,3.75,0.19,228208.0,118583607.54,3.75,5.27,5.08,5.11,5.07,4.36,33.94,1.91
43,44,000151,中成股份,13.05,3.74,0.47,255257.0,325519611.44,10.49,13.38,12.06,12.38,12.58,8.29,-21.23,7.89
44,45,600192,长城电工,5.32,3.7,0.19,102404.0,53733280.0,4.29,5.35,5.13,5.14,5.13,2.32,-14.51,1.76
45,46,002335,科华数据,23.22,3.61,0.81,84011.0,190193854.62,5.4,23.27,22.06,22.6,22.41,2.1,23.75,2.46
46,47,002523,天桥起重,2.61,3.57,0.09,178293.0,45895767.71,3.17,2.61,2.53,2.57,2.52,1.26,72.27,1.61
47,48,300002,神州泰岳,11.74,3.53,0.4,641179.0,726979789.35,6.7,11.79,11.03,11.38,11.34,3.52,18.26,3.65
48,49,600170,上海建工,2.35,3.52,0.08,1537505.0,357343537.0,3.08,2.36,2.29,2.32,2.27,1.73,12.63,0.69
49,50,300478,杭州高新,8.52,3.52,0.29,27398.0,23039768.7,3.89,8.6,8.28,8.28,8.23,2.16,-61.77,12.92
50,51,300963,中洲特材,8.85,3.51,0.3,34006.0,29475112.21,4.09,8.86,8.51,8.56,8.55,1.7,30.61,2.85
51,52,000922,佳电股份,10.69,3.48,0.36,90531.0,94687304.51,5.32,10.74,10.19,10.33,10.33,1.54,18.15,1.95
52,53,002167,东方锆业,6.24,3.48,0.21,229871.0,140291443.75,4.98,6.25,5.95,6.03,6.03,3.03,-40.38,3.3
53,54,002266,浙富控股,3.28,3.47,0.11,281819.0,90604559.5,3.79,3.28,3.16,3.2,3.17,0.58,17.66,1.57
54,55,603333,尚纬股份,3.62,3.43,0.12,109886.0,39191779.0,3.14,3.62,3.51,3.52,3.5,1.77,-438.22,1.05
55,56,603269,海鸥股份,8.46,3.3,0.27,33169.0,27429800.0,4.4,8.47,8.11,8.19,8.19,1.5,33.51,1.91
56,57,601177,杭齿前进,8.15,3.3,0.26,48648.0,39443533.0,3.68,8.3,8.01,8.3,7.89,1.22,14.5,1.34
57,58,000932,华菱钢铁,4.47,3.23,0.14,1394131.0,620733399.03,3.7,4.55,4.39,4.41,4.33,2.02,11.6,0.58
58,59,300092,科新机电,10.96,3.2,0.34,58388.0,62977246.0,3.77,10.97,10.57,10.72,10.62,2.78,15.48,1.93
59,60,600269,赣粤高速,5.0,3.09,0.15,175236.0,86375178.0,3.51,5.03,4.86,4.87,4.85,0.75,9.31,0.65
60,61,603011,合锻智能,6.38,3.07,0.19,93547.0,58864950.0,3.39,6.39,6.18,6.25,6.19,1.89,146.9,1.41
61,62,000993,闽东电力,9.11,3.05,0.27,135551.0,123897192.77,6.22,9.5,8.95,9.36,8.84,3.08,38.96,1.72
62,63,000881,中广核技,6.96,2.96,0.2,80292.0,55095589.84,3.55,6.98,6.74,6.76,6.76,1.02,-38.0,1.2
63,64,301596,瑞迪智驱,73.29,2.85,2.03,10443.0,74525021.0,5.89,73.33,69.13,70.78,71.26,7.58,40.02,5.17
64,65,000969,安泰科技,9.48,2.82,0.26,155427.0,144799964.05,3.47,9.49,9.17,9.29,9.22,1.51,17.76,1.85
65,66,002110,三钢闽光,3.3,2.8,0.09,182513.0,59562330.0,3.12,3.31,3.21,3.24,3.21,0.75,-17.27,0.4
66,67,600558,大西洋,3.77,2.72,0.1,126170.0,47001751.0,3.27,3.79,3.67,3.7,3.67,1.41,27.35,1.46
67,68,301040,中环海陆,13.48,2.67,0.35,36636.0,48325285.0,5.1,13.52,12.85,13.32,13.13,5.13,-18.28,1.48
68,69,301028,东亚机械,10.47,2.65,0.27,28482.0,29336986.0,3.92,10.5,10.1,10.2,10.2,1.16,16.65,2.83
69,70,300153,科泰电源,7.3,2.53,0.18,55268.0,39760982.72,3.93,7.32,7.04,7.12,7.12,1.74,65.97,2.74
70,71,002692,远程股份,4.06,2.53,0.1,186061.0,75168879.28,6.57,4.16,3.9,3.96,3.96,2.59,34.17,2.54
71,72,600875,东方电气,15.01,2.46,0.36,213734.0,318663976.0,2.25,15.06,14.73,14.85,14.65,1.06,13.83,1.25
72,73,000967,盈峰环境,4.6,2.45,0.11,153281.0,69626170.5,3.12,4.61,4.47,4.53,4.49,0.48,19.13,0.85
73,74,000825,太钢不锈,3.79,2.43,0.09,379077.0,142530868.63,2.43,3.8,3.71,3.73,3.7,0.67,77.8,0.64
74,75,000037,深南电A,8.1,2.4,0.19,70886.0,56984163.0,3.29,8.16,7.9,7.97,7.91,2.09,-64.49,3.43
75,76,002204,大连重工,4.71,2.39,0.11,191194.0,88942673.0,2.83,4.72,4.59,4.65,4.6,0.99,16.59,1.28
76,77,002218,拓日新能,3.46,2.37,0.08,184856.0,63203875.0,3.25,3.47,3.36,3.42,3.38,1.33,109.55,1.16
77,78,003816,中国广核,4.33,2.36,0.1,1595024.0,686088958.9,3.78,4.36,4.2,4.24,4.23,0.41,15.38,1.89
78,79,688290,景业智能,33.98,2.35,0.78,4275.0,14098225.0,5.54,33.99,32.15,33.21,33.2,0.7,139.13,2.79
79,80,600328,中盐化工,8.3,2.34,0.19,155389.0,127068414.0,2.84,8.3,8.07,8.18,8.11,1.06,13.86,1.04
80,81,002598,山东章鼓,7.89,2.33,0.18,33624.0,26234896.26,2.59,7.9,7.7,7.75,7.71,1.19,19.14,2.03
81,82,002318,久立特材,22.11,2.27,0.49,82524.0,179133858.3,3.89,22.14,21.3,21.77,21.62,0.86,16.77,3.0
82,83,603169,兰石重装,5.04,2.23,0.11,128870.0,63996299.0,3.04,5.04,4.89,4.93,4.93,0.99,47.09,2.05
83,84,002358,森源电气,3.67,2.23,0.08,101436.0,36825782.0,3.06,3.69,3.58,3.59,3.59,1.09,39.11,1.07
84,85,600202,哈空调,4.22,2.18,0.09,40689.0,17053978.0,2.42,4.24,4.14,4.14,4.13,1.06,90.86,1.93
85,86,600307,酒钢宏兴,1.41,2.17,0.03,226847.0,31603689.0,2.17,1.41,1.38,1.39,1.38,0.36,-4.56,0.96
86,87,000898,鞍钢股份,2.37,2.16,0.05,381788.0,90000302.85,3.02,2.39,2.32,2.34,2.32,0.48,-4.14,0.43
87,88,605167,利柏特,8.63,2.13,0.18,33294.0,28371007.0,3.55,8.65,8.35,8.49,8.45,0.74,14.9,2.26
88,89,300712,永福股份,23.81,2.1,0.49,14130.0,33087584.68,4.5,23.95,22.9,23.42,23.32,0.76,73.66,3.26
89,90,688186,广大特材,12.95,2.05,0.26,32549.0,41675166.0,3.7,13.06,12.59,13.06,12.69,1.52,32.43,0.84
90,91,002227,奥 特 迅,9.0,2.04,0.18,40931.0,36366917.0,3.85,9.09,8.75,8.81,8.82,1.65,-63.89,2.15
91,92,002756,永兴材料,36.67,2.03,0.73,69934.0,251792268.5,3.9,36.7,35.3,36.0,35.94,1.8,12.86,1.63
92,93,002533,金杯电工,10.06,2.03,0.2,95406.0,95192044.0,2.74,10.1,9.83,9.98,9.86,1.5,13.39,1.92
93,94,000600,建投能源,5.15,1.98,0.1,218826.0,111661412.39,2.97,5.18,5.03,5.08,5.05,2.01,13.97,0.92
94,95,000811,冰轮环境,9.56,1.92,0.18,80305.0,75854562.05,3.41,9.58,9.26,9.47,9.38,1.08,11.03,1.29
95,96,300198,纳川股份,2.13,1.91,0.04,619224.0,130224694.2,4.78,2.15,2.05,2.09,2.09,6.04,-28.45,3.06
96,97,601226,华电重工,5.36,1.9,0.1,62163.0,32943871.0,2.85,5.36,5.21,5.27,5.26,0.54,85.0,1.48
97,98,002255,海陆重工,4.89,1.88,0.09,81979.0,39729471.0,2.92,4.91,4.77,4.83,4.8,1.26,16.14,1.04
98,99,603280,南方路机,20.17,1.87,0.37,8835.0,17625247.0,2.53,20.2,19.7,19.8,19.8,3.16,15.97,1.7
99,100,002630,华西能源,2.77,1.84,0.05,299010.0,82093163.0,2.57,2.77,2.7,2.73,2.72,2.82,26.33,5.33
100,101,603969,银龙股份,5.01,1.83,0.09,78178.0,38730502.0,3.86,5.03,4.84,4.95,4.92,0.93,21.32,1.83
101,102,603315,福鞍股份,9.54,1.81,0.17,24082.0,22822774.0,2.67,9.6,9.35,9.37,9.37,0.78,24.84,1.93
102,103,600973,宝胜股份,3.93,1.81,0.07,110645.0,43068197.0,2.59,3.94,3.84,3.88,3.86,0.81,144.43,1.43
103,104,000899,赣能股份,8.62,1.77,0.15,101869.0,87081703.56,2.6,8.65,8.43,8.56,8.47,1.04,12.42,1.57
104,105,600516,方大炭素,5.19,1.76,0.09,405360.0,207137565.0,3.14,5.2,5.04,5.11,5.1,1.01,60.71,1.21
105,106,601868,中国能建,2.35,1.73,0.04,3751205.0,877363559.0,3.46,2.38,2.3,2.33,2.31,1.16,17.61,0.95
106,107,002671,龙泉股份,4.12,1.73,0.07,128829.0,52684170.54,3.21,4.15,4.02,4.06,4.05,2.33,70.37,1.44
107,108,002366,融发核电,3.65,1.67,0.06,166226.0,59946077.0,3.34,3.67,3.55,3.59,3.59,1.32,2101.06,1.63
108,109,605222,起帆电缆,15.74,1.61,0.25,28355.0,43921280.0,3.29,15.76,15.25,15.5,15.49,0.69,17.59,1.46
109,110,601727,上海电气,4.5,1.58,0.07,531746.0,237750408.0,2.26,4.52,4.42,4.46,4.43,0.42,58.25,1.31
110,111,002438,江苏神通,10.93,1.58,0.17,58436.0,62909101.0,3.53,10.97,10.59,10.85,10.76,1.25,19.31,1.66
111,112,000601,韶能股份,3.95,1.54,0.06,94131.0,37019801.63,2.06,3.96,3.88,3.92,3.89,0.87,12.81,0.96
112,113,600157,永泰能源,1.32,1.54,0.02,4524708.0,589036512.0,3.08,1.32,1.28,1.3,1.3,2.04,12.33,0.62
113,114,000633,合金投资,4.82,1.47,0.07,101505.0,48367009.0,3.79,4.85,4.67,4.75,4.75,2.64,292.32,10.22
114,115,002276,万马股份,7.67,1.46,0.11,132722.0,100469796.0,2.91,7.68,7.46,7.6,7.56,1.32,18.92,1.4
115,116,600226,亨通股份,2.12,1.44,0.03,139098.0,29248710.0,2.87,2.13,2.07,2.1,2.09,0.45,27.82,1.9
116,117,600110,诺德股份,3.59,1.41,0.05,227714.0,80887147.0,3.39,3.61,3.49,3.6,3.54,1.31,-19.58,1.06
117,118,600169,太原重工,2.17,1.4,0.03,189034.0,40809041.0,2.34,2.18,2.13,2.16,2.14,0.57,98.82,1.39
118,119,000883,湖北能源,5.07,1.4,0.07,231697.0,116765027.37,2.6,5.11,4.98,5.02,5.0,0.36,11.56,0.99
119,120,002478,常宝股份,5.21,1.36,0.07,64737.0,33475610.0,2.33,5.23,5.11,5.18,5.14,0.9,7.2,0.88
120,121,601106,中国一重,3.11,1.3,0.04,600577.0,186254417.0,3.58,3.15,3.04,3.09,3.07,0.88,-61.61,2.46
121,122,600744,华银电力,3.21,1.26,0.04,200998.0,64075696.0,2.21,3.22,3.15,3.18,3.17,0.99,670.23,5.43
122,123,000543,皖能电力,8.07,1.25,0.1,281720.0,225227445.0,3.26,8.12,7.86,7.98,7.97,1.24,8.54,1.28
123,124,002564,*ST天沃,3.31,1.22,0.04,114235.0,37114058.01,4.28,3.32,3.18,3.23,3.27,1.33,91.66,21.84
124,125,601985,中国核电,10.79,1.22,0.13,1122736.0,1208797737.0,2.63,10.86,10.58,10.66,10.66,0.59,17.32,2.21
125,126,002498,汉缆股份,3.33,1.22,0.04,205102.0,67722458.74,2.74,3.35,3.26,3.31,3.29,0.62,14.49,1.39
126,127,601991,大唐发电,2.86,1.06,0.03,821151.0,233858406.0,2.47,2.88,2.81,2.87,2.83,0.66,8.51,1.78
127,128,600483,福能股份,9.92,1.02,0.1,213835.0,210838968.0,2.24,9.96,9.74,9.88,9.82,0.8,11.11,1.16
128,129,002011,盾安环境,10.99,0.73,0.08,109434.0,118660236.53,4.58,11.1,10.6,11.03,10.91,1.19,12.35,2.39
129,130,600642,申能股份,8.34,0.72,0.06,193050.0,159878046.0,2.66,8.38,8.16,8.29,8.28,0.4,9.31,1.21
130,131,600900,长江电力,29.38,0.58,0.17,1032991.0,3032704814.0,1.54,29.55,29.1,29.22,29.21,0.43,31.63,3.71
131,132,002534,西子洁能,11.59,0.43,0.05,74598.0,85214157.17,4.07,11.67,11.2,11.54,11.54,1.02,12.52,2.14
132,133,601399,国机重装,3.03,0.33,0.01,369924.0,111447519.0,2.65,3.05,2.97,3.03,3.02,0.51,51.3,1.55
133,134,001255,博菲电气,24.0,0.25,0.06,17359.0,41578457.1,4.85,24.66,23.5,24.45,23.94,8.68,1098.59,2.63
134,135,300084,海默科技,6.16,0.16,0.01,85728.0,51615898.09,4.39,6.17,5.9,6.05,6.15,2.51,-32.38,2.29
135,136,603991,至正股份,,,,,,,,,,66.01,0.0,-397.66,19.67
136,137,600023,浙能电力,6.39,0.0,0.0,416386.0,265150597.0,3.29,6.46,6.25,6.4,6.39,0.31,10.91,1.25
137,138,600011,华能国际,7.31,0.0,0.0,898371.0,654811023.0,2.46,7.38,7.2,7.31,7.31,0.82,7.7,2.05
