,序号,代码,名称,最新价,涨跌幅,涨跌额,成交量,成交额,振幅,最高,最低,今开,昨收,换手率,市盈率-动态,市净率
0,1,300227,光韵达,7.87,13.89,0.96,367533,274356802.04,15.48,7.98,6.91,7.04,6.91,8.91,145.79,2.46
1,2,688543,国科军工,48.88,13.41,5.78,77031,363422820.0,10.3,48.88,44.44,45.0,43.1,9.43,53.92,3.97
2,3,300900,广联航空,22.51,13.17,2.62,244619,530871516.17,11.76,22.64,20.3,20.3,19.89,11.23,81.89,4.58
3,4,873169,七丰精工,8.35,13.14,0.97,74168,60438060.72,14.23,8.48,7.43,7.51,7.38,14.69,68.22,2.22
4,5,688629,华丰科技,28.61,12.77,3.24,135561,367255862.0,13.36,29.05,25.66,25.8,25.37,8.23,-367.86,9.02
5,6,688143,长盈通,23.2,10.95,2.29,34800,76918819.0,11.14,23.23,20.9,21.0,20.91,3.74,93.54,2.4
6,7,002512,达华智能,4.58,10.1,0.42,1056549,473370605.54,11.3,4.58,4.11,4.16,4.16,10.08,1271.37,11.31
7,8,835640,富士达,16.09,9.98,1.46,22085,34133128.72,12.3,16.16,14.36,14.85,14.63,1.25,44.89,3.57
8,9,300719,安达维尔,21.48,9.87,1.93,278927,590362210.02,11.51,22.3,20.05,20.2,19.55,15.53,191.0,5.2
9,10,300159,新研股份,3.01,9.85,0.27,1445672,434143655.99,14.6,3.2,2.8,2.8,2.74,9.82,-16.5,-44.55
10,11,600877,电科芯片,13.89,9.46,1.2,287017,381756699.0,11.82,13.96,12.46,12.69,12.69,3.11,214.31,6.76
11,12,301517,陕西华达,52.64,9.3,4.48,35417,178721139.76,8.55,52.82,48.7,49.5,48.16,15.85,115.07,4.25
12,13,301306,西测测试,37.72,9.02,3.12,42121,154371991.0,7.54,37.86,35.25,35.25,34.6,10.72,-32.4,2.82
13,14,001270,铖昌科技,37.41,8.88,3.05,59897,215705134.35,7.8,37.46,34.78,34.88,34.36,5.91,-159.66,5.72
14,15,003009,中天火箭,42.85,8.65,3.41,41457,174201438.82,6.92,42.88,40.15,40.28,39.44,2.67,162.55,4.23
15,16,300053,航宇微,13.0,8.51,1.02,478323,596875312.17,9.02,13.03,11.95,11.98,11.98,7.53,-184.15,4.43
16,17,300593,新雷能,12.15,8.48,0.95,129601,151480730.04,8.3,12.18,11.25,11.36,11.2,2.88,-48.43,2.29
17,18,002085,万丰奥威,14.48,8.46,1.13,1168055,1619964203.88,9.06,14.5,13.29,13.47,13.35,5.5,38.62,4.58
18,19,688066,航天宏图,18.73,8.45,1.46,140843,254124653.0,8.22,18.77,17.35,17.64,17.27,5.39,-13.25,2.43
19,20,600501,航天晨光,17.84,8.45,1.39,295323,516029742.0,7.36,17.88,16.67,16.81,16.45,6.96,-31.24,3.59
20,21,430564,天润科技,13.41,8.41,1.04,26504,34525502.87,10.75,13.7,12.37,12.37,12.37,7.85,-53.48,3.25
21,22,300775,三角防务,28.46,8.17,2.15,325019,913488190.69,7.6,29.09,27.09,27.09,26.31,6.1,26.86,2.82
22,23,688682,霍莱沃,33.45,7.87,2.44,14241,46267485.0,7.71,33.59,31.2,31.2,31.01,1.96,197.5,3.72
23,24,300696,爱乐达,17.41,7.74,1.25,158745,270126931.16,6.68,17.48,16.4,16.71,16.16,8.52,-145.1,2.77
24,25,300447,全信股份,14.14,7.69,1.01,82705,114090687.06,7.08,14.18,13.25,13.25,13.13,4.11,51.76,2.17
25,26,300455,航天智装,13.97,7.63,0.99,222154,300584832.94,6.86,14.05,13.16,13.19,12.98,3.14,245.79,5.56
26,27,000901,航天科技,10.92,7.59,0.77,473230,500199169.99,6.31,10.92,10.28,10.35,10.15,5.93,1108.03,2.1
27,28,300762,上海瀚讯,19.47,7.57,1.37,419763,785780710.19,8.01,19.56,18.11,18.55,18.1,6.68,-117.46,5.0
28,29,300045,华力创通,22.18,7.57,1.56,444549,945306435.56,7.86,22.26,20.64,20.8,20.62,9.15,2600.08,8.44
29,30,300342,天银机电,16.55,7.54,1.16,304960,487174036.59,7.28,16.62,15.5,15.6,15.39,7.3,105.47,4.65
30,31,688539,高华科技,24.26,7.54,1.7,18825,43877509.0,8.6,24.35,22.41,22.66,22.56,2.12,73.65,2.58
31,32,688225,亚信安全,16.0,7.53,1.12,21738,33353538.0,8.4,16.05,14.8,15.1,14.88,1.14,-16.66,3.29
32,33,300733,西菱动力,11.34,7.08,0.75,69480,77074601.8,7.18,11.45,10.69,10.85,10.59,3.08,71.39,2.17
33,34,301005,超捷股份,28.16,7.07,1.86,52312,144153760.58,5.44,28.27,26.84,27.3,26.3,3.95,106.51,4.89
34,35,300213,佳讯飞鸿,7.61,6.88,0.49,293718,215410018.1,7.44,7.63,7.1,7.13,7.12,5.33,85.02,2.04
35,36,688102,斯瑞新材,8.67,6.77,0.55,116589,97984636.0,6.16,8.68,8.18,8.3,8.12,2.79,56.37,6.03
36,37,301571,国科天成,52.88,6.72,3.33,88753,457211521.5,6.86,53.26,49.86,51.0,49.55,26.03,82.71,5.5
37,38,301136,招标股份,13.71,6.44,0.83,124337,165865109.43,7.84,13.76,12.75,12.75,12.88,11.97,490.27,2.58
38,39,833943,优机股份,9.31,6.4,0.56,12455,11225062.35,7.66,9.37,8.7,8.87,8.75,3.02,18.81,1.69
39,40,002246,北化股份,10.58,6.22,0.62,335494,351621356.82,6.43,10.81,10.17,10.26,9.96,6.11,83.79,2.01
40,41,000519,中兵红箭,15.02,6.15,0.87,608459,901503529.12,4.38,15.12,14.5,14.6,14.15,4.37,234.56,2.0
41,42,300322,硕贝德,12.74,6.08,0.73,347994,424279112.28,8.74,12.8,11.75,11.92,12.01,7.82,956.57,5.73
42,43,873576,天力复合,19.68,5.98,1.11,12313,23927994.75,8.4,20.13,18.57,18.57,18.57,1.15,27.25,4.87
43,44,002985,北摩高科,22.33,5.93,1.25,48206,105171255.03,4.7,22.35,21.36,21.36,21.08,2.33,55.59,2.9
44,45,301079,邵阳液压,15.9,5.93,0.89,76319,119248063.74,5.73,15.96,15.1,15.1,15.01,13.54,83.49,3.54
45,46,300366,创意信息,10.29,5.86,0.57,279283,276580298.59,7.72,10.33,9.58,9.82,9.72,5.26,-26.97,3.44
46,47,300252,金信诺,8.68,5.85,0.48,237991,201093843.09,5.37,8.7,8.26,8.28,8.2,4.43,894.69,2.68
47,48,000561,烽火电子,7.6,5.7,0.41,161060,119915612.2,5.7,7.63,7.22,7.28,7.19,2.68,-46.29,2.49
48,49,688010,福光股份,16.98,5.66,0.91,11391,18593128.0,6.16,16.99,16.0,16.2,16.07,0.71,-38.96,1.65
49,50,300777,中简科技,27.25,5.62,1.45,112352,299825981.8,5.23,27.4,26.05,26.3,25.8,2.65,57.23,2.9
50,51,002977,天箭科技,29.65,5.59,1.57,27936,81260555.76,5.06,29.68,28.26,28.26,28.08,4.19,159.38,3.27
51,52,002428,云南锗业,13.99,5.58,0.74,307185,420426249.59,5.66,14.04,13.29,13.34,13.25,4.7,-494.2,6.56
52,53,001696,宗申动力,14.6,5.57,0.77,707543,1001891815.93,7.38,14.66,13.64,13.9,13.83,7.94,29.65,3.47
53,54,300136,信维通信,23.32,5.52,1.22,317374,714179496.47,7.42,23.41,21.77,22.3,22.1,3.85,55.65,3.17
54,55,002651,利君股份,5.75,5.5,0.3,129082,72873208.0,4.95,5.77,5.5,5.5,5.45,2.28,35.47,2.17
55,56,688523,航天环宇,20.16,5.44,1.04,26094,51275115.0,4.92,20.16,19.22,19.58,19.12,3.06,179.63,5.25
56,57,603267,鸿远电子,38.38,5.32,1.94,56834,213475862.0,5.52,38.56,36.55,36.94,36.44,2.45,37.0,2.12
57,58,300123,亚光科技,6.19,5.27,0.31,406138,246788899.32,4.25,6.21,5.96,6.03,5.88,4.06,-108.66,2.57
58,59,832885,星辰科技,9.67,5.22,0.48,82901,78015857.89,13.82,9.9,8.63,9.33,9.19,9.58,124.46,4.45
59,60,002829,星网宇达,19.68,5.18,0.97,114956,220430913.68,5.93,19.72,18.61,18.88,18.71,8.03,-124.65,2.14
60,61,002025,航天电器,55.49,5.13,2.71,57477,315070632.61,6.35,56.08,52.73,52.75,52.78,1.27,32.91,3.89
61,62,002413,雷科防务,4.33,5.1,0.21,336199,143776549.89,4.85,4.35,4.15,4.17,4.12,2.69,-43.26,1.54
62,63,002446,盛路通信,6.41,5.08,0.31,298924,186279530.72,6.07,6.45,6.08,6.1,6.1,3.53,59.15,1.8
63,64,002935,天奥电子,15.43,5.04,0.74,83704,126617660.89,4.29,15.48,14.85,14.85,14.69,2.02,212.94,4.26
64,65,603131,上海沪工,15.32,5.0,0.73,148727,224195718.0,5.14,15.32,14.57,14.79,14.59,4.68,62.09,3.96
65,66,603703,盛洋科技,9.52,4.96,0.45,76510,70863004.0,5.62,9.56,9.05,9.05,9.07,1.84,385.24,4.66
66,67,603809,豪能股份,8.38,4.88,0.39,81337,67249329.0,3.5,8.4,8.12,8.18,7.99,1.4,15.04,2.17
67,68,002115,三维通信,5.22,4.82,0.24,221844,113455399.48,7.63,5.33,4.95,4.99,4.98,2.95,613.32,1.8
68,69,002933,新兴装备,28.29,4.78,1.29,49815,140442735.47,5.07,28.77,27.4,27.53,27.0,4.37,161.75,2.23
69,70,688582,芯动联科,41.8,4.74,1.89,53724,215306034.0,8.02,42.0,38.8,39.92,39.91,2.21,148.09,7.86
70,71,601137,博威合金,16.82,4.73,0.76,149406,243242056.0,6.29,16.84,15.83,16.15,16.06,1.91,10.31,1.83
71,72,688568,中科星图,37.68,4.67,1.68,58073,213405563.0,6.33,37.81,35.53,36.4,36.0,1.07,160.97,5.82
72,73,600590,泰豪科技,4.51,4.64,0.2,118604,52847770.0,3.25,4.52,4.38,4.43,4.31,1.41,-32.42,1.13
73,74,300699,光威复材,32.37,4.59,1.42,155223,492653248.45,5.65,32.45,30.7,31.35,30.95,1.89,36.53,4.75
74,75,002151,北斗星通,27.8,4.51,1.2,115007,312713719.6,4.89,27.85,26.55,26.75,26.6,2.6,-171.84,2.77
75,76,001379,腾达科技,22.06,4.45,0.94,67133,144616529.95,5.26,22.09,20.98,21.18,21.12,13.43,55.21,3.08
76,77,301233,盛帮股份,40.22,4.39,1.69,12198,48598816.0,3.22,40.31,39.07,39.07,38.53,6.53,24.47,2.35
77,78,605123,派克新材,57.18,4.34,2.38,12442,69344926.0,5.8,57.18,54.0,55.98,54.8,1.03,20.97,1.61
78,79,688283,坤恒顺维,24.52,4.34,1.02,3541,8395631.0,6.09,24.53,23.1,23.5,23.5,0.41,106.65,3.1
79,80,600862,中航高科,21.9,4.29,0.9,159819,344563249.0,4.19,21.94,21.06,21.37,21.0,1.15,25.27,4.67
80,81,002669,康达新材,9.03,4.27,0.37,79513,70415416.0,4.5,9.04,8.65,8.65,8.66,2.64,-24.24,0.94
81,82,688456,有研粉材,29.59,4.23,1.2,15729,45696227.0,4.51,29.66,28.38,28.78,28.39,1.52,52.19,2.63
82,83,300620,光库科技,41.24,4.14,1.64,58344,234699387.87,5.23,41.35,39.28,39.75,39.6,2.36,169.35,5.49
83,84,300324,旋极信息,3.06,4.08,0.12,710219,212590204.36,5.44,3.08,2.92,2.95,2.94,4.16,-23.07,1.74
84,85,300034,钢研高纳,17.28,4.03,0.67,214665,366520044.2,4.58,17.38,16.62,16.71,16.61,2.8,37.24,3.89
85,86,002297,博云新材,6.74,4.01,0.26,82631,55224428.3,3.24,6.78,6.57,6.58,6.48,1.44,836.22,1.82
86,87,000738,航发控制,21.99,3.97,0.84,120395,262658153.55,4.02,22.18,21.33,21.46,21.15,0.92,30.79,2.39
87,88,600879,航天电子,8.4,3.96,0.32,573512,474356353.0,3.47,8.41,8.13,8.15,8.08,1.78,55.55,1.35
88,89,002149,西部材料,14.77,3.94,0.56,115562,169021091.92,4.71,14.89,14.22,14.27,14.21,2.37,37.71,2.44
89,90,601698,中国卫通,16.89,3.94,0.64,257948,429298290.0,4.0,16.96,16.31,16.35,16.25,0.61,87.77,4.57
90,91,001208,华菱线缆,9.15,3.86,0.34,84194,75666579.3,3.97,9.16,8.81,8.81,8.81,3.39,40.24,3.11
91,92,300456,赛微电子,19.19,3.84,0.71,268310,496486881.81,7.47,19.28,17.9,18.57,18.48,4.52,-164.66,2.78
92,93,002046,国机精工,11.37,3.84,0.42,107906,120892836.44,3.56,11.39,11.0,11.0,10.95,2.05,16.94,1.79
93,94,688182,灿勤科技,14.91,3.83,0.55,42636,61577602.0,6.82,14.96,13.98,14.27,14.36,4.26,87.28,2.77
94,95,300354,东华测试,33.65,3.79,1.23,20934,68422804.25,5.8,33.68,31.8,32.69,32.42,2.58,31.32,6.54
95,96,300281,金明精机,5.58,3.72,0.2,136663,75145763.66,3.9,5.61,5.4,5.41,5.38,3.44,180.62,1.83
96,97,688239,航宇科技,36.06,3.62,1.26,34667,122681252.0,4.43,36.1,34.56,35.03,34.8,2.44,25.77,3.02
97,98,688531,日联科技,51.48,3.58,1.78,20513,100463260.0,9.28,51.9,47.29,50.0,49.7,2.97,38.38,1.87
98,99,300710,万隆光电,17.86,3.48,0.6,29371,51161120.0,5.56,17.88,16.92,17.52,17.26,3.3,101.7,2.66
99,100,002402,和而泰,11.02,3.47,0.37,177750,190152865.39,5.92,11.04,10.41,10.66,10.65,2.22,25.76,2.25
100,101,300846,首都在线,11.66,3.37,0.38,130428,148220177.16,5.59,11.69,11.06,11.29,11.28,3.34,-31.65,5.16
101,102,600592,龙溪股份,9.53,3.36,0.31,65668,61879939.0,3.36,9.55,9.24,9.35,9.22,1.64,29.58,1.58
102,103,002927,泰永长征,11.58,3.3,0.37,37511,42762096.8,4.01,11.59,11.14,11.26,11.21,1.7,34.95,2.52
103,104,300265,通光线缆,7.83,3.3,0.25,113080,87321687.0,3.69,7.83,7.55,7.55,7.58,2.47,41.08,1.59
104,105,688033,天宜上佳,6.12,3.2,0.19,131664,78365665.0,5.56,6.13,5.8,5.98,5.93,2.34,-3.49,0.73
105,106,002848,高斯贝尔,7.86,3.15,0.24,60118,46654694.0,4.99,7.88,7.5,7.62,7.62,3.68,-19.23,9.06
106,107,600118,中国卫星,25.52,2.99,0.74,135777,341588831.0,3.83,25.56,24.61,24.85,24.78,1.15,1774.85,4.79
107,108,688387,信科移动-U,6.21,2.99,0.18,206746,124928690.0,5.14,6.23,5.92,6.07,6.03,1.5,-172.86,3.28
108,109,300129,泰胜风能,7.68,2.95,0.22,132472,99870172.0,3.62,7.69,7.42,7.6,7.46,1.99,27.71,1.64
109,110,301587,中瑞股份,25.97,2.93,0.74,21642,54608295.05,5.39,26.02,24.66,25.23,25.23,7.09,42.51,1.92
110,111,002006,精工科技,13.17,2.89,0.37,51296,66101874.86,4.45,13.17,12.6,12.8,12.8,1.13,30.53,4.48
111,112,300667,必创科技,17.55,2.87,0.49,60714,103591930.25,5.8,17.63,16.64,17.18,17.06,3.52,705.47,2.8
112,113,688562,航天软件,16.19,2.86,0.45,38972,61864182.0,4.32,16.25,15.57,15.71,15.74,2.31,-63.71,3.71
113,114,688323,瑞华泰,11.88,2.86,0.33,15760,18267020.0,5.11,11.89,11.3,11.55,11.55,0.88,-29.59,2.55
114,115,603278,大业股份,5.84,2.82,0.16,68096,39262230.0,3.52,5.85,5.65,5.68,5.68,1.99,-40.65,0.88
115,116,002338,奥普光电,32.67,2.8,0.89,66227,212403310.0,4.47,32.77,31.35,31.7,31.78,2.76,115.02,6.11
116,117,300680,隆盛科技,18.76,2.79,0.51,49855,91750332.0,4.11,18.78,18.03,18.36,18.25,2.88,20.98,2.42
117,118,301366,一博科技,36.09,2.76,0.97,38145,133882032.0,6.09,36.15,34.01,35.32,35.12,6.97,49.35,2.5
118,119,000969,安泰科技,9.47,2.71,0.25,155372,144747824.05,3.47,9.49,9.17,9.29,9.22,1.51,17.74,1.85
119,120,301040,中环海陆,13.48,2.67,0.35,36636,48325285.0,5.1,13.52,12.85,13.32,13.13,5.13,-18.28,1.48
120,121,002201,正威新材,4.69,2.63,0.12,64799,30074021.02,3.28,4.7,4.55,4.62,4.57,1.0,84.58,2.8
121,122,002204,大连重工,4.72,2.61,0.12,191174,88933253.0,2.83,4.72,4.59,4.65,4.6,0.99,16.63,1.28
122,123,002738,中矿资源,33.24,2.43,0.79,120559,393036242.22,3.67,33.26,32.07,32.51,32.45,1.68,25.64,2.04
123,124,002465,海格通信,10.45,2.35,0.24,593563,617214195.62,3.23,10.56,10.23,10.33,10.21,2.44,66.22,2.04
124,125,002278,神开股份,4.93,2.28,0.11,79511,38916018.0,3.11,4.96,4.81,4.87,4.82,2.38,84.7,1.64
125,126,300228,富瑞特装,6.88,2.23,0.15,153834,104085864.8,4.16,6.9,6.62,6.68,6.73,2.83,23.96,1.99
126,127,002560,通达股份,5.98,2.22,0.13,67551,40040942.41,2.22,5.98,5.85,5.9,5.85,1.49,42.74,1.21
127,128,301232,飞沃科技,29.93,2.22,0.65,21784,64580366.97,7.45,30.54,28.36,29.26,29.28,4.98,-23.03,1.52
128,129,002179,中航光电,43.19,1.86,0.79,184470,792345053.06,3.82,43.98,42.36,42.8,42.4,0.89,27.44,4.28
129,130,688333,铂力特,49.94,1.73,0.85,50248,247121461.0,6.17,50.6,47.57,50.0,49.09,1.85,76.95,2.79
130,131,000026,飞亚达,9.87,1.65,0.16,34509,33676803.02,2.78,9.87,9.6,9.71,9.71,0.95,13.61,1.21
131,132,600363,联创光电,27.19,1.49,0.4,70976,188700855.0,4.74,27.24,25.97,26.98,26.79,1.56,27.08,2.98
132,133,688386,泛亚微透,30.64,1.39,0.42,3779,11358905.0,3.84,30.64,29.48,30.4,30.22,0.54,25.13,3.1
133,134,603859,能科科技,18.59,1.36,0.25,63701,115622205.0,5.02,18.63,17.71,18.31,18.34,2.6,24.42,1.63
134,135,605589,圣泉集团,19.72,1.23,0.24,125013,242054498.0,4.11,19.75,18.95,19.66,19.48,1.61,25.19,1.61
135,136,603757,大元泵业,21.02,0.96,0.2,9036,18871930.0,2.88,21.27,20.67,20.8,20.82,0.54,12.51,2.24
136,137,002471,中超控股,2.37,0.85,0.02,204552,48063178.0,3.4,2.39,2.31,2.32,2.35,1.62,-80.57,1.99
137,138,300285,国瓷材料,18.52,0.71,0.13,133163,241803818.57,5.22,18.75,17.79,18.59,18.39,1.66,27.94,2.83
138,139,002284,亚太股份,7.88,0.38,0.03,164549,126933234.61,4.46,7.9,7.55,7.7,7.85,2.25,27.89,2.07
139,140,002075,沙钢股份,6.05,0.0,0.0,1062896,631668329.0,5.95,6.13,5.77,5.98,6.05,4.84,63.79,2.09
140,141,300005,探路者,6.47,-0.31,-0.02,210990,134901031.94,4.93,6.59,6.27,6.5,6.49,2.39,33.44,2.74
141,142,605090,九丰能源,27.3,-0.91,-0.25,53398,145382007.0,3.16,27.67,26.8,27.31,27.55,1.99,7.88,2.0
