,序号,代码,名称,最新价,涨跌幅,涨跌额,成交量,成交额,振幅,最高,最低,今开,昨收,换手率,市盈率-动态,市净率
0,1,835857,百甲科技,4.97,29.77,1.14,186415.0,87848995.29,27.42,4.97,3.92,3.98,3.83,16.04,64.25,1.24
1,2,600939,重庆建工,2.82,10.16,0.26,485209.0,133625156.0,6.25,2.82,2.66,2.7,2.56,2.55,-142.31,0.67
2,3,600622,光大嘉宝,2.93,10.15,0.27,180942.0,53016132.0,0.0,2.93,2.93,2.93,2.66,1.21,-9.93,0.92
3,4,600657,信达地产,4.46,10.12,0.41,355784.0,158679664.0,0.0,4.46,4.46,4.46,4.05,1.25,59.75,0.51
4,5,600120,浙江东方,4.57,10.12,0.42,1647859.0,735794950.0,6.99,4.57,4.28,4.57,4.15,4.82,61.12,1.05
5,6,601929,吉视传媒,1.42,10.08,0.13,2079514.0,284553533.0,9.3,1.42,1.3,1.31,1.29,5.96,-10.92,0.79
6,7,000563,陕国投Ａ,3.72,10.06,0.34,3792082.0,1397598598.39,4.44,3.72,3.57,3.68,3.38,7.42,13.86,1.09
7,8,000514,渝 开 发,4.49,10.05,0.41,959977.0,425759816.55,4.66,4.49,4.3,4.49,4.08,11.38,-57.58,1.02
8,9,601077,渝农商行,6.03,10.04,0.55,2546262.0,1505810283.0,7.48,6.03,5.62,5.62,5.48,2.88,4.65,0.56
9,10,002302,西部建设,7.26,10.0,0.66,1138113.0,808963189.08,8.03,7.26,6.73,6.86,6.6,9.02,814.09,1.0
10,11,600837,海通证券,11.68,9.98,1.06,6379022.0,7355624545.0,5.56,11.68,11.09,11.68,10.62,6.61,80.05,0.94
11,12,000042,中洲控股,4.86,9.95,0.44,200700.0,94175668.1,7.47,4.86,4.53,4.53,4.42,3.02,-3.89,0.61
12,13,000652,泰达股份,4.2,9.95,0.38,799824.0,326005349.27,6.81,4.2,3.94,4.07,3.82,5.42,31.3,1.09
13,14,002628,成都路桥,2.77,9.92,0.25,259104.0,71224084.4,4.37,2.77,2.66,2.7,2.52,3.43,-37.61,0.71
14,15,000826,启迪环境,2.02,9.78,0.18,594226.0,117153215.6,5.98,2.02,1.91,1.96,1.84,4.17,-6.57,0.72
15,16,600595,中孚实业,3.05,9.32,0.26,1060042.0,312269378.0,7.53,3.07,2.86,2.89,2.79,2.64,13.79,0.86
16,17,600390,五矿资本,7.09,9.08,0.59,3215404.0,2166545002.0,11.38,7.15,6.41,6.7,6.5,7.15,17.76,0.75
17,18,600153,建发股份,10.22,8.84,0.83,837527.0,826793498.0,8.41,10.23,9.44,9.5,9.39,2.89,12.56,0.55
18,19,601963,重庆银行,8.4,8.11,0.63,270875.0,222153344.0,6.95,8.42,7.88,7.89,7.77,1.44,4.82,0.57
19,20,002479,富春环保,4.61,7.96,0.34,276823.0,126390125.6,3.98,4.66,4.49,4.5,4.27,3.21,20.2,1.01
20,21,300732,设研院,8.14,7.81,0.59,172517.0,136475709.66,7.55,8.2,7.63,7.68,7.55,5.33,-15.09,0.97
21,22,601665,齐鲁银行,5.6,7.69,0.4,523786.0,284352920.0,6.73,5.61,5.26,5.3,5.2,1.08,5.77,0.76
22,23,600266,城建发展,5.75,7.48,0.4,959550.0,533310407.0,7.29,5.78,5.39,5.5,5.35,4.62,-43.34,0.6
23,24,831768,拾比佰,5.57,7.12,0.37,11002.0,5866659.99,9.04,5.59,5.12,5.29,5.2,1.44,-614.82,0.94
24,25,601997,贵阳银行,6.33,7.11,0.42,1294607.0,806318816.0,3.72,6.35,6.13,6.14,5.91,3.54,4.34,0.39
25,26,300057,万顺新材,5.16,7.05,0.34,200485.0,100477115.93,11.41,5.32,4.77,4.82,4.82,2.72,-251.92,0.86
26,27,600219,南山铝业,4.43,7.0,0.29,1878115.0,817036570.0,7.0,4.47,4.18,4.22,4.14,1.6,11.85,1.06
27,28,605122,四方新材,10.85,7.0,0.71,31007.0,32996361.0,7.4,11.0,10.25,10.3,10.14,1.8,82.71,0.84
28,29,600649,城投控股,4.92,6.72,0.31,1689793.0,817467338.0,9.54,5.07,4.63,5.07,4.61,6.68,-61.14,0.61
29,30,601838,成都银行,16.22,6.64,1.01,759280.0,1207022825.0,5.19,16.29,15.5,15.5,15.21,1.99,5.02,0.91
30,31,601107,四川成渝,5.15,6.63,0.32,463297.0,236564121.0,4.55,5.2,4.98,5.1,4.83,2.14,11.28,1.01
31,32,000761,本钢板材,3.4,6.58,0.21,220438.0,73336800.67,7.21,3.43,3.2,3.2,3.19,0.59,-4.5,0.96
32,33,832023,田野股份,3.41,6.56,0.21,78658.0,25946193.81,9.06,3.44,3.15,3.21,3.2,3.18,20.86,0.92
33,34,600966,博汇纸业,4.88,6.55,0.3,441921.0,215664759.0,8.73,5.04,4.64,4.64,4.58,3.31,24.89,0.96
34,35,601825,沪农商行,8.18,6.51,0.5,660390.0,530990795.0,6.51,8.24,7.74,7.83,7.68,0.71,5.66,0.67
35,36,830964,润农节水,3.64,6.43,0.22,61641.0,21969075.92,7.31,3.65,3.4,3.56,3.42,3.44,47.75,1.06
36,37,600665,天地源,2.99,6.41,0.18,214605.0,62446754.0,5.69,3.0,2.84,2.89,2.81,2.48,-45.06,0.67
37,38,688679,通源环境,7.98,6.4,0.48,19090.0,14908054.0,8.27,8.18,7.56,7.8,7.5,1.45,180.8,0.93
38,39,002142,宁波银行,25.95,6.4,1.56,601134.0,1536617734.18,5.04,26.13,24.9,24.99,24.39,0.92,6.28,0.88
39,40,600048,保利发展,10.89,6.24,0.64,2988924.0,3194483016.0,7.22,11.15,10.41,10.59,10.25,2.5,8.78,0.67
40,41,600919,江苏银行,8.88,6.22,0.52,2815470.0,2469667505.0,5.26,8.92,8.48,8.49,8.36,1.53,4.35,0.73
41,42,000560,我爱我家,3.6,6.19,0.21,2794276.0,979262047.52,7.96,3.65,3.38,3.51,3.39,12.39,144.42,0.89
42,43,601333,广深铁路,3.78,6.18,0.22,674928.0,246651501.0,6.18,3.78,3.56,3.59,3.56,1.19,14.68,0.99
43,44,002589,瑞康医药,3.1,6.16,0.18,733359.0,222033920.62,7.88,3.13,2.9,2.98,2.92,5.37,75.17,0.85
44,45,601577,长沙银行,8.49,6.13,0.49,511825.0,424991136.0,5.13,8.49,8.08,8.08,8.0,1.27,4.14,0.54
45,46,001979,招商蛇口,11.28,6.11,0.65,1714704.0,1902869997.38,4.89,11.32,10.8,10.95,10.63,2.06,36.06,1.06
46,47,600383,金地集团,5.38,6.11,0.31,2353549.0,1237951899.0,7.69,5.45,5.06,5.27,5.07,5.21,-3.61,0.39
47,48,002208,合肥城建,7.48,6.1,0.43,784291.0,587436779.08,7.66,7.76,7.22,7.76,7.05,9.77,208.62,0.91
48,49,600376,首开股份,2.79,6.08,0.16,482796.0,131682857.0,4.56,2.79,2.67,2.71,2.63,1.87,-1.85,0.45
49,50,300118,东方日升,12.61,6.06,0.72,517279.0,641672602.39,6.9,12.78,11.96,12.08,11.89,5.58,-7.47,1.03
50,51,600502,安徽建工,5.11,6.02,0.29,702224.0,351220751.0,5.6,5.15,4.88,4.98,4.82,4.09,7.16,0.87
51,52,600248,陕建股份,4.25,5.99,0.24,695700.0,291042614.0,4.99,4.29,4.09,4.2,4.01,1.89,5.06,0.69
52,53,000401,冀东水泥,5.41,5.87,0.3,197780.0,105309614.33,3.91,5.42,5.22,5.3,5.11,1.28,-8.92,0.52
53,54,600606,绿地控股,2.01,5.79,0.11,1666385.0,330690453.0,7.37,2.06,1.92,2.04,1.9,1.19,67.37,0.35
54,55,605303,园林股份,7.19,5.74,0.39,34406.0,24309214.0,5.0,7.24,6.9,7.0,6.8,2.13,-9.59,1.0
55,56,300070,碧水源,5.24,5.65,0.28,1706581.0,898437498.72,10.69,5.53,5.0,5.53,4.96,4.97,-130.71,0.7
56,57,600926,杭州银行,14.72,5.6,0.78,926682.0,1345481546.0,4.02,14.76,14.2,14.32,13.94,1.73,4.37,0.87
57,58,600801,华新水泥,13.08,5.48,0.68,171200.0,222634140.0,3.95,13.24,12.75,12.75,12.4,1.27,18.61,0.95
58,59,002573,清新环境,4.04,5.48,0.21,140474.0,55987161.0,6.27,4.13,3.89,3.94,3.83,1.0,40.27,0.91
59,60,601668,中国建筑,6.38,5.45,0.33,5443217.0,3440429703.0,4.79,6.47,6.18,6.18,6.05,1.32,4.51,0.61
60,61,600984,建设机械,2.75,5.36,0.14,178159.0,48209838.0,4.98,2.77,2.64,2.64,2.61,1.42,-4.1,0.71
61,62,002948,青岛银行,3.74,5.35,0.19,553576.0,203512867.7,3.94,3.75,3.61,3.62,3.55,1.78,4.12,0.61
62,63,830832,齐鲁华信,5.15,5.32,0.26,12241.0,6096266.72,6.95,5.17,4.83,4.88,4.89,0.98,42.83,0.94
63,64,603518,锦泓集团,7.94,5.31,0.4,88096.0,68352500.0,5.31,7.94,7.54,7.54,7.54,2.56,9.32,0.81
64,65,603458,勘设股份,6.03,5.24,0.3,113083.0,67168700.0,4.89,6.04,5.76,5.78,5.73,3.63,-12.04,0.57
65,66,002822,ST中装,1.81,5.23,0.09,127758.0,22743773.41,5.23,1.81,1.72,1.74,1.72,2.44,-1.45,0.6
66,67,688598,金博股份,21.39,5.21,1.06,78503.0,163632386.0,6.54,21.46,20.13,20.46,20.33,3.85,-21.16,0.74
67,68,601939,建设银行,8.58,5.15,0.42,2257410.0,1911633483.0,4.66,8.63,8.25,8.25,8.16,2.35,6.53,0.71
68,69,600533,栖霞建设,2.26,5.12,0.11,185784.0,41367054.0,3.26,2.27,2.2,2.23,2.15,1.77,-8.31,0.58
69,70,600782,新钢股份,3.72,5.08,0.18,996292.0,362232654.0,5.65,3.74,3.54,3.54,3.54,3.17,-77.52,0.45
70,71,600325,华发股份,7.04,5.07,0.34,725101.0,500393856.0,5.22,7.05,6.7,6.93,6.7,2.82,7.66,0.84
71,72,000672,上峰水泥,7.69,5.05,0.37,104325.0,78733652.35,4.51,7.71,7.38,7.46,7.32,1.08,21.82,0.87
72,73,002197,ST证通,3.75,5.04,0.18,222815.0,82889501.75,3.92,3.75,3.61,3.63,3.57,4.17,-29.54,0.94
73,74,000059,华锦股份,4.6,5.02,0.22,215732.0,96659143.76,5.25,4.62,4.39,4.4,4.38,1.35,-4.95,0.54
74,75,600168,武汉控股,4.47,4.93,0.21,166213.0,73563911.0,6.1,4.56,4.3,4.4,4.26,1.67,27.32,0.84
75,76,300692,中环环保,5.18,4.86,0.24,67255.0,34425968.5,5.06,5.26,5.01,5.16,4.94,1.8,27.3,1.04
76,77,003012,东鹏控股,6.26,4.86,0.29,97928.0,59907579.54,5.03,6.27,5.97,6.03,5.97,0.84,17.44,0.97
77,78,688021,奥福环保,10.37,4.85,0.48,16237.0,16621651.0,5.36,10.45,9.92,10.0,9.89,2.12,-29.1,0.89
78,79,600705,中航产融,3.7,4.82,0.17,2663430.0,961086787.0,9.92,3.8,3.45,3.72,3.53,3.03,68.95,0.89
79,80,002966,苏州银行,8.31,4.79,0.38,913257.0,747881696.12,4.29,8.35,8.01,8.02,7.93,2.54,5.17,0.74
80,81,002212,天融信,5.72,4.76,0.26,368776.0,205177633.76,5.31,5.74,5.45,5.5,5.46,3.16,-16.39,0.73
81,82,603323,苏农银行,5.29,4.75,0.24,382895.0,199405244.0,3.56,5.3,5.12,5.12,5.05,2.43,4.33,0.58
82,83,002918,蒙娜丽莎,8.65,4.72,0.39,61216.0,51851526.18,4.96,8.68,8.27,8.42,8.26,2.79,21.74,0.87
83,84,000415,渤海租赁,2.9,4.69,0.13,1095405.0,310626819.48,4.69,2.91,2.78,2.8,2.77,2.03,12.52,0.58
84,85,839719,宁新新材,8.48,4.69,0.38,31641.0,26037075.42,7.65,8.56,7.94,8.08,8.1,4.75,-21.52,0.85
85,86,000517,荣安地产,2.47,4.66,0.11,578430.0,140403158.1,5.08,2.49,2.37,2.44,2.36,2.32,8.47,0.98
86,87,600449,宁夏建材,12.59,4.66,0.56,88911.0,109230199.0,5.49,12.63,11.97,12.21,12.03,1.86,57.34,0.85
87,88,300190,维尔利,3.62,4.62,0.16,115665.0,41473801.0,5.78,3.69,3.49,3.64,3.46,1.49,33.52,0.79
88,89,000531,穗恒运Ａ,5.43,4.62,0.24,95982.0,51720510.56,4.62,5.51,5.27,5.51,5.19,1.06,30.79,0.85
89,90,000718,苏宁环球,2.27,4.61,0.1,269082.0,59576789.81,4.61,2.27,2.17,2.23,2.17,1.18,13.67,0.72
90,91,000877,天山股份,5.74,4.55,0.25,236215.0,133729987.44,3.64,5.75,5.55,5.6,5.49,1.3,-5.98,0.51
91,92,600082,海泰发展,2.53,4.55,0.11,136695.0,34323398.0,3.31,2.55,2.47,2.5,2.42,2.15,-26.67,0.94
92,93,600658,电子城,4.18,4.5,0.18,205902.0,84465110.0,4.25,4.19,4.02,4.08,4.0,1.84,-48.25,0.64
93,94,601155,新城控股,14.43,4.49,0.62,461534.0,654995674.0,5.65,14.6,13.82,14.1,13.81,2.05,12.35,0.53
94,95,600708,光明地产,2.33,4.48,0.1,427219.0,97955322.0,4.04,2.34,2.25,2.32,2.23,1.92,315.05,0.48
95,96,600337,美克家居,1.64,4.46,0.07,193427.0,31049392.0,4.46,1.64,1.57,1.57,1.57,1.35,-4.27,0.71
96,97,002936,郑州银行,2.11,4.46,0.09,2094990.0,442811270.32,7.43,2.2,2.05,2.13,2.02,3.13,6.02,0.43
97,98,600076,康欣新材,1.88,4.44,0.08,152500.0,28139926.0,4.44,1.88,1.8,1.8,1.8,1.13,-14.48,0.59
98,99,002034,旺能环境,15.31,4.43,0.65,48366.0,73954389.61,2.05,15.48,15.18,15.34,14.66,1.13,9.07,1.03
99,100,603818,曲美家居,2.61,4.4,0.11,183901.0,47149478.0,4.4,2.62,2.51,2.52,2.5,2.68,-7.22,0.81
100,101,603377,ST东时,1.43,4.38,0.06,109959.0,15389288.0,5.11,1.44,1.37,1.4,1.37,1.53,-7.09,0.59
101,102,601169,北京银行,5.97,4.37,0.25,1340005.0,789389139.0,3.67,5.99,5.78,5.78,5.72,0.63,4.33,0.49
102,103,601860,紫金银行,2.89,4.33,0.12,925925.0,263130487.0,4.33,2.9,2.78,2.8,2.77,2.62,5.8,0.56
103,104,000544,中原环保,8.44,4.33,0.35,103451.0,86544620.76,3.21,8.49,8.23,8.34,8.09,1.06,5.84,1.03
104,105,601187,厦门银行,5.34,4.3,0.22,305512.0,160982641.0,3.32,5.36,5.19,5.19,5.12,2.38,5.81,0.57
105,106,000031,大悦城,3.16,4.29,0.13,289759.0,89419990.52,5.61,3.17,3.0,3.09,3.03,0.72,-18.62,1.02
106,107,002314,南山控股,2.44,4.27,0.1,327112.0,78749357.72,4.27,2.46,2.36,2.4,2.34,2.44,-27.95,0.65
107,108,002669,康达新材,9.03,4.27,0.37,79491.0,70395560.0,4.5,9.04,8.65,8.65,8.66,2.64,-24.24,0.94
108,109,601166,兴业银行,19.81,4.26,0.81,1133862.0,2230093583.0,3.63,19.96,19.27,19.27,19.0,0.55,4.78,0.56
109,110,603359,东珠生态,4.21,4.21,0.17,101868.0,42620990.0,5.94,4.32,4.08,4.15,4.04,2.28,72.3,0.57
110,111,000885,城发环境,12.63,4.21,0.51,50579.0,63366652.6,2.97,12.68,12.32,12.56,12.12,0.79,8.27,1.04
111,112,601992,金隅集团,1.74,4.19,0.07,578485.0,99436148.0,3.59,1.75,1.69,1.69,1.67,0.69,-11.52,0.42
112,113,002807,江阴银行,4.23,4.19,0.17,396687.0,165754000.8,2.96,4.24,4.12,4.12,4.06,1.61,7.18,0.6
113,114,000002,万  科Ａ,9.48,4.18,0.38,2941599.0,2749540169.86,4.07,9.53,9.16,9.41,9.1,3.03,-5.74,0.47
114,115,603955,大千生态,8.55,4.14,0.34,36885.0,31422023.0,5.48,8.79,8.34,8.37,8.21,2.72,45.22,0.75
115,116,601288,农业银行,5.03,4.14,0.2,7676205.0,3821088663.0,3.73,5.06,4.88,4.9,4.83,0.24,6.48,0.71
116,117,301292,海科新源,13.96,4.1,0.55,21085.0,28742644.68,5.07,13.99,13.31,13.55,13.41,2.49,-14.09,1.03
117,118,600094,大名城,3.85,4.05,0.15,272194.0,103653334.0,3.78,3.87,3.73,3.81,3.7,1.2,32.76,0.76
118,119,601229,上海银行,7.96,4.05,0.31,877696.0,689514450.0,3.79,8.02,7.73,7.75,7.65,0.63,4.36,0.5
119,120,601515,东峰集团,2.84,4.03,0.11,241010.0,66834555.0,5.49,2.85,2.7,2.72,2.73,1.31,-20.12,0.96
120,121,832175,东方碳素,7.23,4.03,0.28,6399.0,4541344.41,6.04,7.31,6.89,6.96,6.95,1.06,-48.96,1.03
121,122,601800,中国交建,10.92,4.0,0.42,2051173.0,2228340500.0,9.05,11.2,10.25,10.4,10.5,1.75,7.8,0.65
122,123,600928,西安银行,3.64,4.0,0.14,359339.0,128874546.0,3.43,3.64,3.52,3.57,3.5,0.81,6.05,0.51
123,124,688175,高凌信息,14.35,3.99,0.55,6707.0,9471787.0,3.62,14.35,13.85,13.98,13.8,1.15,-41.48,1.02
124,125,600638,新黄浦,4.72,3.96,0.18,94396.0,43926009.0,4.41,4.75,4.55,4.65,4.54,1.4,73.25,0.71
125,126,300867,圣元环保,13.65,3.96,0.52,34162.0,45942613.0,3.58,13.68,13.21,13.37,13.13,1.78,18.11,1.03
126,127,600864,哈投股份,6.13,3.9,0.23,632435.0,376791730.0,6.61,6.15,5.76,6.11,5.9,3.04,55.89,1.02
127,128,600711,ST盛屯,4.28,3.88,0.16,669163.0,282073947.0,4.37,4.32,4.14,4.15,4.12,2.14,5.98,0.9
128,129,688178,万德斯,10.75,3.86,0.4,6940.0,7353623.0,4.35,10.8,10.35,10.46,10.35,0.82,-106.06,0.83
129,130,600585,海螺水泥,25.83,3.86,0.96,379310.0,976619449.0,4.1,26.15,25.13,25.13,24.87,0.95,20.58,0.75
130,131,002663,普邦股份,1.62,3.85,0.06,219672.0,35187919.73,3.21,1.63,1.58,1.61,1.56,1.57,233.64,0.95
131,132,002146,荣盛发展,1.64,3.8,0.06,1209895.0,196410160.05,6.33,1.68,1.58,1.65,1.58,3.1,-11.26,0.31
132,133,601186,中国铁建,9.68,3.75,0.35,2084258.0,2022174424.0,7.72,10.09,9.37,9.37,9.33,1.81,5.52,0.51
133,134,600020,中原高速,4.17,3.73,0.15,302189.0,125268940.0,4.98,4.24,4.04,4.18,4.02,1.34,7.61,0.84
134,135,601512,中新集团,7.79,3.73,0.28,48433.0,37079214.0,3.33,7.79,7.54,7.62,7.51,0.32,10.39,0.81
135,136,002135,东南网架,4.46,3.72,0.16,161216.0,71314015.98,6.51,4.58,4.3,4.32,4.3,1.5,20.13,0.81
136,137,601998,中信银行,6.97,3.72,0.25,899487.0,619643042.0,2.98,6.98,6.78,6.82,6.72,0.23,5.25,0.57
137,138,300616,尚品宅配,13.52,3.68,0.48,59942.0,79518907.7,4.83,13.59,12.96,13.22,13.04,3.84,-14.33,0.84
138,139,600061,国投资本,7.79,3.59,0.27,757271.0,573629379.0,6.25,7.82,7.35,7.64,7.52,1.18,20.01,0.99
139,140,000789,万年青,5.22,3.57,0.18,85718.0,44080139.4,4.17,5.25,5.04,5.08,5.04,1.07,1379.04,0.62
140,141,600908,无锡银行,6.1,3.57,0.21,240364.0,145245713.0,2.89,6.11,5.94,5.97,5.89,1.2,5.02,0.65
141,142,601886,江河集团,5.56,3.54,0.19,105338.0,57640981.0,3.72,5.57,5.37,5.39,5.37,0.93,9.77,0.9
142,143,601528,瑞丰银行,5.27,3.54,0.18,246310.0,128156465.0,3.14,5.29,5.13,5.14,5.09,1.44,6.14,0.59
143,144,600170,上海建工,2.35,3.52,0.08,1533919.0,356499172.0,3.08,2.36,2.29,2.32,2.27,1.73,12.63,0.69
144,145,002839,张家港行,4.41,3.52,0.15,420094.0,183368710.49,2.82,4.42,4.3,4.32,4.26,2.03,5.06,0.63
145,146,600704,物产中大,5.02,3.51,0.17,938490.0,465066156.0,5.15,5.1,4.85,5.05,4.85,1.82,8.28,0.73
146,147,600643,爱建集团,5.63,3.49,0.19,311506.0,171835581.0,6.43,5.66,5.31,5.59,5.44,1.96,21.33,0.72
147,148,000619,海螺新材,4.75,3.49,0.16,53427.0,25120710.0,3.05,4.76,4.62,4.62,4.59,1.48,-86.99,0.78
148,149,000917,电广传媒,5.97,3.47,0.2,259703.0,151712967.68,4.51,5.98,5.72,5.87,5.77,1.83,60.47,0.82
149,150,600208,衢州发展,2.69,3.46,0.09,1652644.0,438609778.0,6.54,2.75,2.58,2.71,2.6,1.94,7.46,0.53
150,151,002160,常铝股份,3.59,3.46,0.12,213218.0,75705720.56,3.75,3.61,3.48,3.48,3.47,2.69,58.53,1.02
151,152,000001,平安银行,12.12,3.41,0.4,1926589.0,2311918745.02,3.33,12.18,11.79,11.98,11.72,0.99,4.54,0.57
152,153,000785,居然之家,2.73,3.41,0.09,469608.0,124836277.46,4.55,2.73,2.61,2.66,2.64,0.79,14.24,0.85
153,154,002062,宏润建设,3.97,3.39,0.13,84015.0,33214381.98,3.39,3.99,3.86,3.92,3.84,0.85,11.69,1.0
154,155,603916,苏博特,7.95,3.38,0.26,56201.0,44165843.0,4.03,7.99,7.68,7.72,7.69,1.34,32.29,0.84
155,156,000546,金圆股份,5.51,3.38,0.18,181009.0,98971329.86,3.94,5.55,5.34,5.34,5.33,2.54,12.34,1.0
156,157,000608,阳光股份,2.15,3.37,0.07,354711.0,75476909.86,6.25,2.2,2.07,2.14,2.08,4.76,-56.35,0.67
157,158,601398,工商银行,6.48,3.35,0.21,6213261.0,3991313246.0,2.87,6.5,6.32,6.32,6.27,0.23,6.77,0.66
158,159,000069,华侨城Ａ,2.78,3.35,0.09,1318717.0,362223809.46,5.95,2.83,2.67,2.79,2.69,1.91,-10.58,0.39
159,160,000797,中国武夷,3.09,3.34,0.1,476580.0,145786238.35,3.68,3.11,3.0,3.07,2.99,3.04,12.09,0.91
160,161,601789,宁波建工,4.02,3.34,0.13,192841.0,76558461.0,3.6,4.04,3.9,3.97,3.89,1.77,15.18,1.01
161,162,002133,广宇集团,2.49,3.32,0.08,127788.0,31688612.64,4.98,2.56,2.44,2.45,2.41,1.66,-15.79,0.5
162,163,600526,菲达环保,4.37,3.31,0.14,75679.0,32849004.0,2.84,4.39,4.27,4.32,4.23,1.06,17.55,0.92
163,164,300305,裕兴股份,5.94,3.3,0.19,96189.0,55423628.07,5.91,5.95,5.61,5.75,5.75,3.02,-10.71,0.9
164,165,833819,颖泰生物,3.13,3.3,0.1,49680.0,15197702.51,4.95,3.14,2.99,3.03,3.03,0.41,-24.17,0.69
165,166,600269,赣粤高速,5.01,3.3,0.16,175160.0,86337098.0,3.51,5.03,4.86,4.87,4.85,0.75,9.33,0.65
166,167,600064,南京高科,6.9,3.29,0.22,246773.0,167716069.0,3.44,6.91,6.68,6.83,6.68,1.43,5.84,0.66
167,168,001227,兰州银行,2.52,3.28,0.08,1228225.0,308209169.63,3.28,2.55,2.47,2.49,2.44,4.44,7.61,0.5
168,169,000090,天健集团,4.13,3.25,0.13,362639.0,148135084.09,3.5,4.15,4.01,4.09,4.0,1.94,15.63,0.69
169,170,000498,山东路桥,6.04,3.25,0.19,183966.0,110555641.6,3.25,6.11,5.92,5.96,5.85,1.26,4.63,0.67
170,171,000932,华菱钢铁,4.47,3.23,0.14,1393761.0,620567821.03,3.7,4.55,4.39,4.41,4.33,2.02,11.6,0.58
171,172,002282,博深股份,6.71,3.23,0.21,44669.0,29570276.0,3.85,6.73,6.48,6.65,6.5,0.89,16.08,1.02
172,173,600162,香江控股,1.61,3.21,0.05,306241.0,48878348.0,3.21,1.62,1.57,1.59,1.56,0.94,62.56,0.89
173,174,601005,重庆钢铁,1.29,3.2,0.04,849569.0,108125140.0,3.2,1.29,1.25,1.27,1.25,1.01,-8.35,0.6
174,175,000573,粤宏远Ａ,2.58,3.2,0.08,140090.0,35837219.16,3.2,2.59,2.51,2.54,2.5,2.21,-122.98,1.01
175,176,600173,卧龙地产,4.2,3.19,0.13,75172.0,31224363.0,2.46,4.2,4.1,4.16,4.07,1.07,13.94,0.77
176,177,605287,德才股份,12.28,3.19,0.38,17105.0,20810300.0,2.44,12.3,12.01,12.15,11.9,1.71,12.86,0.91
177,178,000632,三木集团,3.24,3.18,0.1,105264.0,33904314.8,2.55,3.27,3.19,3.2,3.14,2.26,101.87,0.97
178,179,000050,深天马Ａ,7.79,3.18,0.24,230688.0,174807795.51,5.7,7.82,7.39,7.55,7.55,0.94,-19.56,0.7
179,180,002233,塔牌集团,7.81,3.17,0.24,97852.0,75364875.2,3.57,7.83,7.56,7.63,7.57,0.82,20.58,0.8
180,181,600000,浦发银行,10.48,3.15,0.32,725670.0,754382917.0,2.85,10.54,10.25,10.31,10.16,0.25,5.7,0.49
181,182,002958,青农商行,2.95,3.15,0.09,851651.0,249736915.18,2.45,2.96,2.89,2.89,2.86,1.73,4.04,0.48
182,183,601117,中国化学,8.22,3.14,0.25,797928.0,646883881.0,3.76,8.25,7.95,8.03,7.97,1.32,8.84,0.83
183,184,601328,交通银行,7.6,3.12,0.23,1942686.0,1472026729.0,3.53,7.68,7.42,7.42,7.37,0.49,6.23,0.61
184,185,601658,邮储银行,5.62,3.12,0.17,2641466.0,1479953984.0,3.85,5.69,5.48,5.59,5.45,0.39,5.71,0.69
185,186,002110,三钢闽光,3.31,3.12,0.1,181848.0,59342880.0,3.12,3.31,3.21,3.24,3.21,0.75,-17.32,0.4
186,187,600067,冠城大通,2.32,3.11,0.07,133430.0,30887342.0,4.0,2.37,2.28,2.3,2.25,0.96,-59.85,0.5
187,188,603313,梦百合,6.66,3.1,0.2,63689.0,41560395.0,4.8,6.68,6.37,6.46,6.46,1.12,36.13,0.97
188,189,688275,万润新能,33.12,3.08,0.99,10963.0,35401102.0,4.7,33.2,31.69,32.43,32.13,1.3,-5.16,0.68
189,190,600997,开滦股份,7.03,3.08,0.21,96868.0,67124280.0,3.37,7.04,6.81,6.87,6.82,0.61,11.58,0.79
190,191,688033,天宜上佳,6.11,3.04,0.18,131649.0,78356498.0,5.56,6.13,5.8,5.98,5.93,2.34,-3.49,0.73
191,192,000779,甘咨询,8.16,3.03,0.24,101523.0,82004807.27,3.03,8.16,7.92,8.03,7.92,2.18,15.0,1.01
192,193,600736,苏州高新,4.77,3.02,0.14,229976.0,109061202.0,3.89,4.84,4.66,4.8,4.63,2.0,19.26,0.74
193,194,601588,北辰实业,1.71,3.01,0.05,298105.0,50677912.0,3.61,1.73,1.67,1.69,1.66,1.12,-3.9,0.49
194,195,300970,华绿生物,12.67,3.01,0.37,17204.0,21436932.0,3.82,12.69,12.22,12.36,12.3,1.9,-16.66,1.02
195,196,603003,*ST龙宇,4.48,2.99,0.13,56884.0,25212461.0,4.6,4.53,4.33,4.36,4.35,1.51,46.97,0.46
196,197,600979,广安爱众,3.47,2.97,0.1,253690.0,86798635.0,3.56,3.48,3.36,3.4,3.37,2.06,18.12,0.98
197,198,002131,利欧股份,1.74,2.96,0.05,790304.0,134664587.11,4.14,1.74,1.67,1.69,1.69,1.35,-7.92,0.92
198,199,600279,重庆港,4.2,2.94,0.12,91525.0,37902021.0,2.94,4.21,4.09,4.1,4.08,0.77,51.02,0.8
199,200,002081,金 螳 螂,3.51,2.93,0.1,242501.0,83836559.31,4.11,3.53,3.39,3.42,3.41,0.92,13.54,0.69
200,201,000965,天保基建,3.16,2.93,0.09,366130.0,115014937.79,3.58,3.2,3.09,3.16,3.07,3.3,327.68,0.65
201,202,600551,时代出版,8.52,2.9,0.24,51829.0,43320885.0,4.11,8.52,8.18,8.31,8.28,0.76,16.84,1.03
202,203,600503,华丽家族,2.14,2.88,0.06,165464.0,35308916.0,3.37,2.17,2.1,2.15,2.08,1.03,555.84,0.94
203,204,002585,双星新材,5.35,2.88,0.15,125873.0,65645875.11,5.0,5.37,5.11,5.2,5.2,1.41,-18.57,0.68
204,205,300055,万邦达,5.01,2.87,0.14,82903.0,41059124.0,3.49,5.03,4.86,4.89,4.87,1.31,93.21,0.81
205,206,688737,中自科技,15.06,2.87,0.42,12110.0,17895184.0,3.96,15.06,14.48,14.71,14.64,1.7,162.45,0.96
206,207,601818,光大银行,3.59,2.87,0.1,1724130.0,615833915.0,2.87,3.62,3.52,3.53,3.49,0.37,4.33,0.46
207,208,600820,隧道股份,6.83,2.86,0.19,468999.0,316546835.0,2.56,6.83,6.66,6.72,6.64,1.49,13.67,0.74
208,209,600888,新疆众和,7.57,2.85,0.21,165947.0,124199606.0,3.13,7.6,7.37,7.43,7.36,1.21,8.14,1.02
209,210,002566,益盛药业,6.88,2.84,0.19,32724.0,22234236.0,2.54,6.88,6.71,6.77,6.69,1.41,34.15,1.03
210,211,600016,民生银行,4.0,2.83,0.11,2625961.0,1043012594.0,2.06,4.01,3.93,3.95,3.89,0.74,3.9,0.32
211,212,000863,三湘印象,3.64,2.82,0.1,209317.0,75655722.6,3.11,3.67,3.56,3.63,3.54,1.8,180.41,0.96
212,213,600510,黑牡丹,4.74,2.82,0.13,164969.0,77553796.0,4.12,4.8,4.61,4.76,4.61,1.6,44.65,0.49
213,214,603278,大业股份,5.84,2.82,0.16,68026.0,39221348.0,3.52,5.85,5.65,5.68,5.68,1.99,-40.65,0.88
214,215,001872,招商港口,23.07,2.81,0.63,85266.0,196723373.53,3.79,23.45,22.6,22.85,22.44,0.49,11.33,0.96
215,216,601916,浙商银行,2.93,2.81,0.08,1707461.0,496743719.0,2.46,2.94,2.87,2.89,2.85,0.79,5.03,0.49
216,217,603797,联泰环保,3.68,2.79,0.1,84597.0,30911840.0,2.51,3.7,3.61,3.65,3.58,1.45,9.85,0.69
217,218,600425,青松建化,3.7,2.78,0.1,195124.0,71221181.0,3.89,3.71,3.57,3.63,3.6,1.42,13.79,0.94
218,219,000959,首钢股份,3.34,2.77,0.09,290863.0,95984419.8,2.46,3.34,3.26,3.3,3.25,0.45,32.89,0.52
219,220,002798,帝欧家居,3.74,2.75,0.1,54642.0,20144853.88,3.57,3.76,3.63,3.67,3.64,1.73,-13.07,0.79
220,221,600015,华夏银行,7.5,2.74,0.2,481167.0,358119611.0,2.74,7.55,7.35,7.36,7.3,0.31,4.79,0.42
221,222,002051,中工国际,8.25,2.74,0.22,168026.0,136904409.25,3.49,8.27,7.99,8.11,8.03,1.36,18.78,0.9
222,223,600284,浦东建设,6.01,2.74,0.16,130553.0,77788033.0,2.91,6.03,5.86,5.92,5.85,1.35,11.19,0.77
223,224,601518,吉林高速,2.63,2.73,0.07,162231.0,42155417.0,3.13,2.64,2.56,2.58,2.56,0.86,10.18,0.98
224,225,600050,中国联通,5.27,2.73,0.14,1873449.0,974536706.0,2.92,5.29,5.14,5.15,5.13,0.61,13.88,1.02
225,226,688388,嘉元科技,11.31,2.72,0.3,71513.0,78736423.0,5.54,11.34,10.73,11.04,11.01,1.68,-22.91,0.7
226,227,603903,中持股份,6.44,2.71,0.17,33139.0,21086447.0,3.03,6.45,6.26,6.38,6.27,1.64,102.32,1.0
227,228,600512,腾达建设,2.28,2.7,0.06,207498.0,46877865.0,3.15,2.29,2.22,2.25,2.22,1.31,16.75,0.58
228,229,000825,太钢不锈,3.8,2.7,0.1,378949.0,142482355.63,2.43,3.8,3.71,3.73,3.7,0.67,78.01,0.64
229,230,002390,信邦制药,3.46,2.67,0.09,165479.0,56197757.0,3.56,3.46,3.34,3.39,3.37,0.89,29.27,0.99
230,231,301115,建科股份,14.65,2.66,0.38,26368.0,38059721.0,3.36,14.7,14.22,14.36,14.27,2.5,75.01,1.03
231,232,603086,先达股份,4.25,2.66,0.11,37977.0,15988555.0,2.9,4.27,4.15,4.16,4.14,0.87,180.77,0.92
232,233,600740,山西焦化,4.26,2.65,0.11,173386.0,72994373.0,3.37,4.28,4.14,4.16,4.15,0.68,29.66,0.71
233,234,688669,聚石化学,12.11,2.63,0.31,7228.0,8634708.0,3.22,12.14,11.76,11.76,11.8,0.6,466.47,0.94
234,235,601339,百隆东方,5.5,2.61,0.14,61635.0,33686172.0,3.73,5.52,5.32,5.38,5.36,0.41,17.72,0.88
235,236,601996,丰林集团,1.98,2.59,0.05,106595.0,20850944.0,3.63,1.99,1.92,1.95,1.93,0.95,158.03,0.81
236,237,601988,中国银行,5.15,2.59,0.13,3087905.0,1584522921.0,2.39,5.18,5.06,5.07,5.02,0.15,6.39,0.66
237,238,600960,渤海汽车,3.17,2.59,0.08,73550.0,23046346.0,2.91,3.18,3.09,3.14,3.09,0.77,-13.29,0.65
238,239,000898,鞍钢股份,2.38,2.59,0.06,381710.0,89981773.85,3.02,2.39,2.32,2.34,2.32,0.48,-4.15,0.43
239,240,002398,垒知集团,3.97,2.58,0.1,67083.0,26380116.98,2.84,3.98,3.87,3.89,3.87,1.16,19.14,0.78
240,241,601390,中国中铁,6.76,2.58,0.17,2264919.0,1528585158.0,4.4,6.89,6.6,6.68,6.59,1.11,5.86,0.58
241,242,000627,天茂集团,3.19,2.57,0.08,1072293.0,334945373.24,5.47,3.2,3.03,3.15,3.11,2.36,-21.59,0.77
242,243,300664,鹏鹞环保,4.85,2.54,0.12,86739.0,41763142.34,3.59,4.91,4.74,4.88,4.73,1.16,11.43,0.85
243,244,002298,中电兴发,4.46,2.53,0.11,197331.0,86434646.98,3.91,4.47,4.3,4.33,4.35,3.02,-4.95,1.01
244,245,600496,精工钢构,2.84,2.53,0.07,193265.0,54218484.0,3.25,2.85,2.76,2.8,2.77,0.96,10.47,0.67
245,246,600716,凤凰股份,3.25,2.52,0.08,150663.0,48469975.0,3.15,3.26,3.16,3.24,3.17,1.61,-121.86,0.6
246,247,002546,新联电子,3.66,2.52,0.09,75928.0,27421321.0,3.36,3.66,3.54,3.61,3.57,0.95,-36.97,1.01
247,248,600528,中铁工业,8.16,2.51,0.2,252684.0,205010975.0,3.27,8.22,7.96,7.96,7.96,1.14,9.7,0.78
248,249,002887,绿茵生态,6.53,2.51,0.16,32413.0,21157886.6,2.98,6.62,6.43,6.52,6.37,2.03,24.25,0.91
249,250,600854,春兰股份,4.49,2.51,0.11,70100.0,31161434.0,2.51,4.49,4.38,4.43,4.38,1.35,9.72,0.99
250,251,600019,宝钢股份,6.94,2.51,0.17,1294137.0,896815088.0,4.14,7.09,6.81,6.82,6.77,0.59,16.79,0.76
251,252,002109,兴化股份,2.86,2.51,0.07,70259.0,19886866.5,3.58,2.88,2.78,2.83,2.79,0.55,-7.04,0.79
252,253,600126,杭钢股份,4.1,2.5,0.1,213644.0,86135515.0,3.5,4.1,3.96,4.0,4.0,0.63,-190.0,0.69
253,254,603810,丰山集团,9.05,2.49,0.22,25086.0,22425952.0,2.94,9.05,8.79,8.91,8.83,1.52,-33.4,1.02
254,255,002061,浙江交科,4.12,2.49,0.1,425186.0,174242159.26,3.23,4.16,4.03,4.13,4.02,1.64,10.46,0.74
255,256,002586,*ST围海,1.65,2.48,0.04,68573.0,11298404.0,4.35,1.69,1.62,1.63,1.61,0.76,-18.47,0.62
256,257,002454,松芝股份,6.19,2.48,0.15,56652.0,34668539.0,2.98,6.2,6.02,6.1,6.04,0.9,21.34,1.0
257,258,603385,惠达卫浴,5.8,2.47,0.14,26302.0,15135717.0,3.36,5.83,5.64,5.69,5.66,0.69,18.35,0.6
258,259,601128,常熟银行,7.5,2.46,0.18,406147.0,302989748.0,2.87,7.57,7.36,7.39,7.32,1.35,6.52,0.88
259,260,000926,福星股份,2.5,2.46,0.06,380189.0,94825211.6,4.1,2.55,2.45,2.51,2.44,2.42,52.11,0.33
260,261,002743,富煌钢构,4.18,2.45,0.1,64902.0,26862037.0,2.94,4.2,4.08,4.08,4.08,1.49,24.05,0.57
261,262,000967,盈峰环境,4.6,2.45,0.11,153281.0,69626170.5,3.12,4.61,4.47,4.53,4.49,0.48,19.13,0.85
262,263,603839,安正时尚,5.02,2.45,0.12,27743.0,13725639.0,5.92,5.04,4.75,4.75,4.9,0.69,-82.75,1.02
263,264,688199,久日新材,14.31,2.43,0.34,11347.0,15936816.0,4.37,14.37,13.76,14.06,13.97,0.7,-89.56,0.89
264,265,002092,ST中泰,3.79,2.43,0.09,219233.0,82300580.31,3.51,3.82,3.69,3.73,3.7,0.85,-20.23,0.44
265,266,600755,厦门国贸,7.21,2.41,0.17,225716.0,161265375.0,3.13,7.25,7.03,7.03,7.04,1.06,9.32,0.76
266,267,000862,银星能源,4.78,2.36,0.11,76928.0,36320923.0,3.64,4.81,4.64,4.7,4.67,1.23,16.79,1.02
267,268,601669,中国电建,5.67,2.35,0.13,1778900.0,1004566525.0,3.25,5.75,5.57,5.65,5.54,1.36,7.7,0.72
268,269,000709,河钢股份,2.19,2.34,0.05,772267.0,167483386.93,2.34,2.19,2.14,2.16,2.14,0.75,27.4,0.44
269,270,600509,天富能源,5.72,2.33,0.13,166360.0,94074985.0,3.4,5.75,5.56,5.6,5.59,1.21,12.59,1.02
270,271,600874,创业环保,5.74,2.32,0.13,146241.0,84218894.0,5.88,5.95,5.62,5.9,5.61,1.19,10.68,0.97
271,272,600969,郴电国际,6.19,2.31,0.14,86617.0,53446871.0,3.31,6.25,6.05,6.05,6.05,2.34,57.25,0.63
272,273,002614,奥佳华,6.19,2.31,0.14,55958.0,34213483.0,3.64,6.23,6.01,6.17,6.05,1.27,81.39,0.89
273,274,600033,福建高速,3.55,2.31,0.08,255814.0,90046406.0,2.59,3.56,3.47,3.49,3.47,0.93,9.17,0.85
274,275,600123,兰花科创,9.39,2.29,0.21,151238.0,140628854.0,3.38,9.45,9.14,9.18,9.18,1.02,12.64,0.86
275,276,000809,*ST和展,2.25,2.27,0.05,66388.0,14745101.5,3.18,2.26,2.19,2.21,2.2,0.8,-17.44,0.67
276,277,002538,司尔特,5.44,2.26,0.12,84588.0,45502362.55,3.01,5.46,5.3,5.33,5.32,0.99,14.16,0.89
277,278,603588,高能环境,5.02,2.24,0.11,421485.0,208458813.0,5.3,5.06,4.8,4.99,4.91,2.77,9.27,0.85
278,279,600805,悦达投资,4.11,2.24,0.09,70238.0,28577097.0,3.23,4.13,4.0,4.03,4.02,0.83,159.36,0.8
279,280,002191,劲嘉股份,4.13,2.23,0.09,127929.0,52204065.4,3.22,4.15,4.02,4.08,4.04,0.89,16.55,0.9
280,281,002030,达安基因,5.99,2.22,0.13,139505.0,81983228.78,4.1,6.0,5.76,5.87,5.86,0.99,-10.53,1.0
281,282,300195,长荣股份,5.08,2.21,0.11,95301.0,47571448.0,4.23,5.09,4.88,4.98,4.97,3.04,-120.92,0.81
282,283,600035,楚天高速,4.17,2.21,0.09,124419.0,51390071.0,2.21,4.17,4.08,4.11,4.08,0.77,7.58,0.81
283,284,600022,山东钢铁,1.4,2.19,0.03,522542.0,72697498.0,2.92,1.41,1.37,1.39,1.37,0.49,-7.74,0.75
284,285,600491,龙元建设,3.27,2.19,0.07,377735.0,123020564.0,5.94,3.37,3.18,3.32,3.2,2.47,-12.32,0.47
285,286,600629,华建集团,5.17,2.17,0.11,153283.0,78549713.0,2.96,5.2,5.05,5.17,5.06,1.62,13.39,1.0
286,287,600307,酒钢宏兴,1.41,2.17,0.03,226846.0,31603548.0,2.17,1.41,1.38,1.39,1.38,0.36,-4.56,0.96
287,288,603113,金能科技,5.66,2.17,0.12,65317.0,36487398.0,2.89,5.67,5.51,5.57,5.54,0.77,-55.76,0.57
288,289,601908,京运通,2.83,2.17,0.06,246538.0,68401449.0,3.97,2.83,2.72,2.77,2.77,1.02,-3.15,0.66
289,290,601880,辽港股份,1.43,2.14,0.03,782783.0,110814356.0,2.86,1.44,1.4,1.41,1.4,0.42,37.69,0.86
290,291,603001,奥康国际,4.77,2.14,0.1,12986.0,6132106.0,2.57,4.78,4.66,4.72,4.67,0.32,-48.24,0.67
291,292,002392,北京利尔,3.82,2.14,0.08,151903.0,57168245.0,4.01,3.83,3.68,3.75,3.74,1.82,10.68,0.85
292,293,002375,亚厦股份,3.83,2.13,0.08,108010.0,40699404.0,2.93,3.83,3.72,3.77,3.75,0.81,17.68,0.65
293,294,688186,广大特材,12.96,2.13,0.27,32544.0,41668769.0,3.7,13.06,12.59,13.06,12.69,1.52,32.45,0.84
294,295,601828,美凯龙,2.89,2.12,0.06,367530.0,104445453.0,4.59,2.91,2.78,2.84,2.83,1.02,-5.02,0.26
295,296,601200,上海环境,8.19,2.12,0.17,102581.0,83536674.0,2.24,8.24,8.06,8.15,8.02,0.76,17.56,1.01
296,297,601618,中国中冶,3.38,2.11,0.07,1656213.0,558658529.0,3.63,3.44,3.32,3.35,3.31,0.93,8.44,0.71
297,298,603012,创力集团,4.84,2.11,0.1,56298.0,26929851.0,2.74,4.85,4.72,4.74,4.74,0.87,15.97,0.87
298,299,002551,尚荣医疗,2.92,2.1,0.06,107954.0,31134713.64,3.85,2.94,2.83,2.87,2.86,1.77,87.94,0.94
299,300,600335,国机汽车,6.4,2.07,0.13,177251.0,111072701.0,4.47,6.41,6.13,6.27,6.27,1.18,19.28,0.86
300,301,002250,联化科技,5.45,2.06,0.11,123054.0,65951602.32,3.93,5.46,5.25,5.35,5.34,1.34,177.72,0.79
301,302,600858,银座股份,4.46,2.06,0.09,66082.0,29043202.0,3.2,4.47,4.33,4.41,4.37,1.28,10.21,0.86
302,303,002360,同德化工,4.99,2.04,0.1,31067.0,15359841.0,3.07,5.0,4.85,4.9,4.89,0.95,21.91,0.92
303,304,002406,远东传动,5.51,2.04,0.11,101979.0,55506713.96,2.78,5.52,5.37,5.4,5.4,1.69,37.86,1.02
304,305,000668,荣丰控股,7.53,2.03,0.15,57031.0,42320174.42,6.78,7.71,7.21,7.55,7.38,3.88,-31.45,1.02
305,306,002745,木林森,8.54,2.03,0.17,153989.0,128654950.16,4.3,8.55,8.19,8.39,8.37,1.45,24.16,0.95
306,307,002144,宏达高科,9.68,2.0,0.19,28050.0,26877050.0,3.69,9.71,9.36,9.58,9.49,2.05,20.19,0.86
307,308,000686,东北证券,7.65,2.0,0.15,360702.0,268580113.14,5.2,7.66,7.27,7.57,7.5,1.54,67.75,0.97
308,309,000407,胜利股份,3.06,2.0,0.06,105538.0,31991301.36,2.33,3.07,3.0,3.0,3.0,1.21,16.41,0.92
309,310,000822,山东海化,5.62,2.0,0.11,64593.0,35901748.95,2.9,5.63,5.47,5.55,5.51,0.72,11.21,0.95
310,311,000600,建投能源,5.15,1.98,0.1,218803.0,111649574.39,2.97,5.18,5.03,5.08,5.05,2.01,13.97,0.92
311,312,002067,景兴纸业,3.1,1.97,0.06,150774.0,46140458.0,2.96,3.1,3.01,3.05,3.04,1.43,38.79,0.67
312,313,000728,国元证券,8.32,1.96,0.16,815683.0,660817445.58,5.64,8.37,7.91,8.22,8.16,1.87,18.15,1.02
313,314,600177,雅戈尔,7.84,1.95,0.15,213311.0,165635342.0,3.12,7.89,7.65,7.74,7.69,0.46,9.72,0.93
314,315,600971,恒源煤电,10.46,1.95,0.2,121418.0,125586218.0,4.68,10.52,10.04,10.26,10.26,1.01,8.27,1.01
315,316,600748,上实发展,3.14,1.95,0.06,197765.0,61870293.0,5.84,3.23,3.05,3.14,3.08,1.07,-16.4,0.59
316,317,000553,安道麦A,5.24,1.95,0.1,47657.0,24644329.0,2.92,5.24,5.09,5.16,5.14,0.22,-6.82,0.58
317,318,600097,开创国际,8.39,1.94,0.16,24658.0,20535949.0,2.43,8.43,8.23,8.28,8.23,1.02,-38.94,0.93
318,319,600308,华泰股份,3.68,1.94,0.07,94973.0,34559945.0,3.05,3.69,3.58,3.65,3.61,0.63,15.22,0.6
319,320,600810,神马股份,6.88,1.93,0.13,51378.0,34976278.0,2.52,6.9,6.73,6.77,6.75,0.49,66.07,0.96
320,321,601009,南京银行,10.62,1.92,0.2,876857.0,937911824.0,3.45,10.88,10.52,10.52,10.42,0.93,4.85,0.76
321,322,601018,宁波港,3.73,1.91,0.07,295686.0,109331145.0,2.46,3.75,3.66,3.67,3.66,0.19,16.25,0.96
322,323,603776,永安行,10.68,1.91,0.2,23343.0,24689816.0,3.34,10.72,10.37,10.48,10.48,1.02,-157.05,0.85
323,324,600780,通宝能源,5.88,1.91,0.11,66130.0,38419316.0,3.81,5.92,5.7,5.84,5.77,0.58,13.4,0.91
324,325,002386,天原股份,4.28,1.9,0.08,89418.0,37981417.28,2.62,4.29,4.18,4.23,4.2,0.69,248.87,0.7
325,326,600982,宁波能源,3.76,1.9,0.07,57360.0,21394735.0,2.44,3.78,3.69,3.71,3.69,0.51,16.9,1.01
326,327,600075,新疆天业,4.3,1.9,0.08,139075.0,58833549.0,4.5,4.33,4.14,4.21,4.22,0.81,548.89,0.82
327,328,300158,振东制药,4.3,1.9,0.08,202492.0,85250991.68,4.27,4.3,4.12,4.26,4.22,2.02,70.5,0.85
328,329,603185,弘元绿能,15.61,1.89,0.29,104781.0,160599834.0,4.31,15.66,15.0,15.36,15.32,1.54,-4.58,0.79
329,330,000156,华数传媒,7.03,1.88,0.13,104207.0,72008866.0,3.62,7.04,6.79,6.9,6.9,0.64,26.83,0.87
330,331,000605,渤海股份,5.42,1.88,0.1,78344.0,42449423.6,3.2,5.5,5.33,5.42,5.32,2.36,58.5,0.9
331,332,600567,山鹰国际,1.63,1.88,0.03,1069178.0,173544615.0,3.13,1.65,1.6,1.63,1.6,2.16,35.45,0.55
332,333,002809,红墙股份,7.65,1.86,0.14,18489.0,14034492.9,2.4,7.69,7.51,7.51,7.51,1.34,28.87,1.01
333,334,002391,长青股份,4.92,1.86,0.09,25383.0,12375619.14,2.28,4.93,4.82,4.87,4.83,0.55,82.31,0.73
334,335,600545,卓郎智能,1.65,1.85,0.03,182248.0,29838371.0,3.09,1.66,1.61,1.62,1.62,1.02,-20.2,0.93
335,336,600639,浦东金桥,11.56,1.85,0.21,121798.0,139770724.0,3.26,11.65,11.28,11.45,11.35,1.43,19.8,0.95
336,337,002608,江苏国信,7.72,1.85,0.14,123683.0,94554842.96,2.64,7.74,7.54,7.61,7.58,0.33,7.47,0.94
337,338,000055,方大集团,3.88,1.84,0.07,57285.0,22110206.36,1.84,3.89,3.82,3.82,3.81,0.85,17.84,0.69
338,339,300020,*ST银江,2.22,1.83,0.04,343868.0,75198208.72,4.13,2.23,2.14,2.2,2.18,4.49,-12.89,0.43
339,340,688353,华盛锂电,18.9,1.83,0.34,6617.0,12327142.0,4.36,19.01,18.2,18.81,18.56,1.06,-20.78,0.83
340,341,300877,金春股份,12.88,1.82,0.23,10458.0,13261359.13,4.19,12.94,12.41,12.68,12.65,0.87,446.11,0.99
341,342,002042,华孚时尚,3.37,1.81,0.06,208656.0,68799396.0,4.53,3.37,3.22,3.3,3.31,1.23,63.96,0.95
342,343,603968,醋化股份,9.56,1.81,0.17,12892.0,12219638.0,2.98,9.59,9.31,9.47,9.39,0.63,-22.42,1.01
343,344,300639,凯普生物,6.19,1.81,0.11,96590.0,58795526.97,4.44,6.23,5.96,6.12,6.08,1.52,-26.01,0.85
344,345,688370,丛麟科技,18.65,1.8,0.33,2279.0,4202292.0,2.67,18.74,18.25,18.3,18.32,0.51,24.45,0.98
345,346,002040,南 京 港,6.22,1.8,0.11,35523.0,21909183.64,2.13,6.23,6.1,6.12,6.11,0.73,18.61,0.95
346,347,688057,金达莱,11.34,1.8,0.2,8058.0,9035662.0,3.59,11.39,10.99,11.38,11.14,0.29,23.26,0.97
347,348,000589,贵州轮胎,5.12,1.79,0.09,265108.0,134013864.61,2.98,5.13,4.98,5.05,5.03,1.73,9.33,0.93
348,349,000905,厦门港务,6.36,1.76,0.11,81620.0,51570303.0,1.76,6.38,6.27,6.27,6.25,1.1,18.29,0.97
349,350,601368,绿城水务,4.65,1.75,0.08,59829.0,27689359.0,2.19,4.67,4.57,4.61,4.57,0.68,30.27,0.87
350,351,601002,晋亿实业,3.49,1.75,0.06,54909.0,18992036.0,2.92,3.51,3.41,3.46,3.43,0.58,-61.51,0.83
351,352,600648,外高桥,11.06,1.75,0.19,53040.0,58330976.0,3.22,11.19,10.84,11.06,10.87,0.57,44.38,0.99
352,353,601163,三角轮胎,15.24,1.74,0.26,51586.0,77518544.0,2.67,15.25,14.85,15.03,14.98,0.64,9.96,0.94
353,354,000900,现代投资,4.11,1.73,0.07,140591.0,57682144.28,1.73,4.13,4.06,4.08,4.04,0.93,12.11,0.58
354,355,601868,中国能建,2.35,1.73,0.04,3729522.0,872267734.0,3.46,2.38,2.3,2.33,2.31,1.15,17.61,0.95
355,356,601615,明阳智能,10.61,1.73,0.18,243484.0,254464195.0,3.16,10.63,10.3,10.5,10.43,1.08,18.24,0.9
356,357,603368,柳药集团,17.73,1.72,0.3,69284.0,120721070.0,3.61,17.74,17.11,17.49,17.43,1.93,7.62,0.96
357,358,600017,日照港,3.01,1.69,0.05,406467.0,121644383.0,2.36,3.03,2.96,2.98,2.96,1.32,10.67,0.68
358,359,002759,天际股份,7.23,1.69,0.12,61780.0,44075117.0,3.52,7.25,7.0,7.19,7.11,1.23,-14.19,0.82
359,360,002863,今飞凯达,4.26,1.67,0.07,74074.0,31163660.85,2.86,4.26,4.14,4.2,4.19,1.24,29.19,0.96
360,361,600051,宁波联合,6.1,1.67,0.1,24678.0,14899233.0,2.33,6.1,5.96,6.04,6.0,0.79,21.12,0.57
361,362,600179,安通控股,2.46,1.65,0.04,227648.0,55321958.0,3.31,2.47,2.39,2.42,2.42,0.61,33.69,1.01
362,363,002344,海宁皮城,3.71,1.64,0.06,100867.0,36994012.4,3.29,3.72,3.6,3.68,3.65,0.79,40.12,0.56
363,364,002193,如意集团,4.33,1.64,0.07,87460.0,37678188.0,4.46,4.42,4.23,4.27,4.26,3.34,9.84,0.87
364,365,600751,海航科技,2.48,1.64,0.04,167116.0,40866314.0,2.87,2.48,2.41,2.45,2.44,0.65,38.27,0.97
365,366,600368,五洲交通,3.72,1.64,0.06,155792.0,57567033.0,2.73,3.74,3.64,3.68,3.66,0.97,8.48,0.92
366,367,000665,湖北广电,3.77,1.62,0.06,126358.0,47265622.9,2.43,3.78,3.69,3.72,3.71,1.11,-10.34,0.86
367,368,600884,杉杉股份,8.18,1.61,0.13,236463.0,189653174.0,3.6,8.2,7.91,8.05,8.05,1.35,524.52,0.84
368,369,000883,湖北能源,5.08,1.6,0.08,231672.0,116752340.37,2.6,5.11,4.98,5.02,5.0,0.36,11.58,0.99
369,370,600352,浙江龙盛,10.3,1.58,0.16,224226.0,228371504.0,2.76,10.35,10.07,10.13,10.14,0.69,18.57,1.01
370,371,601233,桐昆股份,12.28,1.57,0.19,206787.0,251054631.0,3.06,12.3,11.93,12.1,12.09,0.86,13.9,0.81
371,372,000690,宝新能源,4.58,1.55,0.07,301459.0,136476836.58,2.66,4.59,4.47,4.54,4.51,1.39,13.61,0.84
372,373,002132,恒星科技,2.62,1.55,0.04,99015.0,25840786.35,2.33,2.64,2.58,2.59,2.58,0.71,181.3,1.0
373,374,000601,韶能股份,3.95,1.54,0.06,94070.0,36995706.63,2.06,3.96,3.88,3.92,3.89,0.87,12.81,0.96
374,375,603980,吉华集团,3.96,1.54,0.06,37474.0,14717365.0,2.82,3.98,3.87,3.92,3.9,0.55,13.39,0.69
375,376,002545,东方铁塔,6.62,1.53,0.1,70942.0,46424970.0,2.91,6.63,6.44,6.53,6.52,0.63,14.96,0.97
376,377,000402,金 融 街,3.31,1.53,0.05,1394225.0,456170131.87,7.98,3.4,3.14,3.34,3.26,4.67,-2.49,0.29
377,378,600218,全柴动力,7.35,1.52,0.11,34102.0,24825705.0,2.35,7.36,7.19,7.29,7.24,0.78,32.62,1.01
378,379,601010,文峰股份,2.01,1.52,0.03,105606.0,20981218.0,2.53,2.01,1.96,2.0,1.98,0.57,25.64,0.84
379,380,603808,歌力思,6.72,1.51,0.1,25116.0,16734524.0,2.72,6.73,6.55,6.62,6.62,0.68,21.18,0.86
380,381,601006,大秦铁路,6.73,1.51,0.1,777069.0,520503181.0,1.66,6.74,6.63,6.64,6.63,0.43,10.48,0.82
381,382,002666,德联集团,4.05,1.5,0.06,65673.0,26356576.68,3.26,4.07,3.94,4.03,3.99,1.46,31.64,0.92
382,383,301216,万凯新材,10.9,1.49,0.16,25501.0,27410978.5,3.72,10.92,10.52,10.76,10.74,0.9,65.0,0.99
383,384,600741,华域汽车,17.11,1.48,0.25,166163.0,282738995.0,2.55,17.18,16.75,16.9,16.86,0.53,9.42,0.93
384,385,603898,好莱客,8.24,1.48,0.12,9535.0,7798697.0,2.83,8.29,8.06,8.27,8.12,0.31,28.58,0.86
385,386,000726,鲁  泰Ａ,6.21,1.47,0.09,58494.0,36064746.09,2.29,6.23,6.09,6.13,6.12,0.99,14.97,0.55
386,387,600717,天津港,4.88,1.46,0.07,212892.0,103236686.0,2.49,4.91,4.79,4.86,4.81,0.74,11.46,0.74
387,388,002022,科华生物,6.29,1.45,0.09,58395.0,36186624.0,3.71,6.31,6.08,6.2,6.2,1.14,-30.83,0.74
388,389,688560,明冠新材,13.29,1.45,0.19,22358.0,29218291.0,5.34,13.33,12.63,13.15,13.1,1.11,155.72,0.95
389,390,000623,吉林敖东,16.81,1.45,0.24,224043.0,370657777.88,3.92,16.85,16.2,16.63,16.57,1.88,18.7,0.71
390,391,002010,传化智联,4.22,1.44,0.06,225641.0,94215863.9,3.61,4.25,4.1,4.2,4.16,0.81,20.33,0.68
391,392,000949,新乡化纤,3.56,1.42,0.05,332487.0,117975059.0,4.27,3.62,3.47,3.54,3.51,2.27,19.98,0.94
392,393,603869,ST智知,5.0,1.42,0.07,20203.0,10023736.0,2.03,5.01,4.91,4.96,4.93,0.4,58.16,0.67
393,394,600098,广州发展,6.46,1.41,0.09,187580.0,120586923.0,2.35,6.5,6.35,6.45,6.37,0.54,9.88,0.87
394,395,002440,闰土股份,6.47,1.41,0.09,31900.0,20471805.0,2.51,6.49,6.33,6.4,6.38,0.34,34.77,0.78
395,396,601555,东吴证券,7.91,1.41,0.11,968087.0,748127429.0,5.77,7.95,7.5,7.86,7.8,1.95,16.86,0.97
396,397,000626,远大控股,5.06,1.4,0.07,45416.0,22786047.0,2.81,5.09,4.95,5.07,4.99,0.9,-31.9,0.99
397,398,002462,嘉事堂,12.3,1.4,0.17,27968.0,34128974.0,2.56,12.32,12.01,12.15,12.13,0.96,10.66,0.83
398,399,600409,三友化工,5.8,1.4,0.08,254562.0,146131118.0,2.8,5.81,5.65,5.8,5.72,1.23,18.27,0.87
399,400,000910,大亚圣象,7.28,1.39,0.1,27909.0,20210324.5,3.2,7.33,7.1,7.25,7.18,0.51,31.36,0.6
400,401,600676,交运股份,3.65,1.39,0.05,103655.0,37343731.0,3.89,3.67,3.53,3.6,3.6,1.01,-14.35,0.69
401,402,000552,甘肃能化,2.92,1.39,0.04,673126.0,194728405.97,3.13,2.93,2.84,2.88,2.88,1.81,8.71,0.95
402,403,002772,众兴菌业,6.6,1.38,0.09,43988.0,28888184.0,2.15,6.63,6.49,6.56,6.51,1.13,44.02,0.78
403,404,000906,浙商中拓,5.94,1.37,0.08,91974.0,54287232.92,2.56,5.97,5.82,5.9,5.86,1.31,6.61,0.89
404,405,600668,尖峰集团,9.71,1.36,0.13,25800.0,24885380.0,2.92,9.78,9.5,9.58,9.58,0.75,35.08,0.66
405,406,600808,马钢股份,2.25,1.35,0.03,354354.0,79402867.0,2.7,2.27,2.21,2.24,2.22,0.59,-7.61,0.66
406,407,600382,广东明珠,3.76,1.35,0.05,26499.0,9895068.0,1.89,3.76,3.69,3.71,3.71,0.38,43.43,0.89
407,408,605001,威奥股份,6.11,1.33,0.08,51436.0,31156118.0,3.15,6.14,5.95,6.0,6.03,1.31,39.49,0.9
408,409,002574,明牌珠宝,4.6,1.32,0.06,46363.0,21138580.0,3.3,4.62,4.47,4.57,4.54,0.88,85.56,0.78
409,410,600128,苏豪弘业,7.67,1.32,0.1,32896.0,25011164.0,3.17,7.7,7.46,7.54,7.57,1.33,48.48,0.9
410,411,688330,宏力达,25.43,1.31,0.33,12292.0,30849534.0,3.9,25.58,24.6,25.3,25.1,0.88,18.51,0.97
411,412,002283,天润工业,4.63,1.31,0.06,124223.0,56617778.0,3.72,4.64,4.47,4.57,4.57,1.24,14.16,0.89
412,413,002394,联发股份,7.09,1.29,0.09,30797.0,21672702.05,2.14,7.1,6.95,7.0,7.0,0.95,23.31,0.58
413,414,603020,爱普股份,7.13,1.28,0.09,23004.0,16317898.0,2.13,7.16,7.01,7.15,7.04,0.6,22.01,0.86
414,415,002582,好想你,5.59,1.27,0.07,79337.0,44241835.14,2.36,5.64,5.51,5.52,5.52,2.31,-34.96,0.7
415,416,688075,安旭生物,36.39,1.25,0.45,5524.0,19858041.0,3.31,36.49,35.3,36.05,35.94,1.74,20.05,0.89
416,417,002441,众业达,7.32,1.24,0.09,42420.0,30739065.0,2.63,7.33,7.14,7.25,7.23,1.06,15.26,0.88
417,418,600955,维远股份,14.65,1.24,0.18,11853.0,17210364.0,2.28,14.68,14.35,14.55,14.47,0.22,112.73,0.94
418,419,000731,四川美丰,7.37,1.24,0.09,62505.0,45784823.88,2.2,7.4,7.24,7.31,7.28,1.12,12.38,1.0
419,420,600693,东百集团,3.28,1.23,0.04,66876.0,21704242.0,2.47,3.29,3.21,3.24,3.24,0.77,20.41,0.8
420,421,688317,之江生物,17.27,1.23,0.21,11540.0,19729121.0,2.75,17.29,16.82,17.09,17.06,0.6,63.81,0.87
421,422,002187,广百股份,4.94,1.23,0.06,64792.0,31631488.52,2.87,4.95,4.81,4.88,4.88,1.25,86.83,0.86
422,423,000417,合百集团,4.94,1.23,0.06,147528.0,72038050.11,3.48,4.96,4.79,4.9,4.88,1.89,10.15,0.81
423,424,002083,孚日股份,4.98,1.22,0.06,128256.0,64028027.89,3.46,5.09,4.92,4.99,4.92,1.64,8.8,0.99
424,425,001213,中铁特货,4.18,1.21,0.05,215776.0,89595625.0,2.18,4.19,4.1,4.15,4.13,0.49,20.55,0.99
425,426,603366,日出东方,4.22,1.2,0.05,63634.0,26712060.0,2.64,4.25,4.14,4.21,4.17,0.79,30.29,0.86
426,427,600356,恒丰纸业,6.85,1.18,0.08,27408.0,18663426.0,2.51,6.87,6.7,6.77,6.77,0.92,18.22,0.81
427,428,600623,华谊集团,6.92,1.17,0.08,200653.0,137918538.0,2.92,6.96,6.76,6.92,6.84,1.08,17.83,0.66
428,429,002478,常宝股份,5.2,1.17,0.06,64556.0,33381354.0,2.33,5.23,5.11,5.18,5.14,0.9,7.19,0.88
429,430,600508,上海能源,13.5,1.12,0.15,53252.0,71368363.0,3.0,13.6,13.2,13.35,13.35,0.74,10.34,0.76
430,431,600231,凌钢股份,1.8,1.12,0.02,108829.0,19399252.0,3.93,1.82,1.75,1.78,1.78,0.38,-4.92,0.75
431,432,603388,ST元成,1.81,1.12,0.02,75353.0,13464143.0,3.35,1.82,1.76,1.8,1.79,2.31,-4.52,0.53
432,433,600467,好当家,1.83,1.1,0.02,174290.0,31771391.0,2.21,1.84,1.8,1.81,1.81,1.19,49.54,0.79
433,434,600790,轻纺城,3.69,1.1,0.04,85496.0,31337203.0,2.19,3.71,3.63,3.7,3.65,0.58,15.16,0.88
434,435,000639,西王食品,2.77,1.09,0.03,115224.0,31728221.2,2.55,2.78,2.71,2.75,2.74,1.07,36.78,0.88
435,436,601718,际华集团,2.8,1.08,0.03,371233.0,103577301.0,2.17,2.82,2.76,2.79,2.77,0.85,-326.54,0.73
436,437,603116,红蜻蜓,4.67,1.08,0.05,36122.0,16761898.0,2.38,4.69,4.58,4.63,4.62,0.63,61.27,0.92
437,438,603585,苏利股份,11.24,1.08,0.12,10275.0,11436362.0,2.7,11.3,11.0,11.25,11.12,0.57,159.06,0.87
438,439,002393,力生制药,17.04,1.07,0.18,20665.0,34933460.2,3.8,17.14,16.5,17.01,16.86,0.81,21.47,0.9
439,440,603681,永冠新材,12.32,1.07,0.13,33388.0,40761831.0,2.46,12.36,12.06,12.16,12.19,1.75,13.76,0.97
440,441,603727,博迈科,11.4,1.06,0.12,48701.0,54990420.0,3.28,11.47,11.1,11.27,11.28,1.73,25.39,1.01
441,442,600713,南京医药,4.78,1.06,0.05,94793.0,44877168.0,2.54,4.79,4.67,4.77,4.73,0.91,10.05,0.96
442,443,601678,滨化股份,3.83,1.06,0.04,178847.0,67591629.0,3.96,3.85,3.7,3.8,3.79,0.87,37.48,0.7
443,444,000581,威孚高科,18.35,1.05,0.19,78685.0,142547450.81,2.53,18.36,17.9,18.3,18.16,0.96,9.58,0.94
444,445,002029,七 匹 狼,5.86,1.03,0.06,50339.0,29238049.0,2.59,5.87,5.72,5.85,5.8,0.76,11.08,0.63
445,446,600798,宁波海运,2.95,1.03,0.03,69760.0,20421705.0,1.71,2.95,2.9,2.93,2.92,0.58,-96.81,0.91
446,447,600828,茂业商业,2.96,1.02,0.03,110082.0,31983168.0,4.1,2.97,2.85,2.92,2.93,0.64,16.85,0.72
447,448,000990,诚志股份,7.92,1.02,0.08,138581.0,108538855.0,3.06,7.94,7.7,7.9,7.84,1.14,25.72,0.54
448,449,000507,珠海港,4.95,1.02,0.05,66184.0,32546870.84,1.43,4.95,4.88,4.92,4.9,0.73,11.84,0.88
449,450,603077,和邦生物,2.02,1.0,0.02,548572.0,109669146.0,3.0,2.03,1.97,2.02,2.0,0.62,46.39,0.95
450,451,300569,天能重工,5.06,1.0,0.05,132314.0,66285233.99,3.39,5.09,4.92,5.03,5.01,1.3,39.77,0.94
451,452,601003,柳钢股份,3.06,0.99,0.03,121101.0,36951024.0,2.64,3.09,3.01,3.08,3.03,0.47,72.43,0.88
452,453,600959,江苏有线,3.13,0.97,0.03,383082.0,118347120.0,2.9,3.14,3.05,3.1,3.1,0.77,52.22,0.7
453,454,000950,重药控股,5.27,0.96,0.05,170370.0,88909502.19,2.87,5.28,5.13,5.25,5.22,0.99,19.13,0.8
454,455,603217,元利科技,14.79,0.96,0.14,10309.0,15129725.0,4.03,14.99,14.4,14.99,14.65,0.5,14.35,0.97
455,456,000685,中山公用,8.58,0.94,0.08,236981.0,201885131.04,3.88,8.74,8.41,8.66,8.5,1.89,11.4,0.75
456,457,600758,辽宁能源,3.22,0.94,0.03,97295.0,31136222.0,2.19,3.23,3.16,3.16,3.19,0.74,184.96,0.79
457,458,600180,瑞茂通,4.3,0.94,0.04,67039.0,28575579.0,2.82,4.32,4.2,4.26,4.26,0.62,14.48,0.59
458,459,600155,华创云信,7.64,0.92,0.07,540238.0,403142814.0,5.68,7.69,7.26,7.68,7.57,2.39,181.76,0.87
459,460,601011,宝泰隆,2.2,0.92,0.02,371939.0,80651413.0,4.59,2.21,2.11,2.18,2.18,1.94,-11.0,0.7
460,461,600697,欧亚集团,11.0,0.92,0.1,21337.0,23208122.0,2.94,11.04,10.72,10.88,10.9,1.37,61.25,0.74
461,462,002048,宁波华翔,13.25,0.91,0.12,73769.0,96558512.03,2.51,13.27,12.94,13.15,13.13,1.41,10.13,0.89
462,463,600028,中国石化,6.81,0.89,0.06,1350514.0,919888247.0,2.52,6.9,6.73,6.88,6.75,0.14,11.61,1.0
463,464,300981,中红医疗,12.59,0.88,0.11,50906.0,62989622.71,4.73,12.69,12.1,12.55,12.48,1.42,75.47,0.88
464,465,600287,ST舜天,3.44,0.88,0.03,39828.0,13554889.0,2.93,3.45,3.35,3.42,3.41,0.91,40.0,0.74
465,466,600739,辽宁成大,11.66,0.87,0.1,256930.0,294833034.0,5.28,11.81,11.2,11.75,11.56,1.68,19.41,0.61
466,467,002932,明德生物,17.7,0.85,0.15,19856.0,34647646.14,3.25,17.72,17.15,17.44,17.55,1.27,31.58,0.7
467,468,600655,豫园股份,5.95,0.85,0.05,165066.0,97218880.0,2.88,5.97,5.8,5.92,5.9,0.42,10.15,0.63
468,469,000591,太阳能,4.86,0.83,0.04,311445.0,150364760.1,1.87,4.87,4.78,4.83,4.82,0.87,11.68,0.82
469,470,001218,丽臣实业,15.31,0.79,0.12,7195.0,10929340.24,2.57,15.41,15.02,15.19,15.19,0.95,19.34,0.95
470,471,002382,蓝帆医疗,5.16,0.78,0.04,88629.0,45316075.71,2.73,5.19,5.05,5.15,5.12,0.89,-16.22,0.59
471,472,600157,永泰能源,1.31,0.77,0.01,4523727.0,588907169.0,3.08,1.32,1.28,1.3,1.3,2.04,12.23,0.62
472,473,000703,恒逸石化,6.55,0.77,0.05,105059.0,68236766.16,2.15,6.56,6.42,6.49,6.5,0.29,27.9,1.0
473,474,002872,ST天圣,3.97,0.76,0.03,18515.0,7315734.08,1.52,3.98,3.92,3.97,3.94,0.86,-14.64,0.62
474,475,600037,歌华有线,6.68,0.75,0.05,128961.0,84788787.0,3.62,6.7,6.46,6.65,6.63,0.93,-103.82,0.73
475,476,002277,友阿股份,2.7,0.75,0.02,396102.0,104652309.18,4.85,2.72,2.59,2.69,2.68,2.84,19.14,0.56
476,477,601778,晶科科技,2.75,0.73,0.02,470828.0,128037434.0,3.66,2.77,2.67,2.76,2.73,1.32,55.92,0.65
477,478,600387,*ST海越,2.75,0.73,0.02,26641.0,7268697.0,2.56,2.77,2.7,2.74,2.73,0.66,28.04,0.45
478,479,000028,国药一致,28.15,0.72,0.2,53946.0,150222039.9,3.4,28.35,27.4,27.94,27.95,1.13,10.54,0.88
479,480,601222,林洋能源,7.1,0.71,0.05,225435.0,158527412.0,3.12,7.13,6.91,7.09,7.05,1.09,12.22,0.94
480,481,002091,江苏国泰,7.28,0.69,0.05,122482.0,88336547.56,2.63,7.3,7.11,7.24,7.23,0.77,12.06,0.8
481,482,002641,公元股份,4.38,0.69,0.03,101202.0,43958472.31,2.99,4.4,4.27,4.32,4.35,0.89,21.48,1.0
482,483,688184,帕瓦股份,13.51,0.67,0.09,4792.0,6390995.0,3.43,13.57,13.11,13.45,13.42,0.47,-3.66,0.82
483,484,002004,华邦健康,4.52,0.67,0.03,164982.0,74160711.0,2.9,4.55,4.42,4.49,4.49,0.88,14.27,0.9
484,485,600596,新安股份,8.1,0.62,0.05,109053.0,87512219.0,2.86,8.13,7.9,8.07,8.05,0.84,41.66,0.86
485,486,002258,利尔化学,8.1,0.62,0.05,78709.0,63042183.14,3.35,8.14,7.87,8.01,8.05,0.98,34.89,0.85
486,487,002926,华西证券,8.11,0.62,0.05,346622.0,275423451.37,4.96,8.16,7.76,8.07,8.06,1.32,269.15,0.93
487,488,600787,中储股份,5.19,0.58,0.03,199312.0,102655992.0,2.52,5.21,5.08,5.19,5.16,0.92,14.95,0.82
488,489,600583,海油工程,5.67,0.53,0.03,241991.0,136188489.0,2.13,5.68,5.56,5.63,5.64,0.55,10.48,0.99
489,490,000488,晨鸣纸业,3.87,0.52,0.02,169604.0,65143288.77,2.86,3.89,3.78,3.86,3.85,1.01,199.73,0.69
490,491,600682,南京新百,6.23,0.48,0.03,165175.0,101725072.0,3.71,6.28,6.05,6.21,6.2,1.42,25.38,0.48
491,492,600742,一汽富维,8.65,0.46,0.04,71175.0,61251925.0,2.21,8.69,8.5,8.62,8.61,0.96,12.23,0.77
492,493,688298,东方生物,32.85,0.46,0.15,24556.0,79503727.0,4.98,33.35,31.72,32.95,32.7,1.22,-21.84,0.94
493,494,600637,东方明珠,7.19,0.42,0.03,235474.0,167800052.0,3.35,7.26,7.02,7.17,7.16,0.7,28.55,0.82
494,495,300358,楚天科技,7.31,0.41,0.03,144985.0,103260870.6,4.95,7.33,6.97,7.24,7.28,2.56,-26.11,0.95
495,496,601238,广汽集团,8.24,0.37,0.03,261432.0,212994854.0,3.05,8.29,8.04,8.2,8.21,0.36,28.15,0.73
496,497,688068,热景生物,27.86,0.25,0.07,12221.0,33673592.0,4.03,28.25,27.13,27.8,27.79,1.32,-29.64,0.8
497,498,000537,中绿电,9.12,0.22,0.02,120534.0,109118379.0,3.74,9.29,8.95,9.11,9.1,0.65,20.28,0.99
498,499,601688,华泰证券,17.02,0.18,0.03,1507576.0,2534038710.0,4.18,17.19,16.48,17.05,16.99,2.07,14.47,1.0
499,500,000501,武商集团,8.27,0.12,0.01,79439.0,65110196.82,3.51,8.36,8.07,8.25,8.26,1.03,20.69,0.57
500,501,600104,上汽集团,13.68,0.07,0.01,241953.0,329926819.0,2.05,13.78,13.5,13.67,13.67,0.21,11.95,0.55
501,502,688660,电气风电,3.58,0.0,0.0,95088.0,33795393.0,4.19,3.64,3.49,3.62,3.58,0.71,-6.17,0.87
502,503,600831,ST广网,2.25,0.0,0.0,141376.0,31448648.0,4.0,2.26,2.17,2.25,2.25,1.99,-2.2,0.58
503,504,600811,东方集团,1.74,0.0,0.0,1567635.0,268186556.0,4.6,1.76,1.68,1.7,1.74,4.28,34.69,0.38
504,505,600777,ST新潮,1.85,0.0,0.0,409233.0,75544565.0,1.62,1.86,1.83,1.84,1.85,0.64,5.37,0.59
505,506,600339,中油工程,3.58,0.0,0.0,539390.0,191766144.0,3.07,3.61,3.5,3.58,3.58,0.97,18.95,0.76
506,507,600292,远达环保,,,,,,,,,,5.42,0.0,40.62,0.82
507,508,600278,东方创业,6.67,0.0,0.0,72846.0,47709536.0,3.75,6.68,6.43,6.6,6.67,0.84,22.63,0.81
508,509,600190,ST锦港,,,,,,,,,,1.47,0.0,33.44,0.44
509,510,000882,华联股份,1.48,0.0,0.0,640718.0,93610232.96,4.05,1.49,1.43,1.45,1.48,2.34,84.06,0.58
510,511,000040,ST旭蓝,1.21,0.0,0.0,269140.0,32203628.0,2.48,1.21,1.18,1.21,1.21,2.54,-9.69,0.16
511,512,601015,陕西黑猫,3.32,-0.6,-0.02,259424.0,85080176.0,3.89,3.34,3.21,3.31,3.34,1.27,-7.61,0.94
512,513,300483,首华燃气,8.88,-0.67,-0.06,75696.0,65763864.12,4.36,8.89,8.5,8.68,8.94,2.92,-18.6,0.96
513,514,600859,王府井,14.78,-0.94,-0.14,276610.0,401855817.0,4.36,14.9,14.25,14.68,14.92,2.53,28.62,0.85
514,515,600694,大商股份,18.84,-0.95,-0.18,51774.0,96978776.0,3.63,19.15,18.46,19.11,19.02,1.65,6.64,0.69
515,516,002425,ST凯文,1.99,-1.0,-0.02,327717.0,64701528.6,2.49,2.0,1.95,1.99,2.01,3.43,-20.39,0.54
516,517,000778,新兴铸管,4.04,-1.22,-0.05,776432.0,311596573.94,4.16,4.1,3.93,4.1,4.09,1.99,18.84,0.63
517,518,002251,*ST步高,2.91,-1.36,-0.04,131917.0,37939530.74,3.39,2.92,2.82,2.84,2.95,0.87,-50.24,0.86
518,519,000717,中南股份,2.52,-1.95,-0.05,971647.0,240795393.21,7.39,2.58,2.39,2.48,2.57,4.01,-6.8,0.7
519,520,301227,森鹰窗业,17.25,-1.99,-0.35,27573.0,46605284.7,5.34,17.29,16.35,17.15,17.6,7.84,-37.81,0.97
520,521,600827,百联股份,8.86,-2.32,-0.21,181064.0,159037888.0,5.73,9.12,8.6,8.89,9.07,1.13,28.8,0.89
521,522,000419,通程控股,5.21,-2.98,-0.16,211368.0,108549088.02,6.52,5.33,4.98,5.33,5.37,3.89,12.44,0.83
