,序号,代码,名称,最新价,涨跌幅,涨跌额,成交量,成交额,振幅,最高,最低,今开,昨收,换手率,市盈率-动态,市净率
0,1,300865,大宏立,19.79,20.01,3.3,46187.0,86121101.5,19.95,19.79,16.5,16.96,16.49,6.82,85.9,2.17
1,2,300588,熙菱信息,15.12,20.0,2.52,266713.0,371399757.17,19.76,15.12,12.63,12.85,12.6,19.95,-68.53,8.03
2,3,300355,蒙草生态,5.34,20.0,0.89,5517191.0,2898712870.06,8.09,5.34,4.98,5.34,4.45,40.39,169.42,1.97
3,4,300114,中航电测,69.67,20.0,11.61,657665.0,4505268961.12,10.11,69.67,63.8,63.8,58.06,11.13,244.94,16.64
4,5,301357,北方长龙,35.59,19.99,5.93,59337.0,205730772.17,11.36,35.59,32.22,32.6,29.66,24.93,-408.39,2.99
5,6,300581,晨曦航空,10.92,19.08,1.75,502770.0,530786538.93,15.7,11.0,9.56,9.56,9.17,9.14,-118.33,6.0
6,7,831370,新安洁,3.7,18.97,0.59,285494.0,101184106.67,19.29,3.88,3.28,3.35,3.11,10.67,-31.06,1.66
7,8,920008,成电光信,40.15,18.86,6.37,56973.0,219092617.32,28.27,42.15,32.6,33.5,33.78,23.87,47.41,9.46
8,9,836239,长虹能源,32.6,15.89,4.47,55022.0,172869691.59,17.92,33.54,28.5,29.0,28.13,11.07,24.56,5.31
9,10,300540,蜀道装备,23.46,12.52,2.61,51693.0,118905885.54,19.86,24.99,20.85,21.01,20.85,3.56,11603.8,3.78
10,11,833873,中设咨询,4.53,12.41,0.5,141442.0,60202049.9,16.38,4.64,3.98,4.22,4.03,12.95,-9.11,1.82
11,12,688629,华丰科技,28.51,12.38,3.14,135731.0,367741145.0,13.36,29.05,25.66,25.8,25.37,8.24,-366.57,8.98
12,13,688550,瑞联新材,26.84,11.46,2.76,69905.0,180431219.0,10.92,27.13,24.5,24.5,24.08,4.0,24.6,1.63
13,14,600939,重庆建工,2.82,10.16,0.26,485211.0,133625720.0,6.25,2.82,2.66,2.7,2.56,2.55,-142.31,0.67
14,15,002480,新筑股份,4.47,10.1,0.41,201910.0,87185440.06,9.11,4.47,4.1,4.18,4.06,2.63,-9.42,2.77
15,16,600326,西藏天路,6.56,10.07,0.6,2052086.0,1297604239.0,11.24,6.56,5.89,5.89,5.96,15.76,-63.55,2.27
16,17,600239,云南城投,3.28,10.07,0.3,3989417.0,1287705085.0,9.73,3.28,2.99,3.28,2.98,24.85,64.09,3.74
17,18,000563,陕国投Ａ,3.72,10.06,0.34,3792195.0,1397640634.39,4.44,3.72,3.57,3.68,3.38,7.42,13.86,1.09
18,19,000595,宝塔实业,10.29,10.05,0.94,777101.0,782893508.82,6.42,10.29,9.69,9.75,9.35,6.83,-182.29,24.91
19,20,000514,渝 开 发,4.49,10.05,0.41,960059.0,425796634.55,4.66,4.49,4.3,4.49,4.08,11.38,-57.58,1.02
20,21,601077,渝农商行,6.03,10.04,0.55,2546655.0,1506047262.0,7.48,6.03,5.62,5.62,5.48,2.88,4.65,0.56
21,22,000617,中油资本,9.32,10.04,0.85,8892719.0,8163182967.62,7.56,9.32,8.68,9.0,8.47,7.03,19.35,1.15
22,23,000628,高新发展,54.29,10.01,4.94,298287.0,1530548653.22,13.5,54.29,47.63,48.32,49.35,15.53,162.97,9.05
23,24,002827,高争民爆,29.57,10.01,2.69,196884.0,563920345.22,10.75,29.57,26.68,27.15,26.88,7.13,74.12,9.77
24,25,600678,四川金顶,6.49,10.0,0.59,724935.0,458925497.0,6.61,6.49,6.1,6.2,5.9,20.77,-101.46,10.21
25,26,002302,西部建设,7.26,10.0,0.66,1138133.0,808977709.08,8.03,7.26,6.73,6.86,6.6,9.02,814.09,1.0
26,27,000935,四川双马,15.18,10.0,1.38,146649.0,217283092.6,5.8,15.18,14.38,14.5,13.8,1.92,51.11,1.6
27,28,000801,四川九洲,10.12,10.0,0.92,403508.0,390631764.68,8.7,10.12,9.32,9.4,9.2,3.95,76.39,3.54
28,29,000697,炼石航空,7.71,9.99,0.7,361245.0,274577091.91,11.41,7.71,6.91,7.04,7.01,6.41,-25.31,22.56
29,30,603261,立航科技,30.07,9.99,2.73,46826.0,136667732.0,9.18,30.07,27.56,27.56,27.34,17.81,-48.29,2.96
30,31,835640,富士达,16.09,9.98,1.46,22085.0,34133128.72,12.3,16.16,14.36,14.85,14.63,1.25,44.89,3.57
31,32,002272,川润股份,5.98,9.93,0.54,966083.0,564621097.27,11.21,5.98,5.37,5.47,5.44,25.45,-25.62,1.82
32,33,002628,成都路桥,2.77,9.92,0.25,259114.0,71226854.4,4.37,2.77,2.66,2.7,2.52,3.43,-37.61,0.71
33,34,300159,新研股份,3.01,9.85,0.27,1445719.0,434157802.99,14.6,3.2,2.8,2.8,2.74,9.82,-16.5,-44.55
34,35,300093,金刚光伏,17.73,9.72,1.57,309043.0,535848792.19,12.69,18.65,16.6,16.6,16.16,14.35,-8.59,-17.31
35,36,301027,华蓝集团,9.94,9.59,0.87,120113.0,115700993.3,7.94,9.98,9.26,9.38,9.07,10.17,-35.57,1.56
36,37,300564,筑博设计,11.77,9.59,1.03,130743.0,153643369.92,22.53,12.89,10.47,10.94,10.74,11.55,-31.62,1.53
37,38,600877,电科芯片,13.9,9.54,1.21,287422.0,382319272.0,11.82,13.96,12.46,12.69,12.69,3.12,214.46,6.77
38,39,430564,天润科技,13.53,9.38,1.16,26528.0,34557820.93,10.75,13.7,12.37,12.37,12.37,7.85,-53.96,3.28
39,40,300425,中建环能,5.61,9.36,0.48,793691.0,432972330.17,11.31,5.82,5.24,5.29,5.13,11.7,74.97,1.65
40,41,301517,陕西华达,52.64,9.3,4.48,35426.0,178768521.76,8.55,52.82,48.7,49.5,48.16,15.86,115.07,4.25
41,42,301306,西测测试,37.71,8.99,3.11,42127.0,154394620.0,7.54,37.86,35.25,35.25,34.6,10.72,-32.39,2.82
42,43,300049,福瑞股份,48.15,8.64,3.83,87150.0,402358752.6,8.89,48.24,44.3,45.46,44.32,3.73,84.98,7.81
43,44,003009,中天火箭,42.84,8.62,3.4,41470.0,174257125.82,6.92,42.88,40.15,40.28,39.44,2.67,162.51,4.23
44,45,002037,保利联合,8.2,8.61,0.65,319972.0,256668210.66,9.01,8.28,7.6,7.61,7.55,6.61,-38.14,2.08
45,46,301336,趣睡科技,33.09,8.31,2.54,11349.0,36482197.8,10.61,33.7,30.46,30.78,30.55,4.41,47.09,1.66
46,47,600839,四川长虹,6.13,8.3,0.47,2809297.0,1651301112.0,9.01,6.18,5.67,5.77,5.66,6.09,50.45,1.97
47,48,301213,观想科技,38.93,8.29,2.98,34264.0,131753292.2,7.68,39.56,36.8,37.2,35.95,11.76,515.8,3.91
48,49,600039,四川路桥,7.32,8.28,0.56,863431.0,619880672.0,4.88,7.35,7.02,7.14,6.76,1.29,9.98,1.45
49,50,831152,昆工科技,10.41,8.21,0.79,21719.0,21796847.35,7.07,10.42,9.74,9.74,9.62,2.64,-66.11,2.62
50,51,601963,重庆银行,8.4,8.11,0.63,271854.0,222976582.0,6.95,8.42,7.88,7.89,7.77,1.45,4.82,0.57
51,52,300775,三角防务,28.44,8.1,2.13,325185.0,913960752.69,7.6,29.09,27.09,27.09,26.31,6.11,26.84,2.82
52,53,688511,天微电子,15.05,7.73,1.08,26985.0,39447415.0,10.31,15.41,13.97,13.97,13.97,2.61,562.93,1.8
53,54,300696,爱乐达,17.4,7.67,1.24,158783.0,270193072.16,6.68,17.48,16.4,16.71,16.16,8.52,-145.02,2.77
54,55,002777,久远银海,17.98,7.6,1.27,232697.0,401284007.25,10.29,18.1,16.38,16.89,16.71,5.75,326.75,4.5
55,56,000838,财信发展,2.69,7.6,0.19,346432.0,90703623.51,6.4,2.7,2.54,2.56,2.5,3.29,152.43,4.29
56,57,300518,新迅达,12.58,7.52,0.88,158439.0,197079474.32,12.31,12.94,11.5,11.69,11.7,7.95,-15.49,2.42
57,58,603477,巨星农牧,19.32,7.45,1.34,147624.0,273947314.0,8.34,19.33,17.83,18.13,17.98,2.89,-109.88,3.51
58,59,603327,福蓉科技,12.97,7.37,0.89,127044.0,158758603.0,8.11,12.99,12.01,12.08,12.08,1.7,46.29,5.31
59,60,300397,天和防务,12.11,7.36,0.83,454783.0,549358841.57,14.01,12.98,11.4,11.57,11.28,11.47,-113.4,3.88
60,61,300504,天邑股份,16.56,7.32,1.13,88322.0,140542853.07,7.26,16.56,15.44,15.65,15.43,4.05,67.23,2.01
61,62,600106,重庆路桥,5.87,7.31,0.4,804880.0,455140170.0,10.42,5.94,5.37,5.59,5.47,6.06,39.95,1.62
62,63,603227,雪峰科技,8.3,7.24,0.56,146911.0,117370082.0,9.17,8.34,7.63,7.74,7.74,1.51,11.35,1.92
63,64,300733,西菱动力,11.35,7.18,0.76,69563.0,77168806.8,7.18,11.45,10.69,10.85,10.59,3.08,71.45,2.18
64,65,300440,运达科技,6.43,7.17,0.43,140344.0,87156272.34,7.0,6.45,6.03,6.1,6.0,3.17,98.69,1.82
65,66,002653,海思科,38.66,7.15,2.58,46255.0,171709380.05,10.62,38.84,35.01,36.59,36.08,0.87,131.43,10.68
66,67,002205,国统股份,8.27,7.12,0.55,105724.0,85045396.78,8.42,8.44,7.79,7.8,7.72,5.69,-16.58,2.63
67,68,300101,振芯科技,17.47,7.11,1.16,177847.0,299226127.43,7.6,17.55,16.31,16.45,16.31,3.16,102.84,5.59
68,69,600869,远东股份,4.41,7.04,0.29,337702.0,142681897.0,8.01,4.42,4.09,4.13,4.12,1.52,-37.72,2.21
69,70,002253,川大智胜,11.86,6.94,0.77,106224.0,122247480.86,6.04,11.9,11.23,11.23,11.09,5.11,-78.3,2.26
70,71,601997,贵阳银行,6.32,6.94,0.41,1295159.0,806668239.0,3.72,6.35,6.13,6.14,5.91,3.54,4.33,0.39
71,72,605122,四方新材,10.84,6.9,0.7,31020.0,33010441.0,7.4,11.0,10.25,10.3,10.14,1.8,82.64,0.84
72,73,832023,田野股份,3.42,6.88,0.22,78668.0,25949613.81,9.06,3.44,3.15,3.21,3.2,3.18,20.93,0.92
73,74,603766,隆鑫通用,8.11,6.85,0.52,342597.0,269381001.0,8.04,8.13,7.52,7.63,7.59,1.67,14.13,1.93
74,75,300624,万兴科技,59.1,6.83,3.78,138375.0,781749510.42,11.68,60.01,53.55,55.4,55.32,8.08,233.28,8.5
75,76,601107,四川成渝,5.16,6.83,0.33,463436.0,236635818.0,4.55,5.2,4.98,5.1,4.83,2.14,11.3,1.01
76,77,688102,斯瑞新材,8.67,6.77,0.55,116591.0,97986370.0,6.16,8.68,8.18,8.3,8.12,2.79,56.37,6.03
77,78,688636,智明达,26.16,6.69,1.64,25583.0,65432349.0,6.53,26.25,24.65,24.65,24.52,2.27,865.1,2.72
78,79,836260,中寰股份,7.06,6.65,0.44,22592.0,15567191.16,6.95,7.07,6.61,6.66,6.62,5.45,17.18,1.81
79,80,601838,成都银行,16.22,6.64,1.01,760688.0,1209306287.0,5.19,16.29,15.5,15.5,15.21,2.0,5.02,0.91
80,81,002312,川发龙蟒,9.63,6.41,0.58,766201.0,720232441.85,8.29,9.79,9.04,9.1,9.05,4.37,30.98,1.97
81,82,600665,天地源,2.99,6.41,0.18,215355.0,62671623.0,5.69,3.0,2.84,2.89,2.81,2.49,-45.06,0.67
82,83,833943,优机股份,9.31,6.4,0.56,12460.0,11229652.18,7.66,9.37,8.7,8.87,8.75,3.02,18.81,1.69
83,84,600765,中航重机,21.07,6.36,1.26,294296.0,604292171.0,6.61,21.15,19.84,20.0,19.81,2.0,21.59,2.61
84,85,000159,国际实业,6.73,6.32,0.4,177201.0,116228223.18,9.48,6.88,6.28,6.32,6.33,3.69,76.51,1.31
85,86,300366,创意信息,10.33,6.28,0.61,281194.0,278549145.59,7.72,10.33,9.58,9.82,9.72,5.3,-27.08,3.45
86,87,002941,新疆交建,11.7,6.27,0.69,283787.0,322969176.87,6.72,11.75,11.01,11.36,11.01,4.43,52.64,2.37
87,88,870199,倍益康,15.94,6.27,0.94,16111.0,24465142.3,10.93,16.07,14.43,14.8,15.0,4.33,62.22,2.12
88,89,833781,瑞奇智造,5.1,6.25,0.3,34944.0,17392506.21,7.92,5.14,4.76,4.85,4.8,3.77,26.99,1.79
89,90,600455,博通股份,18.94,6.23,1.11,40153.0,74430071.0,8.36,19.39,17.9,17.93,17.83,6.43,63.41,4.25
90,91,002246,北化股份,10.58,6.22,0.62,336035.0,352193735.82,6.43,10.81,10.17,10.26,9.96,6.12,83.79,2.01
91,92,688297,中无人机,38.51,6.21,2.25,81602.0,307386442.0,6.15,38.66,36.43,37.04,36.26,3.0,-338.52,4.56
92,93,000560,我爱我家,3.6,6.19,0.21,2796570.0,980088795.52,7.96,3.65,3.38,3.51,3.39,12.4,144.42,0.89
93,94,000733,振华科技,44.69,6.18,2.6,196622.0,857186575.12,6.7,44.98,42.16,42.41,42.09,3.55,29.47,1.75
94,95,002265,建设工业,10.39,6.13,0.6,74422.0,75307989.0,5.92,10.41,9.83,9.89,9.79,1.85,60.51,3.11
95,96,688070,纵横股份,32.57,6.09,1.87,16188.0,51475179.0,6.48,32.71,30.72,31.0,30.7,1.85,-26.9,5.16
96,97,688506,百利天恒-U,200.48,6.07,11.48,12938.0,251789259.0,8.89,202.8,186.0,190.88,189.0,1.43,8.61,16.65
97,98,001328,登康口腔,26.8,6.05,1.53,25335.0,66722647.0,6.09,27.0,25.46,25.69,25.27,5.89,31.86,3.38
98,99,301117,佳缘科技,32.44,5.98,1.83,39272.0,123696262.0,6.7,32.55,30.5,31.0,30.61,8.57,192.33,2.28
99,100,873576,天力复合,19.68,5.98,1.11,12313.0,23927994.75,8.4,20.13,18.57,18.57,18.57,1.15,27.25,4.87
100,101,600391,航发科技,18.28,5.97,1.03,92109.0,164624600.0,5.33,18.32,17.4,17.48,17.25,2.79,197.27,3.75
101,102,600301,华锡有色,17.45,5.82,0.96,128954.0,218516175.0,7.16,17.45,16.27,16.5,16.49,4.68,15.82,2.99
102,103,002968,新大正,10.43,5.78,0.57,35590.0,36248166.8,4.67,10.45,9.99,10.19,9.86,1.67,14.43,1.96
103,104,000426,兴业银锡,13.09,5.74,0.71,442462.0,565703703.7,6.06,13.16,12.41,12.49,12.38,2.64,13.61,3.33
104,105,601369,陕鼓动力,8.67,5.73,0.47,186999.0,157648029.0,6.1,8.72,8.22,8.3,8.2,1.11,16.32,1.74
105,106,000561,烽火电子,7.6,5.7,0.41,161199.0,120021297.2,5.7,7.63,7.22,7.28,7.19,2.68,-46.29,2.49
106,107,002190,成飞集成,16.56,5.68,0.89,75269.0,123114559.21,5.74,16.65,15.75,15.81,15.67,2.1,-111.68,1.99
107,108,430425,乐创技术,12.57,5.63,0.67,15952.0,19261641.27,7.98,12.65,11.7,11.98,11.9,3.89,39.51,2.73
108,109,300414,中光防雷,8.28,5.61,0.44,75475.0,60917508.0,6.38,8.3,7.8,7.9,7.84,2.41,533.21,2.77
109,110,002977,天箭科技,29.65,5.59,1.57,27949.0,81299086.76,5.06,29.68,28.26,28.26,28.08,4.2,159.38,3.27
110,111,002428,云南锗业,13.99,5.58,0.74,307327.0,420624987.59,5.66,14.04,13.29,13.34,13.25,4.71,-494.2,6.56
111,112,832885,星辰科技,9.7,5.55,0.51,82903.0,78017923.99,13.82,9.9,8.63,9.33,9.19,9.58,124.84,4.46
112,113,600343,航天动力,9.52,5.54,0.5,105393.0,98409295.0,4.88,9.55,9.11,9.15,9.02,1.65,-53.37,3.82
113,114,002651,利君股份,5.75,5.5,0.3,129090.0,72877808.0,4.95,5.77,5.5,5.5,5.45,2.28,35.47,2.17
114,115,001696,宗申动力,14.59,5.5,0.76,708080.0,1002675647.93,7.38,14.66,13.64,13.9,13.83,7.94,29.63,3.47
115,116,688281,华秦科技,95.28,5.49,4.96,15564.0,144657181.0,6.7,95.28,89.23,91.98,90.32,3.2,43.02,4.24
116,117,600248,陕建股份,4.23,5.49,0.22,696352.0,291319356.0,4.99,4.29,4.09,4.2,4.01,1.89,5.03,0.69
117,118,000810,创维数字,10.5,5.42,0.54,279650.0,285018030.41,6.02,10.53,9.93,9.96,9.96,2.5,33.21,1.89
118,119,000768,中航西飞,28.49,5.4,1.46,459093.0,1300406284.83,5.88,28.82,27.23,27.31,27.03,1.66,60.3,3.97
119,120,688311,盟升电子,25.8,5.39,1.32,36130.0,90562352.0,6.74,25.8,24.15,24.58,24.48,2.25,-48.07,2.54
120,121,300820,英杰电气,45.5,5.37,2.32,32682.0,144425484.4,7.06,45.73,42.68,43.21,43.18,2.94,28.39,4.41
121,122,600984,建设机械,2.75,5.36,0.14,178170.0,48212863.0,4.98,2.77,2.64,2.64,2.61,1.42,-4.1,0.71
122,123,603317,天味食品,13.29,5.31,0.67,169485.0,218226138.0,7.45,13.35,12.41,12.44,12.62,1.59,28.67,3.39
123,124,603843,正平股份,2.81,5.24,0.14,174040.0,48502038.0,6.37,2.87,2.7,2.78,2.67,2.49,-12.54,2.19
124,125,603809,豪能股份,8.4,5.13,0.41,81543.0,67421936.0,3.5,8.4,8.12,8.18,7.99,1.4,15.08,2.18
125,126,000557,西部创业,4.72,5.12,0.23,169285.0,78047442.94,4.9,4.73,4.51,4.57,4.49,1.16,22.05,1.15
126,127,002025,航天电器,55.48,5.12,2.7,57507.0,315237328.61,6.35,56.08,52.73,52.75,52.78,1.27,32.91,3.89
127,128,002935,天奥电子,15.44,5.11,0.75,83725.0,126650085.89,4.29,15.48,14.85,14.85,14.69,2.02,213.08,4.27
128,129,830896,旺成科技,8.25,5.1,0.4,8301.0,6664911.98,5.61,8.26,7.82,7.87,7.85,3.26,30.03,2.13
129,130,000683,远兴能源,6.4,5.09,0.31,648178.0,404325132.64,5.58,6.42,6.08,6.11,6.09,1.97,9.9,1.73
130,131,300547,川环科技,17.18,5.08,0.83,63698.0,106467600.0,5.87,17.18,16.22,16.8,16.35,3.57,18.94,3.31
131,132,603458,勘设股份,6.02,5.06,0.29,113256.0,67272846.0,4.89,6.04,5.76,5.78,5.73,3.64,-12.02,0.57
132,133,000672,上峰水泥,7.69,5.05,0.37,104443.0,78824434.35,4.51,7.71,7.38,7.46,7.32,1.08,21.82,0.87
133,134,000415,渤海租赁,2.91,5.05,0.14,1096525.0,310951626.48,4.69,2.91,2.78,2.8,2.77,2.03,12.56,0.58
134,135,688122,西部超导,46.31,5.01,2.21,107411.0,488785610.0,4.99,46.43,44.23,44.5,44.1,1.65,43.17,4.8
135,136,301172,君逸数码,29.75,4.98,1.41,26660.0,76613519.55,7.34,29.88,27.8,28.6,28.34,3.79,85.19,2.56
136,137,600331,宏达股份,6.98,4.96,0.33,461980.0,315680198.0,6.47,7.05,6.62,6.65,6.65,2.27,121.55,37.44
137,138,002895,川恒股份,20.74,4.96,0.98,62820.0,126902459.0,5.82,20.8,19.65,19.78,19.76,1.16,15.89,2.09
138,139,301301,川宁生物,12.59,4.92,0.59,318237.0,385429586.82,8.08,12.62,11.65,12.11,12.0,5.17,18.3,3.86
139,140,600523,贵航股份,12.29,4.86,0.57,86235.0,104399533.0,4.95,12.33,11.75,11.75,11.72,2.13,33.59,1.68
140,141,002023,海特高新,10.2,4.83,0.47,206158.0,206106431.3,5.34,10.22,9.7,9.73,9.73,2.78,80.26,1.77
141,142,600449,宁夏建材,12.61,4.82,0.58,89144.0,109523851.0,5.49,12.63,11.97,12.21,12.03,1.86,57.43,0.85
142,143,301311,昆船智能,20.96,4.75,0.95,75794.0,157403520.96,6.15,21.3,20.07,20.07,20.01,8.69,-92.6,2.78
143,144,833230,欧康医药,11.12,4.71,0.5,11405.0,12366620.54,7.53,11.26,10.46,10.73,10.62,3.41,30.37,2.14
144,145,873833,美心翼申,9.13,4.7,0.41,8314.0,7445529.59,4.82,9.15,8.73,8.81,8.72,2.62,24.43,1.24
145,146,300249,依米康,8.47,4.7,0.38,134425.0,110712127.73,5.32,8.48,8.05,8.13,8.09,3.6,280.31,8.99
146,147,000598,兴蓉环境,7.6,4.68,0.34,337039.0,254676447.05,5.37,7.75,7.36,7.36,7.26,1.13,12.22,1.33
147,148,300987,川网传媒,15.02,4.67,0.67,50499.0,74183515.23,6.97,15.12,14.12,14.36,14.35,2.91,228.21,3.31
148,149,833266,生物谷,8.99,4.66,0.4,10026.0,8794050.74,5.7,9.01,8.52,8.83,8.59,1.29,116.08,1.11
149,150,871857,泓禧科技,11.8,4.61,0.52,6998.0,8069711.62,7.27,11.89,11.07,11.4,11.28,0.95,35.1,2.27
150,151,688150,莱特光电,18.65,4.6,0.82,49874.0,89508079.0,7.52,18.73,17.39,17.82,17.83,2.79,40.58,4.35
151,152,301171,易点天下,16.97,4.56,0.74,168953.0,277977719.09,6.47,17.02,15.97,16.58,16.23,5.47,30.36,2.29
152,153,000877,天山股份,5.74,4.55,0.25,236371.0,133819505.44,3.64,5.75,5.55,5.6,5.49,1.3,-5.98,0.51
153,154,600506,统一股份,12.94,4.52,0.56,69779.0,89610570.0,4.12,13.06,12.55,12.8,12.38,4.72,54.81,5.86
154,155,600773,西藏城投,11.89,4.48,0.51,233311.0,274018918.0,5.27,12.06,11.46,12.03,11.38,2.45,-55.29,2.4
155,156,001269,欧晶科技,26.85,4.47,1.15,26238.0,68562997.57,5.8,26.97,25.48,25.83,25.7,3.13,-20.54,3.77
156,157,000807,云铝股份,15.22,4.46,0.65,625709.0,935820990.52,4.19,15.23,14.62,14.69,14.57,1.8,10.48,1.98
157,158,301031,中熔电气,91.63,4.45,3.9,7990.0,71073607.0,6.25,92.11,86.63,87.72,87.73,1.84,46.43,5.8
158,159,002307,北新路桥,3.54,4.42,0.15,320235.0,112199359.05,6.19,3.62,3.41,3.45,3.39,2.94,213.27,1.3
159,160,301233,盛帮股份,40.23,4.41,1.7,12204.0,48622950.0,3.22,40.31,39.07,39.07,38.53,6.54,24.47,2.35
160,161,836675,秉扬科技,6.63,4.41,0.28,15016.0,9700874.91,5.98,6.63,6.25,6.5,6.35,1.91,15.74,1.95
161,162,000736,中交地产,11.13,4.41,0.47,391872.0,432028181.28,4.22,11.25,10.8,11.19,10.66,5.63,-4.23,7.76
162,163,834033,康普化学,21.09,4.41,0.89,5331.0,10912486.14,6.78,21.18,19.81,20.39,20.2,0.64,21.0,3.52
163,164,836419,万德股份,8.16,4.35,0.34,9094.0,7298227.32,4.6,8.18,7.82,7.89,7.82,2.32,18.08,1.45
164,165,834599,同力股份,10.81,4.34,0.45,45919.0,48235614.31,6.18,10.84,10.2,10.3,10.36,2.02,8.31,1.92
165,166,688283,坤恒顺维,24.52,4.34,1.02,3541.0,8395631.0,6.09,24.53,23.1,23.5,23.5,0.41,106.65,3.1
166,167,000762,西藏矿业,22.64,4.33,0.94,171817.0,379723797.6,4.88,22.66,21.6,21.8,21.7,3.3,53.13,4.01
167,168,300487,蓝晓科技,55.28,4.32,2.29,43270.0,231727968.82,5.55,55.46,52.52,53.54,52.99,1.42,34.54,8.26
168,169,688314,康拓医疗,27.15,4.3,1.12,7261.0,19043270.0,6.15,27.16,25.56,26.23,26.03,0.89,22.6,3.61
169,170,600505,西昌电力,9.7,4.3,0.4,271103.0,260182022.0,8.06,9.92,9.17,9.36,9.3,7.44,-69.28,2.99
170,171,600737,中粮糖业,10.7,4.29,0.44,517718.0,543815504.0,4.87,10.76,10.26,10.3,10.26,2.42,13.27,2.11
171,172,600893,航发动力,41.65,4.28,1.71,262064.0,1086910744.0,3.98,42.09,40.5,40.69,39.94,0.98,93.34,2.8
172,173,600603,ST广物,5.86,4.27,0.24,129614.0,74706850.0,3.74,5.86,5.65,5.72,5.62,1.05,13.68,1.06
173,174,300021,大禹节水,3.91,4.27,0.16,152330.0,58732343.18,4.53,3.94,3.77,3.82,3.75,2.17,88.49,1.8
174,175,601012,隆基绿能,16.89,4.26,0.69,1172841.0,1930733417.0,4.75,16.9,16.13,16.35,16.2,1.55,-12.21,2.0
175,176,000510,新金路,3.43,4.26,0.14,184232.0,62751589.38,4.86,3.47,3.31,3.4,3.29,3.25,-19.11,1.66
176,177,600456,宝钛股份,31.45,4.24,1.28,77572.0,239370986.0,5.2,31.55,29.98,30.32,30.17,1.62,18.65,2.22
177,178,600720,中交设计,9.85,4.23,0.4,126576.0,121890666.0,4.87,9.87,9.41,9.49,9.45,1.63,16.19,1.64
178,179,300780,德恩精工,15.28,4.23,0.62,42094.0,62811487.0,5.05,15.29,14.55,14.7,14.66,4.01,-42.83,1.93
179,180,300559,佳发教育,9.65,4.21,0.39,95231.0,88744524.0,6.26,9.66,9.08,9.2,9.26,3.06,45.09,3.19
180,181,836433,大唐药业,4.95,4.21,0.2,49010.0,23294872.8,8.0,4.95,4.57,4.81,4.75,2.9,123.21,2.68
181,182,002240,盛新锂能,14.36,4.21,0.58,183910.0,258769241.48,4.93,14.39,13.71,13.88,13.78,2.12,-35.38,1.06
182,183,600452,涪陵电力,10.07,4.14,0.4,152176.0,148747479.0,6.1,10.09,9.5,9.67,9.67,0.99,39.45,3.07
183,184,301121,紫建电子,41.33,4.13,1.64,16339.0,66197939.0,4.56,41.38,39.57,39.57,39.69,4.53,68.2,1.79
184,185,838837,华原股份,6.82,4.12,0.27,14360.0,9580875.59,8.09,6.95,6.42,6.61,6.55,1.05,17.82,2.1
185,186,000528,柳    工,12.91,4.11,0.51,468952.0,598121639.9,5.48,13.08,12.4,12.45,12.4,3.24,13.02,1.47
186,187,300535,达威股份,13.73,4.09,0.54,20861.0,28192805.0,3.94,13.75,13.23,13.25,13.19,2.73,23.84,1.48
187,188,600295,鄂尔多斯,9.69,4.08,0.38,107513.0,102252443.0,4.51,9.7,9.28,9.29,9.31,0.54,13.47,1.35
188,189,300127,银河磁体,16.07,4.08,0.63,35721.0,56013927.92,4.53,16.08,15.38,15.47,15.44,1.55,33.06,3.76
189,190,000635,英 力 特,6.69,4.04,0.26,37081.0,24378560.54,3.42,6.7,6.48,6.55,6.43,1.22,-8.22,1.37
190,191,688167,炬光科技,58.3,4.03,2.26,26236.0,147812028.0,7.71,58.6,54.28,56.04,56.04,3.81,-93.68,2.3
191,192,688439,振华风光,61.7,4.03,2.39,25930.0,153768395.0,7.45,62.0,57.58,59.2,59.31,2.28,26.68,2.56
192,193,300470,中密控股,36.2,4.02,1.4,25659.0,90035473.66,5.57,36.28,34.34,34.93,34.8,1.33,21.73,3.07
193,194,000688,国城矿业,11.67,4.01,0.45,50931.0,58062486.18,5.26,11.69,11.1,11.17,11.22,0.46,151.7,4.51
194,195,300678,中科信息,33.49,4.01,1.29,155035.0,501245344.97,7.39,33.68,31.3,32.18,32.2,5.43,994.89,11.62
195,196,600928,西安银行,3.64,4.0,0.14,360959.0,129464017.0,3.71,3.65,3.52,3.57,3.5,0.82,6.05,0.51
196,197,603100,川仪股份,19.35,3.98,0.74,59106.0,110249920.0,7.31,19.44,18.08,18.77,18.61,1.16,13.7,2.46
197,198,300467,迅游科技,15.44,3.97,0.59,52597.0,79323340.0,5.05,15.45,14.7,15.15,14.85,3.12,91.08,5.08
198,199,830809,安达科技,4.72,3.96,0.18,64907.0,29898307.11,11.23,4.79,4.28,4.58,4.54,2.02,-3.97,1.36
199,200,301526,国际复材,3.94,3.96,0.15,314930.0,121506107.5,5.54,3.97,3.76,3.82,3.79,5.4,-77.58,1.8
200,201,300872,天阳科技,16.03,3.96,0.61,231597.0,357851062.67,8.24,16.07,14.8,15.72,15.42,6.78,35.86,2.45
201,202,002149,西部材料,14.77,3.94,0.56,115593.0,169066878.92,4.71,14.89,14.22,14.27,14.21,2.37,37.71,2.44
202,203,603717,天域生物,5.81,3.94,0.22,38826.0,22330286.0,4.11,5.87,5.64,5.64,5.59,1.34,135.32,2.58
203,204,002996,顺博合金,6.09,3.92,0.23,57230.0,34435542.1,4.27,6.13,5.88,5.89,5.86,1.76,24.3,1.32
204,205,300831,派瑞股份,15.38,3.92,0.58,128613.0,192046597.0,7.09,15.48,14.43,14.93,14.8,6.97,52.61,5.43
205,206,301050,雷电微力,42.97,3.92,1.62,95122.0,400138266.25,5.05,43.14,41.05,41.45,41.35,4.58,25.11,3.9
206,207,600610,中毅达,4.51,3.92,0.17,156456.0,69315044.0,4.15,4.53,4.35,4.43,4.34,2.21,-153.57,224.8
207,208,600988,赤峰黄金,18.89,3.91,0.71,624616.0,1163937215.0,6.33,19.05,17.9,18.19,18.18,3.75,22.12,4.62
208,209,832786,骑士乳业,6.42,3.88,0.24,117385.0,69438755.02,14.72,6.47,5.56,5.8,6.18,12.28,18.79,1.66
209,210,603132,金徽股份,12.17,3.84,0.45,31567.0,37563416.0,4.61,12.2,11.66,11.66,11.72,1.98,27.75,3.97
210,211,000892,欢瑞世纪,2.98,3.83,0.11,121124.0,35356373.0,4.88,2.99,2.85,2.91,2.87,1.7,91.12,2.57
211,212,601168,西部矿业,18.52,3.81,0.68,325739.0,591652104.0,4.71,18.53,17.69,17.84,17.84,1.37,13.62,2.8
212,213,300140,节能环境,6.3,3.79,0.23,178227.0,110033847.24,4.61,6.32,6.04,6.17,6.07,1.75,22.32,1.43
213,214,688709,成都华微,18.68,3.78,0.68,45875.0,82960221.0,6.61,18.77,17.58,18.0,18.0,5.95,81.17,4.34
214,215,300789,唐源电气,14.87,3.77,0.54,23607.0,34229080.17,5.02,14.88,14.16,14.35,14.33,2.39,23.03,2.11
215,216,832566,梓橦宫,8.3,3.75,0.3,30662.0,24766605.21,5.88,8.32,7.85,7.99,8.0,2.74,15.4,1.65
216,217,831010,凯添燃气,4.99,3.74,0.18,35320.0,17199300.01,5.61,5.0,4.73,4.74,4.81,2.19,24.87,1.8
217,218,603058,永吉股份,8.62,3.73,0.31,53578.0,45080659.0,5.9,8.67,8.18,8.47,8.31,1.28,23.13,3.27
218,219,000960,锡业股份,16.18,3.72,0.58,262687.0,419763354.93,3.85,16.29,15.69,15.8,15.6,1.6,16.65,1.47
219,220,002268,电科网安,16.78,3.71,0.6,158170.0,257171218.7,5.62,16.8,15.89,16.2,16.18,1.88,-32.94,2.69
220,221,688239,航宇科技,36.07,3.65,1.27,34686.0,122749389.0,4.43,36.1,34.56,35.03,34.8,2.44,25.77,3.02
221,222,000408,藏格矿业,26.72,3.65,0.94,92374.0,242087292.59,4.03,26.78,25.74,25.87,25.78,0.58,16.28,3.32
222,223,871478,巨能股份,13.97,3.64,0.49,16051.0,21730662.96,6.6,13.99,13.1,13.88,13.48,6.98,-93.1,4.09
223,224,000586,汇源通信,8.34,3.6,0.29,52987.0,43452839.0,3.85,8.36,8.05,8.18,8.05,2.74,-136.11,4.93
224,225,002128,电投能源,19.35,3.59,0.67,158497.0,301064067.6,4.87,19.41,18.5,18.65,18.68,0.71,7.37,1.33
225,226,600252,中恒集团,2.32,3.57,0.08,467698.0,107616438.0,4.91,2.35,2.24,2.29,2.24,1.37,182.75,1.27
226,227,002114,罗平锌电,5.52,3.56,0.19,101084.0,55310727.0,3.56,5.55,5.36,5.4,5.33,3.13,374.11,1.73
227,228,300288,朗玛信息,14.07,3.53,0.48,80843.0,110739413.6,5.0,14.08,13.4,13.69,13.59,3.15,98.87,2.93
228,229,688498,源杰科技,133.33,3.53,4.54,39291.0,498405926.0,11.68,135.15,120.11,126.0,128.79,6.62,529.92,5.45
229,230,600192,长城电工,5.31,3.51,0.18,102429.0,53746561.0,4.29,5.35,5.13,5.14,5.13,2.32,-14.48,1.76
230,231,000912,泸天化,4.43,3.5,0.15,190591.0,84235580.0,3.74,4.48,4.32,4.4,4.28,1.22,25.95,1.06
231,232,600581,八一钢铁,3.28,3.47,0.11,225647.0,73087994.0,3.47,3.29,3.18,3.19,3.17,1.47,-3.5,4.73
232,233,688513,苑东生物,38.23,3.46,1.28,10204.0,37570634.0,7.04,38.41,35.81,37.58,36.95,0.58,23.03,2.53
233,234,600967,内蒙一机,7.88,3.41,0.26,148861.0,116247946.0,3.67,7.93,7.65,7.73,7.62,0.88,25.44,1.13
234,235,603109,神驰机电,13.77,3.38,0.45,18682.0,25287080.0,4.35,13.78,13.2,13.33,13.32,0.9,24.45,1.6
235,236,603999,读者传媒,5.52,3.37,0.18,57240.0,31001518.0,3.75,5.53,5.33,5.36,5.34,0.99,46.4,1.62
236,237,688528,秦川物联,10.43,3.37,0.34,30839.0,31605299.0,7.43,10.56,9.81,10.49,10.09,1.84,-44.58,2.96
237,238,000608,阳光股份,2.15,3.37,0.07,355078.0,75555513.86,6.25,2.2,2.07,2.14,2.08,4.77,-56.35,0.67
238,239,000975,山金国际,18.13,3.36,0.59,469328.0,840210536.84,6.5,18.29,17.15,17.31,17.54,1.89,23.41,4.24
239,240,600084,中信尼雅,5.24,3.35,0.17,41718.0,21575840.0,3.35,5.25,5.08,5.08,5.07,0.37,-589.38,4.63
240,241,300370,安控科技,2.47,3.35,0.08,372037.0,89716184.54,5.02,2.48,2.36,2.4,2.39,2.81,-57.26,6.59
241,242,600310,广西能源,4.02,3.34,0.13,164325.0,65200206.0,2.83,4.02,3.91,3.93,3.89,1.12,257.58,1.99
242,243,002053,云南能投,12.46,3.32,0.4,51373.0,62972457.57,4.98,12.57,11.97,12.13,12.06,0.56,10.09,1.57
243,244,002927,泰永长征,11.58,3.3,0.37,37515.0,42766728.8,4.01,11.59,11.14,11.26,11.21,1.7,34.95,2.52
244,245,001227,兰州银行,2.52,3.28,0.08,1228658.0,308318325.63,3.28,2.55,2.47,2.49,2.44,4.44,7.61,0.5
245,246,002978,安宁股份,29.04,3.23,0.91,17361.0,49432507.01,4.62,29.13,27.83,28.38,28.13,0.58,13.28,1.93
246,247,002928,华夏航空,7.35,3.23,0.23,197122.0,144182156.62,4.49,7.42,7.1,7.12,7.12,1.54,179.63,3.02
247,248,002929,润建股份,29.83,3.22,0.93,50749.0,147968767.8,4.6,29.83,28.5,29.17,28.9,2.38,17.82,1.36
248,249,688101,三达膜,13.84,3.21,0.43,18979.0,25853426.0,3.73,13.88,13.38,13.53,13.41,0.57,14.36,1.19
249,250,300092,科新机电,10.96,3.2,0.34,58396.0,62986012.0,3.77,10.97,10.57,10.72,10.62,2.78,15.48,1.93
250,251,300767,震安科技,11.0,3.19,0.34,61614.0,66098814.73,5.91,11.03,10.4,10.85,10.66,2.92,-46.54,1.83
251,252,000565,渝三峡Ａ,4.87,3.18,0.15,42034.0,20113627.0,3.81,4.88,4.7,4.75,4.72,0.97,52.6,1.68
252,253,688053,思科瑞,23.4,3.17,0.72,9651.0,22073359.0,4.59,23.47,22.43,22.68,22.68,2.23,-295.81,1.43
253,254,603139,康惠制药,13.03,3.17,0.4,14250.0,18362276.0,3.33,13.08,12.66,12.73,12.63,1.43,-74.78,1.38
254,255,002818,富森美,13.04,3.16,0.4,27377.0,34921291.3,4.43,13.06,12.5,12.75,12.64,0.92,14.36,1.79
255,256,002275,桂林三金,15.03,3.16,0.46,29456.0,43438447.29,3.64,15.06,14.53,14.61,14.57,0.53,14.67,3.01
256,257,000779,甘咨询,8.17,3.16,0.25,101921.0,82329832.27,3.16,8.17,7.92,8.03,7.92,2.19,15.02,1.01
257,258,603333,尚纬股份,3.61,3.14,0.11,110153.0,39288166.0,3.14,3.62,3.51,3.52,3.5,1.77,-437.01,1.05
258,259,600888,新疆众和,7.59,3.13,0.23,166066.0,124289835.0,3.13,7.6,7.37,7.43,7.36,1.21,8.16,1.02
259,260,301428,世纪恒通,32.05,3.12,0.97,23625.0,73886705.66,6.66,32.17,30.1,31.05,31.08,3.86,37.67,2.55
260,261,300492,华图山鼎,75.36,3.12,2.28,9388.0,69890386.0,4.16,75.94,72.9,74.53,73.08,0.67,43.53,29.69
261,262,601996,丰林集团,1.99,3.11,0.06,106670.0,20865869.0,3.63,1.99,1.92,1.95,1.93,0.95,158.83,0.82
262,263,600251,冠农股份,7.64,3.1,0.23,62888.0,47374929.0,3.51,7.65,7.39,7.4,7.41,0.81,9.81,1.62
263,264,688269,凯立新材,26.35,3.09,0.79,11339.0,29237704.0,5.32,26.47,25.11,25.66,25.56,0.87,36.81,3.56
264,265,603053,成都燃气,9.34,3.09,0.28,43881.0,40474662.0,2.98,9.34,9.07,9.16,9.06,0.49,15.15,1.87
265,266,301075,多瑞医药,19.69,3.09,0.59,15163.0,29504457.0,4.35,19.85,19.02,19.46,19.1,1.9,-240.38,2.14
266,267,301379,天山电子,18.77,3.08,0.56,25618.0,47069726.37,5.11,18.8,17.87,18.48,18.21,2.74,20.52,2.02
267,268,603679,华体科技,11.8,3.06,0.35,38161.0,44310964.0,3.76,11.82,11.39,11.5,11.45,2.34,-61.6,2.3
268,269,600302,标准股份,4.41,3.04,0.13,57259.0,25124631.0,3.5,4.46,4.31,4.35,4.28,1.65,-27.92,1.97
269,270,600644,乐山电力,6.13,3.03,0.18,94382.0,57162177.0,4.54,6.18,5.91,5.95,5.95,1.75,178.42,1.8
270,271,002765,蓝黛科技,5.45,3.02,0.16,108872.0,58238016.0,3.97,5.46,5.25,5.32,5.29,1.83,26.28,1.46
271,272,002798,帝欧家居,3.75,3.02,0.11,54679.0,20158728.88,3.57,3.76,3.63,3.67,3.64,1.73,-13.11,0.79
272,273,002800,天顺股份,11.27,3.02,0.33,60610.0,67677393.8,3.75,11.35,10.94,11.08,10.94,4.28,108.45,3.31
273,274,002749,国光股份,12.73,2.99,0.37,38390.0,48032136.12,3.48,12.74,12.31,12.5,12.36,0.91,13.71,2.85
274,275,601212,白银有色,3.12,2.97,0.09,621557.0,191754768.0,3.63,3.13,3.02,3.07,3.03,0.84,936.3,1.52
275,276,688117,圣诺生物,27.41,2.97,0.79,17075.0,45964012.0,4.77,27.48,26.21,26.97,26.62,1.52,70.45,3.48
276,277,600979,广安爱众,3.47,2.97,0.1,254791.0,87180682.0,3.56,3.48,3.36,3.4,3.37,2.07,18.12,0.98
277,278,600367,红星发展,10.43,2.96,0.3,40929.0,41947207.0,3.55,10.44,10.08,10.15,10.13,1.27,75.54,1.53
278,279,600706,曲江文旅,9.04,2.96,0.26,58804.0,52700469.0,2.96,9.08,8.82,8.92,8.78,2.31,-6.16,3.97
279,280,301231,荣信文化,18.13,2.95,0.52,21192.0,37649188.0,4.66,18.2,17.38,17.6,17.61,3.93,-62.49,1.71
280,281,600279,重庆港,4.2,2.94,0.12,91547.0,37911261.0,2.94,4.21,4.09,4.1,4.08,0.77,51.02,0.8
281,282,002357,富临运业,5.96,2.94,0.17,60320.0,35482938.5,3.11,5.97,5.79,5.83,5.79,1.92,11.45,1.23
282,283,601158,重庆水务,4.93,2.92,0.14,190081.0,93239233.0,3.13,4.97,4.82,4.92,4.79,0.4,28.44,1.42
283,284,300434,金石亚药,8.52,2.9,0.24,40112.0,33492107.6,4.95,8.54,8.13,8.36,8.28,1.17,43.66,1.43
284,285,600793,宜宾纸业,9.97,2.89,0.28,18883.0,18641696.0,3.41,10.03,9.7,9.7,9.69,1.07,-11.18,3.52
285,286,601069,西部黄金,12.86,2.88,0.36,270995.0,341476501.0,7.68,12.98,12.02,12.36,12.5,3.96,89.12,2.65
286,287,002109,兴化股份,2.87,2.87,0.08,70521.0,19962043.5,3.58,2.88,2.78,2.83,2.79,0.55,-7.07,0.79
287,288,301139,元道通信,22.67,2.86,0.63,25915.0,57504592.0,5.22,22.75,21.6,22.02,22.04,3.61,45.73,1.43
288,289,300603,立昂技术,9.15,2.81,0.25,121845.0,108732312.26,5.28,9.17,8.7,9.01,8.9,3.39,-127.69,2.99
289,290,601811,新华文轩,15.04,2.8,0.41,31512.0,46653471.0,3.76,15.08,14.53,14.88,14.63,0.4,12.96,1.37
290,291,688737,中自科技,15.05,2.8,0.41,12116.0,17904214.0,3.96,15.06,14.48,14.71,14.64,1.7,162.34,0.96
291,292,600936,广西广电,2.57,2.8,0.07,85268.0,21644726.0,3.2,2.58,2.5,2.52,2.5,0.51,-5.68,3.71
292,293,300937,药易购,22.77,2.8,0.62,12270.0,27424219.0,3.57,22.77,21.98,22.48,22.15,1.96,90.05,2.58
293,294,601225,陕西煤业,26.11,2.8,0.71,382768.0,993551096.0,5.87,26.36,24.87,25.5,25.4,0.39,11.99,2.85
294,295,002539,云图控股,8.1,2.79,0.22,114898.0,91651742.46,3.43,8.12,7.85,7.95,7.88,1.3,10.78,1.15
295,296,600425,青松建化,3.7,2.78,0.1,195124.0,71221181.0,3.89,3.71,3.57,3.63,3.6,1.42,13.79,0.94
296,297,603393,新天然气,35.61,2.77,0.96,37591.0,131489544.0,5.4,35.87,34.0,35.0,34.65,1.0,12.48,2.0
297,298,002826,易明医药,8.93,2.76,0.24,35631.0,31226908.0,4.49,8.95,8.56,8.72,8.69,2.02,21.47,2.33
298,299,600558,大西洋,3.77,2.72,0.1,126795.0,47237276.0,3.27,3.79,3.67,3.7,3.67,1.41,27.35,1.46
299,300,601020,华钰矿业,12.09,2.72,0.32,374856.0,449586859.0,3.82,12.16,11.71,11.77,11.77,4.57,45.39,3.05
300,301,000815,美利云,9.07,2.72,0.24,164619.0,147074442.48,3.74,9.09,8.76,9.0,8.83,2.37,-889.18,3.39
301,302,002390,信邦制药,3.46,2.67,0.09,165561.0,56226105.0,3.56,3.46,3.34,3.39,3.37,0.89,29.27,0.99
302,303,603032,德新科技,16.98,2.66,0.44,73365.0,123068950.0,4.84,17.16,16.36,16.61,16.54,3.19,255.23,3.16
303,304,603191,望变电气,12.38,2.65,0.32,49717.0,60405342.0,4.48,12.42,11.88,12.14,12.06,2.66,59.27,1.73
304,305,301596,瑞迪智驱,73.15,2.65,1.89,10448.0,74561632.0,5.89,73.33,69.13,70.78,71.26,7.58,39.94,5.16
305,306,688222,成都先导,11.23,2.65,0.29,45460.0,49678249.0,5.12,11.24,10.68,10.94,10.94,1.13,220.62,3.32
306,307,300019,硅宝科技,14.33,2.65,0.37,47363.0,66588715.0,3.87,14.33,13.79,14.1,13.96,1.37,27.7,2.3
307,308,002202,金风科技,10.09,2.64,0.26,364735.0,362364173.68,3.26,10.12,9.8,9.84,9.83,1.07,15.37,1.17
308,309,000803,山高环能,3.89,2.64,0.1,53669.0,20556965.56,3.69,3.9,3.76,3.79,3.79,1.17,-26.17,1.33
309,310,001231,农心科技,15.57,2.64,0.4,10227.0,15780166.0,4.15,15.73,15.1,15.27,15.17,2.78,18.23,1.64
310,311,301256,华融化学,7.03,2.63,0.18,23561.0,16351507.0,3.21,7.04,6.82,6.86,6.85,1.73,38.33,1.99
311,312,001330,博纳影业,4.72,2.61,0.12,101466.0,46810333.8,5.22,4.75,4.51,4.6,4.6,0.96,-23.41,1.08
312,313,000920,沃顿科技,8.74,2.58,0.22,34466.0,29741919.55,3.52,8.78,8.48,8.53,8.52,0.82,21.22,2.28
313,314,000862,银星能源,4.79,2.57,0.12,76950.0,36331460.0,3.64,4.81,4.64,4.7,4.67,1.23,16.83,1.02
314,315,000837,秦川机床,8.43,2.55,0.21,148532.0,123116520.1,5.35,8.53,8.09,8.49,8.22,1.53,98.57,1.78
315,316,000878,云南铜业,13.65,2.55,0.34,315960.0,426307661.35,2.93,13.69,13.3,13.36,13.31,1.58,12.91,1.9
316,317,600129,太极集团,25.02,2.54,0.62,143987.0,350116586.0,5.41,25.06,23.74,24.2,24.4,2.59,14.09,3.53
317,318,000929,兰州黄河,6.49,2.53,0.16,34755.0,22373136.0,3.63,6.55,6.32,6.33,6.33,1.87,-73.52,2.09
318,319,600714,金瑞矿业,8.15,2.52,0.2,36662.0,29297043.0,4.03,8.16,7.84,7.94,7.95,1.27,107.43,3.14
319,320,600509,天富能源,5.73,2.5,0.14,166469.0,94137420.0,3.4,5.75,5.56,5.6,5.59,1.21,12.62,1.02
320,321,601798,蓝科高新,5.75,2.5,0.14,53317.0,30244860.0,3.21,5.77,5.59,5.6,5.61,1.5,-105.21,1.55
321,322,002688,金河生物,4.11,2.49,0.1,69022.0,28010028.0,3.24,4.12,3.99,4.02,4.01,0.93,17.42,1.43
322,323,301107,瑜欣电子,25.12,2.49,0.61,6934.0,17192631.0,4.04,25.3,24.31,24.72,24.51,3.31,36.5,2.04
323,324,002175,东方智造,2.06,2.49,0.05,214132.0,43507244.4,2.99,2.06,2.0,2.03,2.01,1.68,217.6,4.49
324,325,600779,水井坊,42.44,2.46,1.02,52105.0,218788634.0,3.43,42.75,41.33,41.41,41.42,1.07,42.75,5.03
325,326,001203,大中矿业,8.74,2.46,0.21,57701.0,49527464.68,3.63,8.74,8.43,8.55,8.53,0.47,14.25,2.15
326,327,600875,东方电气,15.01,2.46,0.36,213752.0,318691009.0,2.25,15.06,14.73,14.85,14.65,1.06,13.83,1.25
327,328,600880,博瑞传播,4.17,2.46,0.1,129469.0,52931342.0,3.69,4.17,4.02,4.09,4.07,1.18,264.08,1.5
328,329,300275,梅安森,12.14,2.45,0.29,73734.0,88112899.94,4.3,12.19,11.68,11.91,11.85,2.89,57.36,4.25
329,330,688776,国光电气,49.1,2.44,1.17,12395.0,59586538.0,6.59,49.15,45.99,46.0,47.93,1.14,52.24,2.85
330,331,600353,旭光电子,6.31,2.44,0.15,147947.0,91128318.0,4.06,6.31,6.06,6.16,6.16,1.79,46.63,2.96
331,332,002524,光正眼科,3.79,2.43,0.09,72789.0,27227677.25,3.24,3.79,3.67,3.75,3.7,1.43,771.23,6.7
332,333,000995,皇台酒业,11.47,2.41,0.27,79469.0,89449790.95,5.18,11.53,10.95,11.04,11.2,4.48,-256.11,17.2
333,334,600863,内蒙华电,4.68,2.41,0.11,676140.0,313800069.0,3.5,4.72,4.56,4.6,4.57,1.04,8.64,1.9
334,335,600080,金花股份,6.39,2.4,0.15,16832.0,10649676.0,2.72,6.4,6.23,6.24,6.24,0.45,126.03,1.59
335,336,601005,重庆钢铁,1.28,2.4,0.03,849595.0,108128489.0,3.2,1.29,1.25,1.27,1.25,1.01,-8.28,0.6
336,337,001258,立新能源,6.44,2.38,0.15,46400.0,29538859.0,3.02,6.45,6.26,6.33,6.29,0.99,33.01,2.03
337,338,600540,新赛股份,3.9,2.36,0.09,39598.0,15274001.0,2.62,3.91,3.81,3.84,3.81,0.68,152.66,3.08
338,339,000757,浩物股份,3.47,2.36,0.08,72699.0,25005504.08,2.65,3.48,3.39,3.42,3.39,1.36,-50.26,1.18
339,340,600328,中盐化工,8.3,2.34,0.19,155419.0,127093306.0,2.84,8.3,8.07,8.18,8.11,1.06,13.86,1.04
340,341,000903,云内动力,2.21,2.31,0.05,308584.0,67562985.74,2.78,2.21,2.15,2.17,2.16,1.61,-21.59,1.51
341,342,002219,新里程,2.67,2.3,0.06,857964.0,219125705.9,8.81,2.68,2.45,2.56,2.61,2.61,75.65,3.94
342,343,600707,彩虹股份,7.14,2.29,0.16,258950.0,179754784.0,5.44,7.16,6.78,6.99,6.98,0.72,13.99,1.21
343,344,000509,华塑控股,3.13,2.29,0.07,137258.0,42510740.71,3.59,3.15,3.04,3.12,3.06,1.28,1218.55,22.48
344,345,000593,德龙汇能,5.37,2.29,0.12,44022.0,23375159.0,3.05,5.4,5.24,5.25,5.25,1.23,31.08,2.23
345,346,000791,甘肃能源,6.27,2.28,0.14,160823.0,99873186.69,2.94,6.3,6.12,6.18,6.13,1.0,17.5,1.14
346,347,603706,东方环宇,16.26,2.26,0.36,20552.0,33122819.0,4.4,16.36,15.66,15.92,15.9,1.09,13.39,1.93
347,348,002145,中核钛白,4.07,2.26,0.09,412344.0,165495183.5,3.77,4.09,3.94,3.98,3.98,1.08,25.88,1.34
348,349,002422,科伦药业,33.02,2.23,0.72,118444.0,383100324.8,4.4,33.15,31.73,32.29,32.3,0.91,14.69,2.37
349,350,002267,陕天然气,7.8,2.23,0.17,115184.0,89022095.9,2.75,7.84,7.63,7.68,7.63,1.04,8.35,1.28
350,351,600392,盛和资源,9.64,2.23,0.21,193812.0,183624148.0,3.61,9.65,9.31,9.45,9.43,1.11,-123.31,2.05
351,352,002166,莱茵生物,7.83,2.22,0.17,128537.0,99049378.94,4.05,7.87,7.56,7.66,7.66,2.5,44.76,1.93
352,353,002457,青龙管业,11.99,2.22,0.26,614696.0,735321079.29,9.8,12.55,11.4,11.73,11.73,18.44,27.85,1.73
353,354,300505,川金诺,14.4,2.2,0.31,105374.0,148494479.45,4.83,14.43,13.75,14.18,14.09,4.85,29.72,1.63
354,355,688319,欧林生物,10.22,2.2,0.22,18468.0,18501613.0,4.4,10.24,9.8,10.11,10.0,0.46,-74.22,4.71
355,356,600556,天下秀,4.21,2.18,0.09,245770.0,101246264.0,4.61,4.22,4.03,4.15,4.12,1.36,84.44,1.98
356,357,600497,驰宏锌锗,5.62,2.18,0.12,718525.0,400448615.0,2.36,5.63,5.5,5.53,5.5,1.41,15.85,1.8
357,358,601121,宝地矿业,6.12,2.17,0.13,60120.0,36452915.0,2.67,6.12,5.96,6.07,5.99,1.58,23.8,1.6
358,359,000790,华神科技,3.78,2.16,0.08,88510.0,32994780.18,3.78,3.79,3.65,3.75,3.7,1.42,129.41,2.24
359,360,600265,景谷林业,14.65,2.16,0.31,5319.0,7705726.0,3.63,14.73,14.21,14.34,14.34,0.41,-116.01,12.02
360,361,600075,新疆天业,4.31,2.13,0.09,139280.0,58921720.0,4.5,4.33,4.14,4.21,4.22,0.82,550.17,0.83
361,362,000911,广农糖业,7.21,2.12,0.15,49202.0,35118801.91,2.83,7.25,7.05,7.11,7.06,1.52,95.85,25.76
362,363,688443,智翔金泰-U,26.47,2.12,0.55,19102.0,49156463.0,6.1,26.57,24.99,26.0,25.92,1.67,-13.41,3.88
363,364,600883,博闻科技,6.26,2.12,0.13,16821.0,10428659.0,3.26,6.29,6.09,6.14,6.13,0.71,18.59,1.59
364,365,600338,西藏珠峰,10.72,2.1,0.22,247522.0,261795034.0,4.76,10.81,10.31,10.52,10.5,2.71,38.29,2.82
365,366,603919,金徽酒,19.55,2.09,0.4,39608.0,75600066.0,4.8,19.59,18.67,19.13,19.15,0.78,16.81,2.96
366,367,001288,运机集团,27.64,2.07,0.56,11974.0,32811969.0,2.73,27.71,26.97,27.18,27.08,1.85,37.56,2.3
367,368,600359,新农开发,6.43,2.06,0.13,41673.0,26666123.0,2.86,6.48,6.3,6.31,6.3,1.09,22.9,3.52
368,369,003006,百亚股份,25.44,2.05,0.51,34283.0,85350797.27,5.78,25.52,24.08,24.99,24.93,0.8,30.39,8.15
369,370,301239,普瑞眼科,39.94,2.04,0.8,21409.0,83395469.4,5.49,40.1,37.95,39.59,39.14,3.02,69.01,2.59
370,371,000155,川能动力,11.01,2.04,0.22,129540.0,141119061.75,3.06,11.02,10.69,10.94,10.79,1.0,16.04,2.0
371,372,002727,一心堂,13.52,2.04,0.27,83534.0,111049173.0,3.77,13.54,13.04,13.25,13.25,2.05,14.29,1.03
372,373,300841,康华生物,63.18,2.03,1.26,27798.0,172357401.07,4.49,63.36,60.58,62.12,61.92,2.27,13.88,2.47
373,374,301515,港通医疗,18.57,2.03,0.37,13039.0,23824684.0,3.35,18.58,17.97,18.46,18.2,2.18,60.24,1.42
374,375,600844,丹化科技,2.51,2.03,0.05,81639.0,20276122.0,2.85,2.52,2.45,2.46,2.46,0.99,-11.41,6.0
375,376,603169,兰石重装,5.03,2.03,0.1,128892.0,64007382.0,3.04,5.04,4.89,4.93,4.93,0.99,46.99,2.05
376,377,002696,百洋股份,4.53,2.03,0.09,33571.0,15144976.49,2.93,4.57,4.44,4.51,4.44,0.98,-31.8,1.14
377,378,600256,广汇能源,7.58,2.02,0.15,728898.0,547895361.0,2.96,7.61,7.39,7.44,7.43,1.11,17.1,1.92
378,379,600395,盘江股份,5.56,2.02,0.11,133336.0,73157228.0,2.94,5.56,5.4,5.46,5.45,0.62,160.1,1.11
379,380,601179,中国西电,8.14,2.01,0.16,585071.0,468240910.0,4.39,8.17,7.82,7.99,7.98,1.14,46.12,1.9
380,381,002185,华天科技,9.67,2.0,0.19,730055.0,688940122.57,5.38,9.71,9.2,9.48,9.48,2.28,69.56,1.93
381,382,000953,河化股份,4.08,2.0,0.08,95186.0,38550124.0,2.75,4.1,3.99,4.07,4.0,2.6,283.26,21.36
382,383,603080,新疆火炬,15.4,1.99,0.3,28299.0,43139475.0,3.11,15.45,14.98,15.18,15.1,2.0,13.34,1.51
383,384,000812,陕西金叶,4.12,1.98,0.08,106613.0,43431435.0,2.97,4.13,4.01,4.05,4.04,1.39,25.07,1.71
384,385,001299,美能能源,12.39,1.98,0.24,19116.0,23533353.55,2.63,12.47,12.15,12.18,12.15,3.73,29.35,1.82
385,386,600903,贵州燃气,7.23,1.97,0.14,69093.0,49391433.0,2.68,7.25,7.06,7.15,7.09,0.6,25.46,2.72
386,387,300755,华致酒行,17.11,1.97,0.33,68852.0,114239978.74,5.9,17.14,16.15,16.8,16.78,1.65,22.99,1.98
387,388,000962,东方钽业,11.93,1.97,0.23,91835.0,108478112.46,2.99,11.98,11.63,11.74,11.7,1.85,26.86,2.39
388,389,600721,百花医药,6.79,1.95,0.13,127917.0,85337713.0,3.75,6.8,6.55,6.66,6.66,3.34,57.4,3.55
389,390,600615,丰华股份,9.44,1.94,0.18,24990.0,23492667.0,3.56,9.53,9.2,9.26,9.26,1.33,348.6,2.77
390,391,001337,四川黄金,23.69,1.94,0.45,65367.0,151867742.0,4.52,23.73,22.68,23.25,23.24,2.27,35.39,7.32
391,392,600378,昊华科技,29.57,1.93,0.56,19993.0,58351853.0,3.69,29.73,28.66,29.45,29.01,0.22,44.26,2.07
392,393,603759,海天股份,6.36,1.92,0.12,19887.0,12494625.0,2.72,6.36,6.19,6.31,6.24,0.43,14.21,1.16
393,394,000788,北大医药,5.84,1.92,0.11,77775.0,44695580.78,3.32,5.84,5.65,5.72,5.73,1.3,20.04,2.33
394,395,300471,厚普股份,10.62,1.92,0.2,151729.0,157910979.56,7.58,10.74,9.95,10.23,10.42,4.14,-107.2,3.57
395,396,000582,北部湾港,7.97,1.92,0.15,106395.0,84302529.03,2.81,8.04,7.82,7.84,7.82,0.75,14.41,1.05
396,397,002558,巨人网络,11.2,1.91,0.21,351077.0,383994483.52,4.73,11.21,10.69,10.93,10.99,1.78,15.4,1.84
397,398,002386,天原股份,4.28,1.9,0.08,89448.0,37994257.28,2.62,4.29,4.18,4.23,4.2,0.69,248.87,0.7
398,399,301533,威马农机,27.0,1.89,0.5,10234.0,27239394.84,3.25,27.04,26.18,26.53,26.5,3.68,35.39,2.43
399,400,600459,贵研铂业,14.06,1.88,0.26,55634.0,77303278.0,2.61,14.07,13.71,13.81,13.8,0.74,16.84,1.56
400,401,600873,梅花生物,10.31,1.88,0.19,214139.0,218131233.0,3.16,10.34,10.02,10.21,10.12,0.75,9.98,2.08
401,402,600217,中再资环,5.43,1.88,0.1,240267.0,129349011.0,4.5,5.5,5.26,5.4,5.33,1.73,27.75,2.47
402,403,000792,盐湖股份,17.47,1.87,0.32,317912.0,550391591.09,2.8,17.55,17.07,17.28,17.15,0.59,21.45,2.78
403,404,600191,华资实业,5.47,1.86,0.1,30872.0,16688876.0,2.79,5.48,5.33,5.42,5.37,0.64,183.38,1.64
404,405,600545,卓郎智能,1.65,1.85,0.03,182698.0,29912673.0,3.09,1.66,1.61,1.62,1.62,1.02,-20.2,0.93
405,406,300741,华宝股份,17.17,1.84,0.31,20549.0,34590262.25,4.33,17.2,16.47,16.96,16.86,0.33,47.48,1.51
406,407,002630,华西能源,2.77,1.84,0.05,299169.0,82137206.0,2.57,2.77,2.7,2.73,2.72,2.82,26.33,5.33
407,408,600725,云维股份,2.78,1.83,0.05,121134.0,33396799.0,2.56,2.79,2.72,2.74,2.73,0.98,-545.33,9.59
408,409,603976,正川股份,15.58,1.83,0.28,8183.0,12649735.0,2.16,15.63,15.3,15.41,15.3,0.54,26.54,1.98
409,410,600262,北方股份,18.46,1.82,0.33,32164.0,58997671.0,3.25,18.59,18.0,18.16,18.13,1.89,20.95,2.06
410,411,600101,明星电力,8.4,1.82,0.15,508111.0,421956994.0,6.79,8.56,8.0,8.26,8.25,9.27,27.13,1.61
411,412,002646,天佑德酒,10.08,1.82,0.18,49773.0,49199612.66,4.44,10.11,9.67,9.92,9.9,1.05,30.51,1.7
412,413,600847,万里股份,8.41,1.82,0.15,23992.0,20030498.0,2.54,8.44,8.23,8.26,8.26,1.57,-49.87,1.98
413,414,301397,溯联股份,24.84,1.8,0.44,7984.0,19497126.22,3.89,24.88,23.93,24.41,24.4,1.47,21.01,1.56
414,415,603439,贵州三力,13.57,1.8,0.24,72347.0,96682190.0,4.43,13.65,13.06,13.33,13.33,1.77,23.75,3.65
415,416,000589,贵州轮胎,5.12,1.79,0.09,265643.0,134288018.61,2.98,5.13,4.98,5.05,5.03,1.74,9.33,0.93
416,417,603230,内蒙新华,11.48,1.77,0.2,22504.0,25485995.0,3.28,11.48,11.11,11.32,11.28,2.52,16.67,1.6
417,418,600516,方大炭素,5.19,1.76,0.09,405541.0,207231475.0,3.14,5.2,5.04,5.11,5.1,1.01,60.71,1.21
418,419,601368,绿城水务,4.65,1.75,0.08,59829.0,27689359.0,2.19,4.67,4.57,4.61,4.57,0.68,30.27,0.87
419,420,688333,铂力特,49.94,1.73,0.85,50264.0,247200705.0,6.17,50.6,47.57,50.0,49.09,1.85,76.95,2.79
420,421,000710,贝瑞基因,8.24,1.73,0.14,67422.0,54670674.0,3.83,8.26,7.95,8.1,8.1,2.12,157.24,1.55
421,422,600992,贵绳股份,17.11,1.72,0.29,128859.0,218143334.0,5.29,17.29,16.4,16.6,16.82,5.26,230.1,2.8
422,423,300919,中伟股份,38.43,1.72,0.65,96705.0,366255527.87,5.82,39.2,37.0,38.8,37.78,1.06,20.84,1.8
423,424,605033,美邦股份,11.87,1.71,0.2,8836.0,10384172.0,2.74,11.88,11.56,11.75,11.67,0.65,16.92,1.41
424,425,600438,通威股份,20.98,1.7,0.35,273781.0,569028584.0,2.67,21.05,20.5,20.67,20.63,0.61,-15.09,1.84
425,426,000633,合金投资,4.83,1.68,0.08,101518.0,48373281.0,3.79,4.85,4.67,4.75,4.75,2.64,292.93,10.24
426,427,300861,美畅股份,21.18,1.68,0.35,52637.0,109098086.82,4.61,21.26,20.3,21.17,20.83,1.75,18.43,1.54
427,428,603758,秦安股份,7.28,1.68,0.12,31490.0,22633323.0,3.07,7.29,7.07,7.15,7.16,0.72,25.82,1.32
428,429,688285,高铁电气,7.3,1.67,0.12,15830.0,11457392.0,2.92,7.34,7.13,7.24,7.18,1.68,64.69,1.69
429,430,603601,再升科技,3.07,1.66,0.05,124515.0,38079803.0,2.98,3.1,3.01,3.06,3.02,1.22,20.59,1.46
430,431,600368,五洲交通,3.72,1.64,0.06,155812.0,57574473.0,2.73,3.74,3.64,3.68,3.66,0.97,8.48,0.92
431,432,300859,西域旅游,32.88,1.61,0.52,64680.0,205683131.1,7.17,33.0,30.68,31.96,32.36,4.17,86.76,7.28
432,433,605169,洪通燃气,10.14,1.6,0.16,44083.0,44342830.0,2.91,10.17,9.88,10.03,9.98,3.33,22.82,1.58
433,434,600137,浪莎股份,13.35,1.6,0.21,7733.0,10220407.0,2.89,13.39,13.01,13.16,13.14,0.8,75.56,2.47
434,435,600729,重庆百货,23.31,1.57,0.36,33505.0,77159854.0,3.18,23.35,22.62,22.84,22.95,1.78,7.22,1.49
435,436,300904,威力传动,44.73,1.57,0.69,13628.0,59694895.44,5.02,44.85,42.64,44.2,44.04,6.2,90.7,4.06
436,437,300194,福安药业,4.55,1.56,0.07,238579.0,107121492.55,3.57,4.57,4.41,4.48,4.48,2.47,12.5,1.25
437,438,600422,昆药集团,14.35,1.56,0.22,96114.0,135332971.0,4.39,14.39,13.77,14.06,14.13,1.27,23.67,2.02
438,439,601208,东材科技,7.84,1.55,0.12,157054.0,121158140.0,4.15,7.86,7.54,7.76,7.72,1.75,22.0,1.63
439,440,603166,福达股份,5.23,1.55,0.08,50184.0,26001405.0,2.72,5.24,5.1,5.15,5.15,0.78,22.98,1.48
440,441,300239,东宝生物,5.25,1.55,0.08,59879.0,31062817.0,2.9,5.25,5.1,5.2,5.17,1.02,30.35,1.86
441,442,001317,三羊马,24.95,1.55,0.38,11111.0,27426389.0,3.5,25.06,24.2,24.99,24.57,3.78,97.29,2.47
442,443,600543,莫高股份,5.91,1.55,0.09,105188.0,61122143.0,6.36,6.03,5.66,5.8,5.82,3.28,-102.83,2.23
443,444,601827,三峰环境,9.23,1.54,0.14,87765.0,81338324.0,3.19,9.39,9.1,9.25,9.09,0.52,11.62,1.44
444,445,002772,众兴菌业,6.61,1.54,0.1,44037.0,28920573.0,2.15,6.63,6.49,6.56,6.51,1.13,44.09,0.78
445,446,002497,雅化集团,9.94,1.53,0.15,166562.0,163018657.04,3.68,9.96,9.6,9.79,9.79,1.58,56.06,1.1
446,447,600354,敦煌种业,5.31,1.53,0.08,70209.0,37075111.0,2.49,5.34,5.21,5.23,5.23,1.33,44.63,4.45
447,448,600108,亚盛集团,2.68,1.52,0.04,149999.0,39886132.0,2.65,2.69,2.62,2.65,2.64,0.77,89.06,1.24
448,449,600785,新华百货,10.19,1.49,0.15,53517.0,53803382.0,2.89,10.2,9.91,9.92,10.04,2.37,13.03,1.04
449,450,000972,中基健康,2.72,1.49,0.04,108048.0,29363670.0,2.24,2.74,2.68,2.68,2.68,1.4,88.88,9.74
450,451,603368,柳药集团,17.69,1.49,0.26,69705.0,121466821.0,3.61,17.74,17.11,17.49,17.43,1.94,7.6,0.96
451,452,002799,环球印务,7.57,1.47,0.11,44993.0,33792063.16,2.68,7.6,7.4,7.44,7.46,1.41,32.09,1.75
452,453,000629,钒钛股份,2.76,1.47,0.04,695138.0,189700846.01,3.31,2.77,2.68,2.74,2.72,0.76,93.42,2.08
453,454,601216,君正集团,4.17,1.46,0.06,452932.0,186444952.0,2.92,4.18,4.06,4.13,4.11,0.54,11.62,1.36
454,455,300363,博腾股份,15.37,1.45,0.22,109832.0,165625542.6,4.69,15.46,14.75,15.15,15.15,2.19,-24.65,1.57
455,456,600307,酒钢宏兴,1.4,1.45,0.02,226968.0,31620629.0,2.17,1.41,1.38,1.39,1.38,0.36,-4.53,0.95
456,457,600211,西藏药业,39.76,1.43,0.56,42286.0,164846264.0,3.98,39.8,38.24,39.21,39.2,1.31,10.28,3.38
457,458,603676,卫信康,8.53,1.43,0.12,22924.0,19244274.0,3.57,8.54,8.24,8.4,8.41,0.53,11.35,2.65
458,459,301331,恩威医药,25.71,1.42,0.36,8135.0,20586936.72,3.59,25.79,24.88,25.35,25.35,2.46,73.75,2.61
459,460,001296,长江材料,15.72,1.42,0.22,18956.0,29713854.76,2.26,15.83,15.48,15.56,15.5,3.59,16.83,1.37
460,461,603101,汇嘉时代,5.02,1.41,0.07,24962.0,12380877.0,3.23,5.02,4.86,4.98,4.95,0.53,28.64,1.58
461,462,002910,庄园牧场,7.19,1.41,0.1,27652.0,19623349.63,3.95,7.23,6.95,7.07,7.09,1.62,-8.0,1.21
462,463,600594,益佰制药,3.6,1.41,0.05,94521.0,33598528.0,3.66,3.61,3.48,3.55,3.55,1.19,-13.39,1.05
463,464,002466,天齐锂业,33.88,1.41,0.47,351974.0,1171340718.59,4.07,33.94,32.58,33.33,33.41,2.38,-5.34,1.25
464,465,300022,吉峰科技,4.36,1.4,0.06,98545.0,42387166.9,3.95,4.38,4.21,4.23,4.3,3.08,-206.25,3.96
465,466,002366,融发核电,3.64,1.39,0.05,166305.0,59974849.0,3.34,3.67,3.55,3.59,3.59,1.32,2095.3,1.63
466,467,000552,甘肃能化,2.92,1.39,0.04,673627.0,194874876.97,3.13,2.93,2.84,2.88,2.88,1.81,8.71,0.95
467,468,600236,桂冠电力,6.58,1.39,0.09,180819.0,118656208.0,2.47,6.65,6.49,6.5,6.49,0.23,18.04,3.01
468,469,002812,恩捷股份,33.72,1.38,0.46,128308.0,424050666.52,4.18,33.79,32.4,33.39,33.26,1.56,56.61,1.3
469,470,002956,西麦食品,12.54,1.37,0.17,19658.0,24439345.8,3.8,12.63,12.16,12.6,12.37,0.88,21.04,1.84
470,471,600917,重庆燃气,5.91,1.37,0.08,38687.0,22690965.0,1.54,5.91,5.82,5.84,5.83,0.25,31.33,1.72
471,472,000625,长安汽车,13.37,1.36,0.18,1242283.0,1639603329.99,2.96,13.4,13.01,13.19,13.19,1.51,23.41,1.85
472,473,000978,桂林旅游,6.03,1.34,0.08,56562.0,33738488.6,2.86,6.07,5.9,5.95,5.95,1.57,-86.55,2.19
473,474,000516,国际医学,5.29,1.34,0.07,341686.0,176973752.84,4.21,5.3,5.08,5.22,5.22,1.54,-34.44,3.24
474,475,300006,莱美药业,3.79,1.34,0.05,278005.0,103561889.05,5.88,3.85,3.63,3.78,3.74,2.63,1506.55,1.92
475,476,688576,西山科技,65.65,1.31,0.85,2498.0,16093373.0,3.24,65.65,63.55,65.17,64.8,0.99,29.54,1.68
476,477,300122,智飞生物,31.96,1.3,0.41,358766.0,1127888681.26,4.82,32.17,30.65,31.58,31.55,2.54,17.12,2.43
477,478,301589,诺瓦星云,203.88,1.3,2.61,7205.0,144968685.75,3.82,204.69,197.0,202.05,201.27,3.9,29.05,5.43
478,479,600197,伊力特,16.65,1.28,0.21,62016.0,101668450.0,3.71,16.67,16.06,16.45,16.44,1.31,19.86,1.98
479,480,600096,云天化,22.64,1.25,0.28,278023.0,621609487.0,3.18,22.71,22.0,22.3,22.36,1.52,7.31,2.09
480,481,603697,有友食品,6.48,1.25,0.08,24964.0,16072257.0,3.75,6.54,6.3,6.42,6.4,0.58,18.2,1.54
481,482,300534,陇神戎发,8.94,1.25,0.11,91023.0,80076190.0,3.51,8.94,8.63,8.81,8.83,3.01,63.21,4.22
482,483,600116,三峡水利,7.44,1.22,0.09,112689.0,83149493.0,2.04,7.46,7.31,7.35,7.35,0.59,31.06,1.28
483,484,002100,天康生物,6.62,1.22,0.08,332434.0,217489564.06,2.75,6.64,6.46,6.57,6.54,2.43,16.33,1.37
484,485,002945,华林证券,12.51,1.21,0.15,187300.0,228334438.2,5.42,12.57,11.9,12.49,12.36,0.69,136.97,5.31
485,486,600749,西藏旅游,10.85,1.21,0.13,32608.0,35091672.0,2.71,10.88,10.59,10.72,10.72,1.44,-477.77,2.4
486,487,600010,包钢股份,1.67,1.21,0.02,2099775.0,349620021.0,1.82,1.68,1.65,1.66,1.65,0.67,350.72,1.46
487,488,688303,大全能源,25.96,1.21,0.31,58961.0,151185042.0,4.02,26.14,25.11,26.0,25.65,1.07,-41.54,1.31
488,489,300957,贝泰妮,55.34,1.21,0.66,41096.0,221645765.01,6.4,56.08,52.58,54.68,54.68,0.97,24.23,3.93
489,490,600995,南网储能,10.09,1.2,0.12,96299.0,96160813.0,2.91,10.13,9.84,9.99,9.97,0.87,25.75,1.52
490,491,003023,彩虹集团,17.67,1.2,0.21,17025.0,29646766.12,3.55,17.74,17.12,17.38,17.46,3.25,11.82,1.23
491,492,600117,西宁特钢,2.53,1.2,0.03,61692.0,15410849.0,3.2,2.54,2.46,2.5,2.5,0.19,-14.02,1.62
492,493,600423,柳化股份,2.55,1.19,0.03,48064.0,12191334.0,3.97,2.59,2.49,2.57,2.52,0.6,65.06,3.79
493,494,600538,国发股份,3.43,1.18,0.04,53361.0,18251322.0,2.36,3.46,3.38,3.44,3.39,1.02,-55.81,2.11
494,495,000558,莱茵体育,2.58,1.18,0.03,163134.0,41696718.0,3.53,2.6,2.51,2.58,2.55,1.27,219.94,3.05
495,496,601958,金钼股份,11.41,1.15,0.13,232968.0,263951893.0,2.75,11.47,11.16,11.28,11.28,0.72,12.22,2.36
496,497,002773,康弘药业,20.3,1.15,0.23,55653.0,110752690.84,4.58,20.4,19.48,20.15,20.07,0.81,13.49,2.29
497,498,600025,华能水电,10.62,1.14,0.12,387989.0,412876810.0,2.19,10.73,10.5,10.58,10.5,0.22,19.84,2.58
498,499,600249,两面针,4.47,1.13,0.05,49297.0,22021473.0,2.71,4.52,4.4,4.48,4.42,0.9,-354.51,1.16
499,500,000731,四川美丰,7.36,1.1,0.08,62554.0,45820920.88,2.2,7.4,7.24,7.31,7.28,1.12,12.36,1.0
500,501,002644,佛慈制药,7.39,1.09,0.08,39506.0,28846668.0,2.87,7.41,7.2,7.32,7.31,0.77,52.27,2.14
501,502,002039,黔源电力,15.78,1.09,0.17,61064.0,96104963.2,2.75,15.94,15.51,15.67,15.61,1.43,25.32,1.76
502,503,000948,南天信息,19.8,1.07,0.21,310763.0,592212682.0,8.01,19.88,18.31,19.6,19.59,8.05,153.69,2.98
503,504,601127,赛力斯,93.16,1.04,0.96,446021.0,4077898846.0,4.75,93.48,89.1,92.09,92.2,2.95,43.29,10.62
504,505,600379,宝光股份,9.72,1.04,0.1,37936.0,36554579.0,2.29,9.74,9.52,9.63,9.62,1.15,34.94,4.4
505,506,002864,盘龙药业,26.29,1.04,0.27,16030.0,41584716.38,3.0,26.31,25.53,26.02,26.02,2.14,23.42,1.77
506,507,600828,茂业商业,2.96,1.02,0.03,110277.0,32040807.0,4.1,2.97,2.85,2.92,2.93,0.64,16.85,0.72
507,508,600738,丽尚国潮,4.03,1.0,0.04,50503.0,20054200.0,3.76,4.06,3.91,4.0,3.99,0.66,21.06,1.59
508,509,002059,云南旅游,5.07,1.0,0.05,106372.0,53285362.7,2.99,5.08,4.93,5.03,5.02,1.13,-55.83,3.63
509,510,601003,柳钢股份,3.06,0.99,0.03,121321.0,37018544.0,2.64,3.09,3.01,3.08,3.03,0.47,72.43,0.88
510,511,605296,神农集团,28.9,0.98,0.28,51542.0,147909485.0,5.9,29.76,28.07,28.48,28.62,7.47,61.19,3.5
511,512,000888,峨眉山Ａ,12.53,0.97,0.12,107435.0,133143199.88,2.66,12.55,12.22,12.38,12.41,2.04,24.91,2.62
512,513,000950,重药控股,5.27,0.96,0.05,170547.0,89002781.19,2.87,5.28,5.13,5.25,5.22,0.99,19.13,0.8
513,514,601619,XD嘉泽新,3.17,0.96,0.03,179679.0,56402502.0,2.55,3.18,3.1,3.15,3.14,0.74,9.37,1.16
514,515,300142,沃森生物,15.04,0.94,0.14,364040.0,535202633.36,5.7,15.14,14.29,14.93,14.9,2.33,70.52,2.53
515,516,002329,皇氏集团,3.23,0.94,0.03,156286.0,49704970.0,4.06,3.24,3.11,3.16,3.2,2.37,1094.31,1.59
516,517,603669,灵康药业,4.31,0.94,0.04,53119.0,22957775.0,3.51,4.37,4.22,4.28,4.27,0.74,-38.47,3.91
517,518,600778,友好集团,5.45,0.93,0.05,33391.0,18098194.0,2.96,5.49,5.33,5.38,5.4,1.07,106.95,7.71
518,519,603027,千禾味业,13.13,0.92,0.12,162996.0,208882980.0,5.3,13.18,12.49,12.99,13.01,1.7,26.93,3.97
519,520,000610,西安旅游,12.11,0.92,0.11,51464.0,61892719.11,2.25,12.15,11.88,12.01,12.0,2.19,-22.52,6.62
520,521,002004,华邦健康,4.53,0.89,0.04,165410.0,74354583.0,2.9,4.55,4.42,4.49,4.49,0.88,14.3,0.9
521,522,002873,新天药业,9.09,0.89,0.08,39668.0,35534839.2,3.44,9.09,8.78,9.0,9.01,1.77,34.37,2.09
522,523,600369,西南证券,4.61,0.88,0.04,955199.0,430420223.0,5.69,4.64,4.38,4.61,4.57,1.51,45.01,1.2
523,524,002907,华森制药,13.18,0.84,0.11,25309.0,32819245.6,3.52,13.18,12.72,13.03,13.07,0.82,58.29,3.35
524,525,000591,太阳能,4.86,0.83,0.04,312773.0,151010250.1,1.87,4.87,4.78,4.83,4.82,0.87,11.68,0.82
525,526,001286,陕西能源,10.3,0.78,0.08,171127.0,174939823.03,2.74,10.36,10.08,10.2,10.22,1.63,12.53,1.64
526,527,688334,西高院,16.79,0.78,0.13,19223.0,32083319.0,2.82,16.93,16.46,16.9,16.66,2.53,26.73,1.75
527,528,000703,恒逸石化,6.55,0.77,0.05,105205.0,68332285.16,2.15,6.56,6.42,6.49,6.5,0.29,27.9,1.0
528,529,600111,北方稀土,20.05,0.75,0.15,315750.0,627707437.0,3.02,20.16,19.56,19.9,19.9,0.87,798.33,3.37
529,530,600712,南宁百货,4.07,0.74,0.03,121602.0,48533641.0,3.96,4.08,3.92,4.01,4.04,2.26,458.24,2.67
530,531,601568,北元集团,4.1,0.74,0.03,186388.0,75563115.0,2.46,4.1,4.0,4.07,4.07,0.47,60.01,1.41
531,532,000538,云南白药,57.83,0.73,0.42,103431.0,595432168.6,2.02,58.11,56.95,57.55,57.41,0.58,16.18,2.62
532,533,000568,泸州老窖,142.4,0.72,1.02,183032.0,2557554207.66,4.28,142.75,136.7,141.38,141.38,1.25,13.06,5.02
533,534,002207,准油股份,5.77,0.7,0.04,144680.0,82573977.08,5.76,5.89,5.56,5.61,5.73,5.55,-54.26,21.88
534,535,601399,国机重装,3.04,0.66,0.02,370836.0,111723878.0,2.65,3.05,2.97,3.03,3.02,0.51,51.47,1.55
535,536,688410,山外山,10.87,0.65,0.07,27694.0,29395341.0,5.46,10.94,10.35,10.75,10.8,1.2,38.17,2.07
536,537,300463,迈克生物,14.21,0.64,0.09,77236.0,107643136.0,4.39,14.29,13.67,14.18,14.12,1.57,21.57,1.35
537,538,000876,新 希 望,9.69,0.62,0.06,239064.0,230219440.77,2.28,9.74,9.52,9.66,9.63,0.53,-18.09,2.2
538,539,600201,生物股份,6.6,0.61,0.04,151288.0,98793364.0,3.2,6.62,6.41,6.5,6.56,1.35,30.08,1.37
539,540,600519,贵州茅台,1614.12,0.57,9.13,32674.0,5236213203.0,2.46,1620.63,1581.17,1613.0,1604.99,0.26,24.31,9.28
540,541,000564,供销大集,1.84,0.55,0.01,1726493.0,314140876.34,3.83,1.85,1.78,1.82,1.83,1.13,-398.21,2.21
541,542,600089,特变电工,13.6,0.52,0.07,315450.0,427707216.0,2.0,13.69,13.42,13.45,13.53,0.62,11.32,1.1
542,543,300967,晓鸣股份,11.79,0.51,0.06,86968.0,101613557.35,8.78,12.29,11.26,11.54,11.73,6.97,-38.3,3.58
543,544,603077,和邦生物,2.01,0.5,0.01,548981.0,109751667.0,3.0,2.03,1.97,2.02,2.0,0.62,46.16,0.94
544,545,002258,利尔化学,8.09,0.5,0.04,78944.0,63232372.14,3.35,8.14,7.87,8.01,8.05,0.99,34.85,0.85
545,546,002926,华西证券,8.1,0.5,0.04,347072.0,275787998.37,4.96,8.16,7.76,8.07,8.06,1.32,268.81,0.93
546,547,000858,五 粮 液,150.39,0.49,0.74,258573.0,3843832804.14,3.33,151.0,146.01,151.0,149.65,0.67,15.32,4.47
547,548,000716,黑芝麻,4.17,0.48,0.02,101850.0,42216603.55,2.41,4.19,4.09,4.15,4.15,1.45,143.11,1.26
548,549,002033,丽江股份,8.63,0.47,0.04,94218.0,80337584.64,3.03,8.65,8.39,8.6,8.59,1.71,21.11,1.96
549,550,605266,健之佳,21.8,0.46,0.1,23161.0,49878407.0,3.64,21.87,21.08,21.71,21.7,1.65,27.16,1.23
550,551,002168,ST惠程,2.24,0.45,0.01,112739.0,25010477.08,3.14,2.25,2.18,2.2,2.23,1.44,-12.66,-32.56
551,552,600109,国金证券,9.06,0.44,0.04,689006.0,611105150.0,4.99,9.1,8.65,9.07,9.02,2.15,36.97,1.04
552,553,601965,中国汽研,18.72,0.43,0.08,61424.0,112593284.0,4.08,18.76,18.0,18.7,18.64,0.62,23.41,2.83
553,554,000721,西安饮食,7.59,0.4,0.03,125945.0,94404078.08,3.7,7.65,7.37,7.49,7.56,2.88,-36.52,12.03
554,555,002673,西部证券,8.25,0.36,0.03,894227.0,725725456.66,4.62,8.3,7.92,8.23,8.22,2.18,28.21,1.31
555,556,000813,德展健康,2.79,0.36,0.01,212029.0,58901042.0,3.24,2.82,2.73,2.77,2.78,0.98,297.47,1.15
556,557,600419,天润乳业,8.4,0.36,0.03,38275.0,31784727.0,2.39,8.41,8.21,8.27,8.37,1.2,-48.19,1.16
557,558,688719,爱科赛博,25.55,0.31,0.08,4273.0,10752623.0,4.91,25.85,24.6,25.54,25.47,0.58,45.27,1.63
558,559,600132,重庆啤酒,62.71,0.29,0.18,40782.0,252985133.0,3.44,63.0,60.85,62.55,62.53,0.84,16.84,17.82
559,560,600339,中油工程,3.59,0.28,0.01,540751.0,192254626.0,3.07,3.61,3.5,3.58,3.58,0.97,19.0,0.76
560,561,688302,海创药业-U,33.6,0.24,0.08,12523.0,40987770.0,5.67,33.9,32.0,33.58,33.52,1.72,-16.57,2.6
561,562,600989,宝丰能源,16.85,0.24,0.04,228196.0,384050298.0,2.08,17.0,16.65,16.81,16.81,0.31,18.7,3.09
562,563,000691,亚太实业,4.85,0.21,0.01,79875.0,38607386.98,3.31,4.9,4.74,4.83,4.84,2.47,-55.23,59.64
563,564,600887,伊利股份,27.4,0.18,0.05,660267.0,1784321335.0,3.07,27.45,26.61,27.32,27.35,1.05,11.58,3.29
564,565,300502,新易盛,144.24,0.18,0.26,303538.0,4257563504.75,6.88,145.49,135.59,142.0,143.98,4.85,59.09,16.38
565,566,300084,海默科技,6.16,0.16,0.01,85728.0,51615898.09,4.39,6.17,5.9,6.05,6.15,2.51,-32.38,2.29
566,567,688553,汇宇制药-W,12.35,0.16,0.02,18877.0,23148163.0,4.14,12.54,12.03,12.4,12.33,0.65,40.11,1.41
567,568,688707,振华新材,10.9,0.09,0.01,80206.0,85506403.0,5.14,10.96,10.4,10.88,10.89,1.58,-13.66,1.17
568,569,688696,极米科技,68.89,0.03,0.02,14277.0,96295657.0,5.31,69.66,66.0,69.35,68.87,2.04,588.04,1.65
569,570,600292,远达环保,,,,,,,,,,5.42,0.0,40.62,0.82
570,571,600227,赤天化,1.92,0.0,0.0,265445.0,50390913.0,4.69,1.95,1.86,1.91,1.92,2.08,-44.24,1.24
571,572,000981,山子高科,1.15,0.0,0.0,1650241.0,187802577.96,3.48,1.16,1.12,1.15,1.15,2.53,-9.13,4.98
572,573,301286,侨源股份,32.84,-0.03,-0.01,4691.0,15231083.0,2.98,33.0,32.02,33.0,32.85,1.18,88.28,7.71
573,574,000166,申万宏源,5.34,-0.19,-0.01,2018326.0,1058524084.94,4.67,5.36,5.11,5.34,5.35,0.9,31.42,1.31
574,575,002697,红旗连锁,4.93,-0.2,-0.01,160309.0,78182900.0,2.83,4.94,4.8,4.94,4.94,1.49,12.58,1.59
575,576,300164,通源石油,4.52,-0.22,-0.01,533639.0,235997204.38,5.3,4.56,4.32,4.4,4.53,9.11,38.48,1.96
576,577,601099,太平洋,4.24,-0.24,-0.01,4184750.0,1722677391.0,6.59,4.26,3.98,4.26,4.25,6.14,211.47,3.03
577,578,601015,陕西黑猫,3.33,-0.3,-0.01,260346.0,85387200.0,3.89,3.34,3.21,3.31,3.34,1.27,-7.63,0.95
578,579,002719,麦趣尔,6.6,-0.3,-0.02,81062.0,52512665.05,4.08,6.62,6.35,6.45,6.62,5.01,-8.92,2.94
579,580,600702,舍得酒业,65.27,-0.37,-0.24,159512.0,1013122311.0,6.9,66.02,61.5,63.85,65.51,4.8,18.4,3.1
580,581,600674,川投能源,18.08,-0.39,-0.07,323953.0,583708810.0,3.42,18.34,17.72,18.16,18.15,0.66,14.95,2.1
581,582,002946,新乳业,11.61,-0.6,-0.07,99803.0,114008692.0,5.31,11.74,11.12,11.36,11.68,1.17,16.85,3.86
582,583,605168,三人行,29.7,-0.8,-0.24,56535.0,163803346.0,6.91,30.37,28.3,30.28,29.94,2.66,24.26,2.26
583,584,301307,美利信,22.68,-0.87,-0.2,62886.0,137673885.64,6.12,22.76,21.36,22.0,22.88,5.88,-129.29,1.48
584,585,600996,贵广网络,8.46,-0.94,-0.08,155514.0,129954297.0,3.86,8.56,8.23,8.3,8.54,1.28,-12.22,2.9
585,586,300106,西部牧业,10.2,-0.97,-0.1,462056.0,451533688.15,10.68,10.4,9.3,9.78,10.3,21.86,-31.26,4.25
586,587,300103,达刚控股,6.94,-1.0,-0.07,170698.0,114267735.95,6.85,6.98,6.5,6.96,7.01,7.7,-76.28,3.59
587,588,002507,涪陵榨菜,14.29,-1.04,-0.15,186439.0,264862919.25,3.95,14.55,13.98,14.5,14.44,1.62,18.4,1.98
588,589,600792,云煤能源,3.67,-1.08,-0.04,272672.0,99211867.0,6.47,3.77,3.53,3.57,3.71,2.75,-8.75,1.18
589,590,600243,青海华鼎,4.56,-1.08,-0.05,220038.0,99378120.0,6.72,4.71,4.4,4.6,4.61,5.01,-72.32,2.8
590,591,300432,富临精工,10.28,-1.15,-0.12,485330.0,481356581.66,6.92,10.29,9.57,10.1,10.4,4.03,47.63,3.01
591,592,000833,粤桂股份,5.87,-1.51,-0.09,283734.0,163615070.03,4.7,5.92,5.64,5.91,5.96,6.25,17.37,1.38
592,593,000750,国海证券,4.28,-1.61,-0.07,4708617.0,1962764967.1,7.59,4.35,4.02,4.33,4.35,8.12,95.82,1.25
593,594,002828,贝肯能源,8.77,-1.79,-0.16,122508.0,106605940.34,5.15,8.96,8.5,8.75,8.93,6.37,85.03,3.02
594,595,002287,奇正藏药,22.66,-1.86,-0.43,37245.0,83444588.16,4.55,23.07,22.02,23.07,23.09,0.7,18.44,3.27
595,596,601236,红塔证券,8.89,-2.95,-0.27,1605432.0,1386501365.0,11.03,9.25,8.24,9.16,9.16,3.4,46.67,1.77
596,597,600131,国网信通,18.08,-3.0,-0.56,327600.0,581573028.0,5.95,18.5,17.39,18.38,18.64,2.74,54.66,3.41
597,598,601777,力帆科技,4.59,-4.57,-0.22,835731.0,375927880.0,6.65,4.7,4.38,4.6,4.81,1.85,396.12,1.98
598,599,601086,国芳集团,4.95,-4.62,-0.24,497433.0,235828564.0,9.44,5.16,4.67,4.8,5.19,7.47,48.96,2.15
