,序号,代码,名称,最新价,涨跌幅,涨跌额,成交量,成交额,振幅,最高,最低,今开,昨收,换手率,市盈率-动态,市净率
0,1,300621,维业股份,10.1,19.95,1.68,142221,136946231.64,17.34,10.1,8.64,8.7,8.42,7.25,106.12,2.36
1,2,300377,赢时胜,12.99,11.69,1.36,1046457,1255435932.18,16.34,13.0,11.1,11.55,11.63,16.28,-90.08,3.34
2,3,000987,越秀资本,7.35,10.03,0.67,1347966,951556213.98,7.34,7.35,6.86,7.25,6.68,2.69,18.15,1.28
3,4,002285,世联行,2.54,9.96,0.23,1230289,305205775.9,5.19,2.54,2.42,2.46,2.31,6.23,166.68,1.66
4,5,301091,深城交,38.88,9.83,3.48,180162,668602551.28,10.11,39.2,35.62,36.15,35.4,9.35,-816.94,7.11
5,6,002717,岭南股份,2.03,8.56,0.16,2153045,420383791.31,8.56,2.05,1.89,1.89,1.87,13.99,-6.88,1.85
6,7,001212,中旗新材,22.06,6.93,1.43,30383,64407212.8,7.37,22.08,20.56,20.8,20.63,2.99,56.37,1.72
7,8,831175,派诺科技,12.29,6.41,0.74,11887,13991051.31,9.18,12.36,11.3,11.55,11.55,2.95,126.5,1.33
8,9,601333,广深铁路,3.78,6.18,0.22,675342,246807786.0,6.18,3.78,3.56,3.59,3.56,1.19,14.68,0.99
9,10,001979,招商蛇口,11.28,6.11,0.65,1716100,1904446154.38,4.89,11.32,10.8,10.95,10.63,2.06,36.06,1.06
10,11,000099,中信海直,17.81,6.01,1.01,450393,783005105.02,6.43,17.88,16.8,16.8,16.8,5.81,52.17,2.67
11,12,300989,蕾奥规划,13.34,5.62,0.71,72114,94088611.35,5.23,13.37,12.71,12.82,12.63,7.53,567.98,2.7
12,13,600325,华发股份,7.05,5.22,0.35,725602,500746650.0,5.22,7.05,6.7,6.93,6.7,2.82,7.67,0.84
13,14,002197,ST证通,3.75,5.04,0.18,222816,82889876.75,3.92,3.75,3.61,3.63,3.57,4.17,-29.54,0.94
14,15,002431,棕榈股份,1.9,4.97,0.09,278229,52488268.13,5.52,1.94,1.84,1.88,1.81,1.56,-4.74,1.2
15,16,002314,南山控股,2.45,4.7,0.11,327178,78765518.72,4.27,2.46,2.36,2.4,2.34,2.44,-28.06,0.65
16,17,300778,新城市,12.2,4.54,0.53,84682,100762158.24,7.37,12.3,11.44,11.76,11.67,4.16,-11.02,1.86
17,18,002583,海能达,8.7,4.32,0.36,3490229,3045305928.27,18.82,9.17,7.6,9.17,8.34,27.22,48.71,2.63
18,19,600428,中远海特,6.75,4.17,0.27,333948,220451894.0,4.78,6.77,6.46,6.51,6.48,1.56,9.93,1.23
19,20,300635,中达安,10.8,4.15,0.43,75784,80439451.16,5.5,10.88,10.31,10.5,10.37,6.31,159.39,3.44
20,21,000011,深物业A,9.06,4.14,0.36,111023,98587105.77,5.4,9.17,8.7,8.9,8.7,2.11,293.06,1.2
21,22,300949,奥雅股份,32.55,4.13,1.29,9660,30827496.0,4.77,32.6,31.11,32.05,31.26,1.61,-13.79,2.18
22,23,000651,格力电器,50.3,3.52,1.71,431164,2139174828.85,3.54,50.38,48.66,48.66,48.59,0.78,10.02,2.41
23,24,002060,广东建工,3.86,3.49,0.13,222419,84713330.9,3.75,3.87,3.73,3.79,3.73,1.42,15.83,1.12
24,25,000090,天健集团,4.13,3.25,0.13,362780,148193307.09,3.5,4.15,4.01,4.09,4.0,1.94,15.63,0.69
25,26,002233,塔牌集团,7.81,3.17,0.24,97858,75369561.2,3.57,7.83,7.56,7.63,7.57,0.82,20.58,0.8
26,27,002161,远 望 谷,4.69,3.08,0.14,96425,44270900.19,4.4,4.7,4.5,4.58,4.55,1.35,39.05,2.25
27,28,001872,招商港口,23.08,2.85,0.64,85297,196794889.53,3.79,23.45,22.6,22.85,22.44,0.49,11.33,0.96
28,29,002949,华阳国际,13.33,2.7,0.35,46122,60226787.9,4.7,13.42,12.81,12.95,12.98,3.08,22.06,1.91
29,30,300381,溢多利,6.91,2.67,0.18,70497,47788845.98,4.75,6.94,6.62,6.76,6.73,1.44,40.52,1.29
30,31,003013,地铁设计,13.88,2.59,0.35,18493,25352950.0,3.1,13.92,13.5,13.68,13.53,0.46,13.69,2.31
31,32,600162,香江控股,1.6,2.56,0.04,306258,48881068.0,3.21,1.62,1.57,1.59,1.56,0.94,62.17,0.89
32,33,000029,深深房Ａ,14.19,2.53,0.35,91688,128355901.17,4.12,14.29,13.72,14.06,13.84,1.03,1276.54,3.89
33,34,000014,沙河股份,9.96,2.47,0.24,55233,54673003.1,3.19,10.07,9.76,10.0,9.72,2.28,22.28,1.45
34,35,000025,特  力Ａ,15.85,2.46,0.38,58181,91045677.42,3.04,15.9,15.43,15.55,15.47,1.48,44.56,4.1
35,36,002774,快意电梯,6.32,2.27,0.14,27453,17122745.0,3.24,6.34,6.14,6.18,6.18,0.97,17.79,1.78
36,37,000096,广聚能源,9.5,2.26,0.21,49586,46742829.0,3.12,9.57,9.28,9.32,9.29,0.97,112.01,1.85
37,38,002953,日丰股份,8.2,2.24,0.18,44160,35680098.12,3.49,8.21,7.93,8.01,8.02,1.63,21.2,2.07
38,39,002181,粤 传 媒,3.72,2.2,0.08,83706,30825546.0,3.57,3.74,3.61,3.66,3.64,0.74,-45.06,1.04
39,40,000523,红棉股份,2.89,2.12,0.06,127600,36522116.03,2.83,2.9,2.82,2.85,2.83,0.71,70.72,3.67
40,41,000429,粤高速Ａ,11.09,2.02,0.22,184527,203895971.86,3.96,11.24,10.81,10.87,10.87,1.42,13.55,2.41
41,42,300030,阳普医疗,6.61,2.01,0.13,135073,87841473.48,6.94,6.72,6.27,6.62,6.48,4.96,-193.71,2.85
42,43,000012,南  玻Ａ,5.43,1.88,0.1,188220,101044425.96,3.0,5.44,5.28,5.37,5.33,0.96,11.37,1.19
43,44,000529,广弘控股,5.62,1.81,0.1,57988,32304059.6,2.9,5.64,5.48,5.53,5.52,1.02,23.19,1.05
44,45,000828,东莞控股,10.36,1.67,0.17,86645,88659365.43,3.43,10.4,10.05,10.38,10.19,0.83,12.19,1.16
45,46,002016,世荣兆业,7.46,1.63,0.12,62486,46264632.4,3.54,7.53,7.27,7.48,7.34,0.77,109.85,1.26
46,47,002972,科安达,10.76,1.61,0.17,24716,26285079.9,3.21,10.79,10.45,10.6,10.59,1.86,23.56,2.24
47,48,600548,深高速,10.16,1.6,0.16,48415,48760976.0,2.7,10.2,9.93,10.07,10.0,0.34,14.32,1.25
48,49,600868,梅雁吉祥,2.07,1.47,0.03,161713,33256738.0,3.43,2.09,2.02,2.05,2.04,0.85,162.02,1.71
49,50,002187,广百股份,4.94,1.23,0.06,64792,31631488.52,2.87,4.95,4.81,4.88,4.88,1.25,86.83,0.86
50,51,000089,深圳机场,6.87,1.18,0.08,106932,73083631.2,1.62,6.89,6.78,6.85,6.79,0.52,40.42,1.27
51,52,000039,中集集团,8.6,1.06,0.09,240724,205819025.84,2.7,8.68,8.45,8.51,8.51,1.05,26.78,1.01
52,53,000507,珠海港,4.95,1.02,0.05,66418,32662481.84,1.43,4.95,4.88,4.92,4.9,0.74,11.84,0.88
53,54,000524,岭南控股,9.34,0.97,0.09,63072,58303831.0,3.14,9.4,9.11,9.22,9.25,0.94,78.61,2.94
54,55,600004,白云机场,9.65,0.84,0.08,140306,134366348.0,2.19,9.69,9.48,9.63,9.57,0.59,26.08,1.28
55,56,603535,嘉诚国际,10.83,0.74,0.08,123256,132575947.0,9.02,11.3,10.33,10.99,10.75,3.82,15.85,1.55
56,57,000088,盐 田 港,4.95,0.61,0.03,124920,61758053.61,2.24,4.99,4.88,4.92,4.92,0.56,16.9,1.62
57,58,601228,广州港,3.4,0.59,0.02,273390,92748384.0,1.78,3.42,3.36,3.38,3.38,0.36,21.2,1.26
58,59,002183,怡 亚 通,3.68,0.55,0.02,423715,153545874.66,4.37,3.71,3.55,3.66,3.66,1.63,115.97,1.05
59,60,002492,恒基达鑫,4.65,0.43,0.02,53879,24921805.0,1.73,4.66,4.58,4.63,4.63,1.35,24.17,1.13
60,61,600684,珠江股份,3.36,0.3,0.01,311102,103671506.0,6.57,3.45,3.23,3.4,3.35,3.65,-229.93,6.54
61,62,300844,山水比德,31.69,0.25,0.08,25424,79621182.66,6.96,32.3,30.1,31.75,31.61,11.29,84.02,2.73
62,63,603863,松炀资源,30.5,0.1,0.03,48902,148272238.0,5.45,31.37,29.71,30.5,30.47,2.39,-52.0,9.73
63,64,600894,广日股份,11.55,-0.94,-0.11,123772,142064962.0,3.43,11.7,11.3,11.66,11.66,1.44,21.54,1.11
64,65,600185,格力地产,6.27,-1.1,-0.07,608681,376211690.0,5.52,6.38,6.03,6.34,6.34,3.23,-7.61,2.47
65,66,301038,深水规院,21.17,-1.9,-0.41,86223,177306417.47,11.58,22.08,19.58,21.6,21.58,5.02,40.11,4.1
66,67,000006,深振业Ａ,5.42,-2.52,-0.14,521846,281185632.38,7.01,5.65,5.26,5.64,5.56,3.87,-10.57,1.1
67,68,000659,珠海中富,2.58,-3.73,-0.1,402842,104290029.14,8.58,2.73,2.5,2.68,2.68,3.13,-160.34,10.54
