,序号,代码,名称,最新价,涨跌幅,涨跌额,成交量,成交额,振幅,最高,最低,今开,昨收,换手率,市盈率-动态,市净率
0,1,300929,华骐环保,9.54,20.0,1.59,184685.0,166686752.99,17.23,9.54,8.17,8.29,7.95,15.0,-55.82,1.52
1,2,300355,蒙草生态,5.34,20.0,0.89,5517154.0,2898693112.06,8.09,5.34,4.98,5.34,4.45,40.39,169.42,1.97
2,3,300152,新动力,3.95,13.51,0.47,1115876.0,405046645.11,17.82,4.0,3.38,3.58,3.48,15.66,-192.95,8.91
3,4,300197,节能铁汉,2.01,12.29,0.22,2417941.0,488916464.69,13.41,2.15,1.91,1.94,1.79,8.15,-7.25,1.51
4,5,300056,中创环保,14.65,10.15,1.35,646463.0,899408175.81,13.76,14.9,13.07,13.72,13.3,16.78,932.15,18.52
5,6,003001,中岩大地,25.48,10.02,2.32,60004.0,148069029.31,10.32,25.48,23.09,23.65,23.16,8.2,79.91,2.79
6,7,600203,福日电子,7.92,10.0,0.72,674080.0,524072771.0,10.0,7.92,7.2,7.21,7.2,11.37,-25.11,2.41
7,8,000652,泰达股份,4.2,9.95,0.38,799844.0,326013749.27,6.81,4.2,3.94,4.07,3.82,5.42,31.3,1.09
8,9,002272,川润股份,5.98,9.93,0.54,965945.0,564538573.27,11.21,5.98,5.37,5.47,5.44,25.45,-25.62,1.82
9,10,603778,国晟科技,3.45,9.87,0.31,323706.0,110414461.0,8.28,3.45,3.19,3.19,3.14,5.04,-10.13,2.63
10,11,000826,启迪环境,2.02,9.78,0.18,594226.0,117153215.6,5.98,2.02,1.91,1.96,1.84,4.17,-6.57,0.72
11,12,300425,中建环能,5.61,9.36,0.48,793149.0,432668642.17,11.31,5.82,5.24,5.29,5.13,11.7,74.97,1.65
12,13,300862,蓝盾光电,27.42,9.29,2.33,114148.0,307726243.72,14.31,29.08,25.49,25.49,25.09,7.54,1282.5,2.53
13,14,600501,航天晨光,17.85,8.51,1.4,295296.0,515981568.0,7.36,17.88,16.67,16.81,16.45,6.95,-31.26,3.59
14,15,002479,富春环保,4.62,8.2,0.35,276874.0,126413686.6,3.98,4.66,4.49,4.5,4.27,3.21,20.25,1.01
15,16,002085,万丰奥威,14.43,8.09,1.08,1167753.0,1619527431.88,9.06,14.5,13.29,13.47,13.35,5.5,38.48,4.56
16,17,300063,天龙集团,5.46,7.91,0.4,521006.0,272029557.0,10.67,5.54,5.0,5.12,5.06,8.33,64.96,2.6
17,18,300342,天银机电,16.56,7.6,1.17,304891.0,487059825.59,7.28,16.62,15.5,15.6,15.39,7.3,105.53,4.65
18,19,000838,财信发展,2.69,7.6,0.19,346390.0,90692315.51,6.4,2.7,2.54,2.56,2.5,3.29,152.43,4.29
19,20,300374,中铁装配,19.42,7.59,1.37,418071.0,799141623.0,16.45,20.46,17.49,17.49,18.05,20.55,-48.86,5.57
20,21,600133,东湖高新,9.64,7.23,0.65,395546.0,366954243.0,9.12,9.78,8.96,9.09,8.99,3.71,62.37,1.22
21,22,300786,国林科技,13.11,7.2,0.88,101828.0,129111327.2,10.3,13.29,12.03,12.42,12.23,6.94,-48.86,2.04
22,23,300334,津膜科技,6.47,7.12,0.43,107832.0,68571859.0,7.78,6.59,6.12,6.12,6.04,3.57,695.86,3.44
23,24,603153,上海建科,18.79,6.94,1.22,130855.0,244430383.0,4.04,19.0,18.29,18.5,17.57,9.69,49.96,2.26
24,25,300284,苏交科,9.43,6.92,0.61,702702.0,638835367.81,8.05,9.51,8.8,9.1,8.82,5.88,37.73,1.43
25,26,600869,远东股份,4.4,6.8,0.28,337242.0,142479245.0,8.01,4.42,4.09,4.13,4.12,1.52,-37.63,2.2
26,27,300417,南华仪器,10.56,6.67,0.66,103868.0,107269929.65,8.38,10.86,10.03,10.8,9.9,11.95,27.16,3.02
27,28,835579,机科股份,15.65,6.61,0.97,26934.0,40667930.4,8.45,15.74,14.5,14.96,14.68,6.04,146.62,3.93
28,29,301068,大地海洋,24.3,6.53,1.49,5451.0,12799933.12,7.72,24.32,22.56,22.99,22.81,0.5,38.79,3.24
29,30,688679,通源环境,7.98,6.4,0.48,19090.0,14908054.0,8.27,8.18,7.56,7.8,7.5,1.45,180.8,0.93
30,31,002246,北化股份,10.58,6.22,0.62,335474.0,351600196.82,6.43,10.81,10.17,10.26,9.96,6.11,83.79,2.01
31,32,000753,漳州发展,3.26,6.19,0.19,234323.0,75273400.71,5.21,3.28,3.12,3.12,3.07,2.36,43.82,1.19
32,33,300958,建工修复,12.71,6.18,0.74,57901.0,72626679.8,5.76,12.89,12.2,12.58,11.97,6.36,257.14,1.45
33,34,300388,节能国祯,7.07,6.16,0.41,148014.0,102846771.54,5.86,7.14,6.75,7.0,6.66,2.18,12.48,1.12
34,35,301372,科净源,22.7,6.07,1.3,18894.0,41927144.13,7.01,22.98,21.48,21.94,21.4,4.62,-22.72,1.79
35,36,300070,碧水源,5.26,6.05,0.3,1706687.0,898493200.72,10.69,5.53,5.0,5.53,4.96,4.97,-131.21,0.7
36,37,301079,邵阳液压,15.9,5.93,0.89,76319.0,119248063.74,5.73,15.96,15.1,15.1,15.01,13.54,83.49,3.54
37,38,688156,路德环境,12.83,5.86,0.71,20868.0,26472240.0,8.0,13.27,12.3,12.81,12.12,2.26,429.46,1.44
38,39,601369,陕鼓动力,8.68,5.85,0.48,186561.0,157268073.0,6.1,8.72,8.22,8.3,8.2,1.1,16.34,1.75
39,40,300887,谱尼测试,8.16,5.84,0.45,154305.0,122466874.14,5.45,8.19,7.77,7.8,7.71,4.26,-12.99,1.35
40,41,301026,浩通科技,30.71,5.79,1.68,16164.0,48428638.44,5.58,30.74,29.12,29.12,29.03,2.21,22.65,2.38
41,42,600388,龙净环保,12.5,5.75,0.68,115974.0,142432319.0,5.33,12.53,11.9,11.9,11.82,1.07,15.66,1.76
42,43,300422,博世科,4.79,5.74,0.26,125918.0,59648722.51,5.08,4.85,4.62,4.68,4.53,3.02,48.63,1.21
43,44,300203,聚光科技,16.59,5.74,0.9,247849.0,401952577.0,10.9,17.11,15.4,16.95,15.69,5.53,81.71,2.52
44,45,605303,园林股份,7.19,5.74,0.39,34406.0,24309214.0,5.0,7.24,6.9,7.0,6.8,2.13,-9.59,1.0
45,46,834407,驰诚股份,10.74,5.71,0.58,8225.0,8478181.88,7.19,10.74,10.01,10.25,10.16,3.18,30.94,2.77
46,47,002651,利君股份,5.76,5.69,0.31,129074.0,72868608.0,4.95,5.77,5.5,5.5,5.45,2.28,35.53,2.17
47,48,300854,中兰环保,12.68,5.67,0.68,34008.0,42267101.0,4.83,12.72,12.14,12.33,12.0,6.05,51.19,1.3
48,49,000820,神雾节能,2.99,5.65,0.16,130500.0,38665972.92,6.01,3.05,2.88,2.88,2.83,4.54,-84.28,25.0
49,50,300930,屹通新材,23.44,5.63,1.25,25283.0,57696420.0,5.23,23.44,22.28,22.45,22.19,5.37,41.74,2.73
50,51,688309,恒誉环保,13.53,5.54,0.71,5784.0,7667478.0,4.68,13.55,12.95,13.23,12.82,0.72,-672.64,1.51
51,52,688501,青达环保,13.96,5.52,0.73,18649.0,25310099.0,6.05,14.0,13.2,13.3,13.23,1.52,35.82,1.95
52,53,300948,冠中生态,10.72,5.51,0.56,36252.0,38394681.5,6.69,11.0,10.32,10.73,10.16,2.77,87.62,1.76
53,54,002573,清新环境,4.04,5.48,0.21,140474.0,55987161.0,6.27,4.13,3.89,3.94,3.83,1.0,40.27,0.91
54,55,832145,恒合股份,6.36,5.47,0.33,12630.0,7776700.31,6.3,6.37,5.99,6.25,6.03,2.82,-39.62,1.66
55,56,300405,科隆股份,4.52,5.36,0.23,84630.0,37632532.48,5.59,4.58,4.34,4.34,4.29,3.87,-38.77,2.67
56,57,836263,中航泰达,5.36,5.3,0.27,14258.0,7472622.96,6.29,5.42,5.1,5.18,5.09,1.39,13.5,1.36
57,58,605069,正和生态,6.59,5.27,0.33,52387.0,34256444.0,5.27,6.75,6.42,6.61,6.26,6.22,-21.38,1.38
58,59,301228,实朴检测,12.78,5.19,0.63,43522.0,54597950.49,5.84,12.84,12.13,12.36,12.15,7.95,-29.12,2.02
59,60,830832,齐鲁华信,5.14,5.11,0.25,12243.0,6097294.72,6.95,5.17,4.83,4.88,4.89,0.98,42.75,0.94
60,61,605011,杭州热电,22.08,5.09,1.07,51218.0,110701041.0,5.19,22.1,21.01,21.01,21.01,1.28,37.85,3.95
61,62,301203,国泰环保,29.94,5.09,1.45,6714.0,19856478.22,6.53,30.68,28.82,29.2,28.49,2.2,16.97,1.73
62,63,300237,美晨科技,1.86,5.08,0.09,707025.0,130416053.45,7.34,1.92,1.79,1.86,1.77,4.91,-6.99,18.87
63,64,300067,安诺其,4.84,4.99,0.23,562552.0,263522773.16,6.72,4.86,4.55,4.64,4.61,6.0,251.11,2.19
64,65,002431,棕榈股份,1.9,4.97,0.09,278229.0,52488268.13,5.52,1.94,1.84,1.88,1.81,1.56,-4.74,1.2
65,66,002973,侨银股份,10.14,4.97,0.48,103693.0,106762672.28,7.04,10.59,9.91,9.91,9.66,6.01,12.02,1.81
66,67,688376,美埃科技,38.11,4.96,1.8,14803.0,54404530.0,9.89,38.36,34.77,36.31,36.31,2.98,27.57,3.04
67,68,600168,武汉控股,4.47,4.93,0.21,166213.0,73563911.0,6.1,4.56,4.3,4.4,4.26,1.67,27.32,0.84
68,69,300953,震裕科技,61.49,4.9,2.87,18536.0,109952630.0,7.71,61.87,57.35,59.06,58.62,2.73,23.99,2.56
69,70,300692,中环环保,5.18,4.86,0.24,67307.0,34452904.5,5.06,5.26,5.01,5.16,4.94,1.8,27.3,1.04
70,71,688021,奥福环保,10.37,4.85,0.48,16237.0,16621651.0,5.36,10.45,9.92,10.0,9.89,2.12,-29.1,0.89
71,72,002115,三维通信,5.22,4.82,0.24,221833.0,113449657.48,7.63,5.33,4.95,4.99,4.98,2.95,613.32,1.8
72,73,688659,元琛科技,6.97,4.81,0.32,24908.0,16917257.0,4.96,6.98,6.65,6.66,6.65,1.56,78.28,1.81
73,74,600323,瀚蓝环境,23.2,4.79,1.06,141982.0,329130310.0,3.39,23.5,22.75,22.8,22.14,1.74,10.66,1.5
74,75,300490,华自科技,8.1,4.79,0.37,159869.0,127522034.76,6.99,8.2,7.66,7.8,7.73,4.09,-44.31,1.17
75,76,300266,兴源环境,2.21,4.74,0.1,512332.0,111524616.0,9.0,2.29,2.1,2.23,2.11,3.3,-19.49,17.96
76,77,300293,蓝英装备,29.4,4.74,1.33,512580.0,1386159965.7,21.02,30.5,24.6,27.95,28.07,18.28,-4041.41,11.07
77,78,301273,瑞晨环保,17.31,4.72,0.78,11316.0,19345466.39,6.72,17.77,16.66,16.66,16.53,3.27,-22.6,1.28
78,79,605198,安德利,24.27,4.7,1.09,15842.0,37411809.0,4.83,24.27,23.15,23.52,23.18,0.59,31.64,3.31
79,80,600070,*ST富润,1.56,4.7,0.07,65852.0,10187470.0,3.36,1.56,1.51,1.54,1.49,1.3,-4.5,1.39
80,81,001322,箭牌家居,8.47,4.7,0.38,35668.0,29434549.94,5.32,8.5,8.07,8.2,8.09,2.15,107.95,1.67
81,82,603316,诚邦股份,5.81,4.68,0.26,141672.0,81988671.0,7.03,5.96,5.57,5.64,5.55,5.36,-144.35,2.07
82,83,000598,兴蓉环境,7.6,4.68,0.34,336729.0,254440818.05,5.37,7.75,7.36,7.36,7.26,1.13,12.22,1.33
83,84,002514,宝馨科技,4.92,4.68,0.22,163802.0,78840688.44,4.89,4.93,4.7,4.78,4.7,2.96,-16.71,4.21
84,85,002169,智光电气,5.37,4.68,0.24,115423.0,60490179.02,6.82,5.45,5.1,5.14,5.13,1.52,-23.29,1.44
85,86,300190,维尔利,3.62,4.62,0.16,115665.0,41473801.0,5.78,3.69,3.49,3.64,3.46,1.49,33.52,0.79
86,87,688565,力源科技,5.48,4.58,0.24,14322.0,7698647.0,4.96,5.5,5.24,5.31,5.24,0.96,-46.35,1.72
87,88,688051,佳华科技,20.47,4.55,0.89,6631.0,13215780.0,5.46,20.57,19.5,20.0,19.58,0.86,-26.83,1.99
88,89,833751,惠同新材,9.9,4.54,0.43,15608.0,15002705.55,6.76,9.95,9.31,9.57,9.47,3.38,23.02,2.38
89,90,300021,大禹节水,3.92,4.53,0.17,152317.0,58727257.18,4.53,3.94,3.77,3.82,3.75,2.17,88.72,1.8
90,91,300816,艾可蓝,21.68,4.53,0.94,14755.0,31228344.28,5.06,21.79,20.74,20.75,20.74,3.05,24.26,2.09
91,92,301127,天源环保,10.03,4.48,0.43,104373.0,102537687.14,4.06,10.05,9.66,9.73,9.6,2.96,24.77,2.27
92,93,300716,泉为科技,11.0,4.46,0.47,55484.0,60279573.0,4.56,11.14,10.66,10.68,10.53,3.47,-18.72,17.66
93,94,301018,申菱环境,23.45,4.45,1.0,38876.0,88208704.3,7.57,23.55,21.85,22.62,22.45,1.95,28.2,2.47
94,95,001379,腾达科技,22.06,4.45,0.94,67050.0,144433387.95,5.26,22.09,20.98,21.18,21.12,13.41,55.21,3.08
95,96,002034,旺能环境,15.31,4.43,0.65,48366.0,73954389.61,2.05,15.48,15.18,15.34,14.66,1.13,9.07,1.03
96,97,300774,倍杰特,9.22,4.42,0.39,43065.0,38890834.0,5.32,9.25,8.78,8.78,8.83,2.21,13.92,2.54
97,98,000807,云铝股份,15.21,4.39,0.64,624508.0,933993632.52,4.19,15.23,14.62,14.69,14.57,1.8,10.47,1.98
98,99,300960,通业科技,21.6,4.35,0.9,18953.0,40230856.0,4.64,21.66,20.7,21.28,20.7,2.04,78.0,3.81
99,100,000544,中原环保,8.44,4.33,0.35,103468.0,86558968.76,3.21,8.49,8.23,8.34,8.09,1.06,5.84,1.03
100,101,300487,蓝晓科技,55.26,4.28,2.27,43191.0,231291064.82,5.55,55.46,52.52,53.54,52.99,1.42,34.53,8.26
101,102,300327,中颖电子,24.61,4.28,1.01,147461.0,350159485.51,7.8,24.75,22.91,23.6,23.6,4.35,59.13,5.01
102,103,300905,宝丽迪,28.52,4.28,1.17,65705.0,181230795.25,6.51,28.63,26.85,27.57,27.35,5.28,45.77,2.82
103,104,688701,卓锦股份,5.44,4.21,0.22,12172.0,6433001.0,5.36,5.44,5.16,5.22,5.22,0.91,-15.5,2.84
104,105,300187,永清环保,5.2,4.21,0.21,64424.0,33229907.9,5.61,5.3,5.02,5.02,4.99,1.0,24.56,3.17
105,106,603359,东珠生态,4.21,4.21,0.17,101868.0,42620990.0,5.94,4.32,4.08,4.15,4.04,2.28,72.3,0.57
106,107,000885,城发环境,12.63,4.21,0.51,50579.0,63366652.6,2.97,12.68,12.32,12.56,12.12,0.79,8.27,1.04
107,108,600178,东安动力,9.95,4.19,0.4,239644.0,235029486.0,7.33,10.0,9.3,9.55,9.55,5.14,-348.25,1.86
108,109,301199,迈赫股份,26.99,4.17,1.08,20383.0,53521103.6,5.48,27.14,25.72,26.06,25.91,4.36,43.93,2.01
109,110,600452,涪陵电力,10.07,4.14,0.4,152138.0,148709222.0,6.1,10.09,9.5,9.67,9.67,0.99,39.45,3.07
110,111,300506,*ST名家,3.28,4.13,0.13,209764.0,67664529.98,11.75,3.36,2.99,3.17,3.15,3.64,-80.04,17.57
111,112,600461,洪城环境,9.61,4.12,0.38,335198.0,323866594.0,3.79,9.8,9.45,9.49,9.23,2.83,10.11,1.42
112,113,603303,得邦照明,11.64,4.11,0.46,13577.0,15345753.0,5.55,11.65,11.03,11.22,11.18,0.28,15.61,1.62
113,114,300614,百川畅银,10.41,4.1,0.41,27518.0,28200329.87,6.5,10.65,10.0,10.2,10.0,1.72,-18.72,1.22
114,115,000068,华控赛格,3.31,4.09,0.13,203471.0,66419629.56,4.72,3.35,3.2,3.21,3.18,2.02,-29.97,5.18
115,116,300385,雪浪环境,4.59,4.08,0.18,47216.0,21285379.91,5.44,4.63,4.39,4.5,4.41,1.63,-7.75,2.52
116,117,300800,力合科技,10.52,4.06,0.41,23240.0,23895959.0,5.34,10.57,10.03,10.18,10.11,0.99,94.3,1.24
117,118,300165,天瑞仪器,3.34,4.05,0.13,172703.0,56537077.2,4.98,3.36,3.2,3.23,3.21,4.11,-55.58,1.21
118,119,603698,航天工程,15.17,4.05,0.59,44778.0,66579471.0,4.8,15.2,14.5,14.67,14.58,0.84,44.78,2.42
119,120,601033,永兴股份,14.57,4.0,0.56,53177.0,76174745.0,4.64,14.64,13.99,14.09,14.01,3.55,15.54,1.3
120,121,600835,上海机电,14.06,3.99,0.54,153611.0,212007749.0,6.66,14.3,13.4,13.61,13.52,1.9,13.67,1.06
121,122,688175,高凌信息,14.35,3.99,0.55,6707.0,9471787.0,3.62,14.35,13.85,13.98,13.8,1.15,-41.48,1.02
122,123,002596,海南瑞泽,2.35,3.98,0.09,973778.0,230020082.27,8.85,2.47,2.27,2.37,2.26,9.52,-27.94,2.86
123,124,301109,军信股份,17.08,3.96,0.65,36165.0,61304911.1,4.81,17.43,16.64,16.64,16.43,3.67,13.06,1.39
124,125,002149,西部材料,14.77,3.94,0.56,115562.0,169021091.92,4.71,14.89,14.22,14.27,14.21,2.37,37.71,2.44
125,126,301289,国缆检测,43.15,3.93,1.63,10585.0,44926603.1,3.68,43.23,41.7,42.0,41.52,4.18,44.6,3.59
126,127,002778,中晟高科,12.18,3.92,0.46,23804.0,28655868.8,4.86,12.27,11.7,11.74,11.72,1.93,-44.64,3.74
127,128,002672,东江环保,4.24,3.92,0.16,56543.0,23654036.07,3.68,4.26,4.11,4.16,4.08,0.67,-9.1,1.13
128,129,003027,同兴环保,13.58,3.9,0.51,22342.0,29944374.5,3.83,13.68,13.18,13.34,13.07,2.19,45.0,1.04
129,130,300867,圣元环保,13.64,3.88,0.51,34163.0,45943977.0,3.58,13.68,13.21,13.37,13.13,1.78,18.1,1.03
130,131,600187,国中水务,3.48,3.88,0.13,1175557.0,398695676.0,9.25,3.55,3.24,3.35,3.35,7.28,542.09,1.78
131,132,300317,珈伟新能,4.03,3.87,0.15,220806.0,87751168.46,7.22,4.12,3.84,3.94,3.88,2.66,-38.28,1.84
132,133,002663,普邦股份,1.62,3.85,0.06,219673.0,35188081.73,3.21,1.63,1.58,1.61,1.56,1.57,233.64,0.95
133,134,300389,艾比森,11.44,3.81,0.42,57029.0,63273848.0,6.35,11.49,10.79,11.03,11.02,2.45,23.75,2.9
134,135,300040,九洲集团,6.27,3.81,0.23,220477.0,134839764.95,5.46,6.29,5.96,6.1,6.04,4.79,23.01,1.27
135,136,688096,京源环保,7.11,3.8,0.26,11703.0,8160032.0,4.82,7.14,6.81,6.88,6.85,0.77,-133.52,1.43
136,137,300140,节能环境,6.3,3.79,0.23,178101.0,109954458.24,4.61,6.32,6.04,6.17,6.07,1.75,22.32,1.43
137,138,002322,理工能科,14.82,3.78,0.54,92115.0,133630687.0,4.83,14.84,14.15,14.24,14.28,2.52,19.71,1.97
138,139,300172,中电环保,5.26,3.75,0.19,227969.0,118457883.54,3.75,5.27,5.08,5.11,5.07,4.35,33.94,1.91
139,140,300423,昇辉科技,6.42,3.72,0.23,88151.0,55611234.5,3.88,6.43,6.19,6.31,6.19,2.65,133.99,2.16
140,141,300472,新元科技,6.98,3.71,0.25,80230.0,54600309.0,6.24,7.03,6.61,6.7,6.73,3.2,-33.66,3.24
141,142,002983,芯瑞达,21.55,3.71,0.77,45996.0,95682426.91,6.69,21.69,20.3,20.78,20.78,3.59,44.95,3.78
142,143,688571,杭华股份,5.91,3.68,0.21,36250.0,20903729.0,4.56,5.91,5.65,5.69,5.7,0.86,20.72,1.7
143,144,002077,大港股份,13.27,3.67,0.47,157929.0,203974932.95,5.7,13.32,12.59,12.8,12.8,2.72,126.09,2.33
144,145,002306,中科云网,2.83,3.66,0.1,152604.0,42622464.0,4.4,2.85,2.73,2.75,2.73,1.88,-43.53,272.67
145,146,002658,雪迪龙,6.29,3.62,0.22,55292.0,34408471.08,2.8,6.3,6.13,6.15,6.07,1.54,40.49,1.62
146,147,002335,科华数据,23.22,3.61,0.81,83937.0,190022031.62,5.4,23.27,22.06,22.6,22.41,2.09,23.75,2.46
147,148,301010,晶雪节能,13.5,3.61,0.47,17187.0,22943897.0,5.99,13.76,12.98,13.22,13.03,1.59,48.19,1.77
148,149,601512,中新集团,7.78,3.6,0.27,48442.0,37086216.0,3.33,7.79,7.54,7.62,7.51,0.32,10.38,0.81
149,150,301519,舜禹股份,13.7,3.55,0.47,21312.0,28832807.0,3.7,13.71,13.22,13.55,13.23,2.73,54.72,1.46
150,151,002200,ST交投,5.55,3.54,0.19,10644.0,5798511.0,3.54,5.55,5.36,5.42,5.36,0.58,-35.1,33.95
151,152,300899,上海凯鑫,20.55,3.53,0.7,15602.0,31669634.0,3.68,20.66,19.93,20.09,19.85,3.81,531.2,2.05
152,153,002009,天奇股份,12.04,3.53,0.41,105332.0,123422324.12,6.19,12.11,11.39,11.61,11.63,2.63,-30.84,2.33
153,154,002076,星光股份,1.77,3.51,0.06,277065.0,48970498.0,5.85,1.82,1.72,1.76,1.71,2.68,985.15,6.05
154,155,603568,伟明环保,22.19,3.5,0.75,62789.0,136453989.0,4.1,22.28,21.4,21.93,21.44,0.37,13.29,3.19
155,156,603324,盛剑科技,24.57,3.5,0.83,21598.0,51916598.0,5.1,24.59,23.38,23.99,23.74,1.45,27.72,2.26
156,157,600710,苏美达,8.89,3.49,0.3,156892.0,137623805.0,4.07,8.95,8.6,8.7,8.59,1.2,10.18,1.67
157,158,300437,清水源,10.08,3.49,0.34,42138.0,42210272.63,4.52,10.2,9.76,9.76,9.74,2.4,-28.92,1.82
158,159,300303,聚飞光电,6.0,3.45,0.2,426409.0,249292020.39,5.69,6.02,5.69,5.79,5.8,3.44,27.02,2.57
159,160,300072,海新能科,3.32,3.43,0.11,583551.0,190585716.29,7.17,3.41,3.18,3.27,3.21,2.5,-11.97,1.18
160,161,600517,国网英大,5.44,3.42,0.18,360879.0,192514221.0,4.75,5.45,5.2,5.3,5.26,0.63,16.98,1.48
161,162,301588,美新科技,20.91,3.41,0.69,14993.0,31000368.42,3.36,20.94,20.26,20.6,20.22,6.31,37.07,2.76
162,163,000546,金圆股份,5.51,3.38,0.18,181062.0,99000532.86,3.94,5.55,5.34,5.34,5.33,2.54,12.34,1.0
163,164,301012,扬电科技,23.35,3.36,0.76,38284.0,87118911.17,5.49,23.39,22.15,22.63,22.59,3.36,41.24,2.93
164,165,300345,华民股份,6.76,3.36,0.22,65742.0,43538290.98,4.89,6.79,6.47,6.59,6.54,1.48,-14.3,5.22
165,166,300192,科德教育,12.97,3.35,0.42,156502.0,196267183.51,6.29,13.0,12.21,12.53,12.55,7.45,33.99,5.27
166,167,603989,艾华集团,13.99,3.32,0.45,40602.0,55472112.0,5.47,14.07,13.33,13.65,13.54,1.01,26.89,1.56
167,168,688480,赛恩斯,28.67,3.32,0.92,4400.0,12327783.0,4.5,28.76,27.51,27.8,27.75,0.7,11.85,2.58
168,169,600526,菲达环保,4.37,3.31,0.14,75679.0,32849004.0,2.84,4.39,4.27,4.32,4.23,1.06,17.55,0.92
169,170,301049,超越科技,24.78,3.29,0.79,27511.0,66781422.72,5.96,24.88,23.45,23.91,23.99,2.92,-60.18,3.18
170,171,688600,皖仪科技,16.01,3.29,0.51,8617.0,13612684.0,8.45,16.19,14.88,15.66,15.5,0.64,-37.36,2.86
171,172,688101,三达膜,13.85,3.28,0.44,18937.0,25795276.0,3.73,13.88,13.38,13.53,13.41,0.57,14.38,1.19
172,173,600282,南钢股份,4.73,3.28,0.15,357955.0,168319664.0,3.93,4.78,4.6,4.7,4.58,0.58,11.82,1.14
173,174,002494,华斯股份,3.48,3.26,0.11,61418.0,21115668.0,2.97,3.48,3.38,3.41,3.37,2.14,95.79,1.08
174,175,601117,中国化学,8.23,3.26,0.26,798120.0,647041865.0,3.76,8.25,7.95,8.03,7.97,1.32,8.86,0.83
175,176,603091,众鑫股份,46.23,3.26,1.46,33385.0,151635502.0,4.53,46.36,44.33,44.96,44.77,16.66,17.29,2.62
176,177,001376,百通能源,16.82,3.25,0.53,27200.0,45027467.76,3.31,16.82,16.28,16.31,16.29,5.9,36.35,7.52
177,178,002967,广电计量,15.25,3.18,0.47,78443.0,116731592.6,4.6,15.28,14.6,14.73,14.78,1.45,55.8,2.43
178,179,002140,东华科技,7.81,3.17,0.24,48632.0,37575763.28,3.43,7.84,7.58,7.65,7.57,0.9,13.19,1.34
179,180,300920,润阳科技,16.33,3.16,0.5,11508.0,18426778.97,4.36,16.35,15.66,15.88,15.83,1.79,40.89,1.4
180,181,002266,浙富控股,3.27,3.15,0.1,281793.0,90596052.5,3.79,3.28,3.16,3.2,3.17,0.58,17.61,1.56
181,182,605488,福莱新材,12.9,3.12,0.39,23137.0,29358911.0,4.24,12.92,12.39,12.64,12.51,1.25,19.37,1.94
182,183,600690,海尔智家,32.43,3.12,0.98,359465.0,1146781539.0,4.13,32.46,31.16,31.57,31.45,0.57,14.6,2.88
183,184,300492,华图山鼎,75.35,3.11,2.27,9385.0,69867778.0,4.16,75.94,72.9,74.53,73.08,0.67,43.53,29.69
184,185,688269,凯立新材,26.35,3.09,0.79,11339.0,29237704.0,5.32,26.47,25.11,25.66,25.56,0.87,36.81,3.56
185,186,600736,苏州高新,4.77,3.02,0.14,230122.0,109130844.0,3.89,4.84,4.66,4.8,4.63,2.0,19.26,0.74
186,187,300499,高澜股份,11.26,3.02,0.33,111904.0,122424696.0,6.13,11.3,10.63,10.88,10.93,4.12,-1003.16,2.45
187,188,600539,狮头股份,4.47,3.0,0.13,37283.0,16442807.0,3.23,4.49,4.35,4.38,4.34,1.62,-87.7,2.97
188,189,300480,光力科技,14.12,2.99,0.41,49213.0,67466653.88,6.05,14.17,13.34,13.83,13.71,1.99,-38.57,3.75
189,190,688665,四方光电,32.68,2.96,0.94,6991.0,22429314.0,4.35,32.78,31.4,31.68,31.74,0.7,39.55,3.44
190,191,000881,中广核技,6.96,2.96,0.2,80281.0,55087937.84,3.55,6.98,6.74,6.76,6.76,1.02,-38.0,1.2
191,192,300263,隆华科技,6.66,2.94,0.19,126885.0,82816430.24,4.33,6.68,6.4,6.49,6.47,1.7,28.56,1.94
192,193,301587,中瑞股份,25.97,2.93,0.74,21630.0,54577136.05,5.39,26.02,24.66,25.23,25.23,7.08,42.51,1.92
193,194,601158,重庆水务,4.93,2.92,0.14,190047.0,93222478.0,3.13,4.97,4.82,4.92,4.79,0.4,28.44,1.42
194,195,600579,克劳斯,6.01,2.91,0.17,61584.0,36671500.0,2.91,6.03,5.86,5.89,5.84,1.24,-5.2,9.96
195,196,300891,惠云钛业,8.49,2.91,0.24,37308.0,31145254.0,3.64,8.5,8.2,8.31,8.25,1.12,89.34,2.61
196,197,300272,开能健康,6.04,2.9,0.17,105568.0,62451390.55,4.09,6.04,5.8,5.93,5.87,2.45,30.57,2.99
197,198,301500,飞南资源,20.27,2.89,0.57,24630.0,48888425.0,4.37,20.34,19.48,19.53,19.7,2.55,48.47,1.81
198,199,300055,万邦达,5.01,2.87,0.14,82903.0,41059124.0,3.49,5.03,4.86,4.89,4.87,1.31,93.21,0.81
199,200,002469,三维化学,5.37,2.87,0.15,52046.0,27647011.4,2.49,5.37,5.24,5.27,5.22,0.83,20.63,1.33
200,201,600008,首创环保,3.23,2.87,0.09,1115182.0,357711731.0,2.87,3.25,3.16,3.2,3.14,1.52,12.94,1.23
201,202,002125,湘潭电化,9.79,2.84,0.27,90282.0,86812022.8,4.41,9.82,9.4,9.59,9.52,1.43,20.02,2.17
202,203,000969,安泰科技,9.48,2.82,0.26,155264.0,144645463.05,3.47,9.49,9.17,9.29,9.22,1.51,17.76,1.85
203,204,002068,黑猫股份,6.21,2.81,0.17,186040.0,113164158.39,4.8,6.22,5.93,6.1,6.04,2.53,-41.91,1.54
204,205,300048,合康新能,5.13,2.81,0.14,105055.0,53056830.6,3.81,5.15,4.96,5.02,4.99,0.94,334.96,3.35
205,206,002645,华宏科技,7.33,2.81,0.2,60705.0,43632172.0,4.49,7.35,7.03,7.2,7.13,1.19,958.3,1.19
206,207,688737,中自科技,15.05,2.8,0.41,12114.0,17901204.0,3.96,15.06,14.48,14.71,14.64,1.7,162.34,0.96
207,208,301446,福事特,20.74,2.78,0.56,11307.0,23098650.99,3.91,20.8,20.01,20.38,20.18,4.35,27.48,1.96
208,209,600481,双良节能,4.47,2.76,0.12,202983.0,88920447.0,4.37,4.48,4.29,4.35,4.35,1.09,-3.33,1.54
209,210,301028,东亚机械,10.48,2.75,0.28,28442.0,29295106.0,3.92,10.5,10.1,10.2,10.2,1.16,16.67,2.83
210,211,300680,隆盛科技,18.75,2.74,0.5,49843.0,91727832.0,4.11,18.78,18.03,18.36,18.25,2.88,20.97,2.42
211,212,603949,雪龙集团,10.89,2.74,0.29,22454.0,24132093.0,4.25,10.95,10.5,10.58,10.6,1.07,35.09,2.32
212,213,600284,浦东建设,6.01,2.74,0.16,130553.0,77788033.0,2.91,6.03,5.86,5.92,5.85,1.35,11.19,0.77
213,214,300105,龙源技术,6.77,2.73,0.18,84927.0,56605400.0,3.79,6.77,6.52,6.69,6.59,1.65,145.49,1.86
214,215,600475,华光环能,9.42,2.73,0.25,73867.0,69284789.0,4.47,9.6,9.19,9.49,9.17,0.78,11.33,1.06
215,216,603903,中持股份,6.44,2.71,0.17,33139.0,21086447.0,3.03,6.45,6.26,6.38,6.27,1.64,102.32,1.0
216,217,000920,沃顿科技,8.75,2.7,0.23,34433.0,29713075.55,3.52,8.78,8.48,8.53,8.52,0.82,21.24,2.28
217,218,300153,科泰电源,7.31,2.67,0.19,55256.0,39752222.72,3.93,7.32,7.04,7.12,7.12,1.74,66.06,2.74
218,219,002155,湖南黄金,16.55,2.67,0.43,337650.0,550895483.98,4.96,16.6,15.8,16.13,16.12,2.81,22.71,3.06
219,220,600817,宇通重工,11.17,2.67,0.29,72383.0,79333720.0,4.32,11.18,10.71,10.88,10.88,1.37,36.0,2.55
220,221,688622,禾信仪器,22.36,2.66,0.58,2957.0,6483509.0,4.5,22.38,21.4,22.37,21.78,0.42,-35.47,3.78
221,222,301115,建科股份,14.65,2.66,0.38,26368.0,38059721.0,3.36,14.7,14.22,14.36,14.27,2.5,75.01,1.03
222,223,301148,嘉戎技术,18.93,2.66,0.49,17558.0,32891632.77,3.52,19.06,18.41,18.76,18.44,4.56,44.42,1.28
223,224,000803,山高环能,3.89,2.64,0.1,53669.0,20556965.56,3.69,3.9,3.76,3.79,3.79,1.17,-26.17,1.33
224,225,688196,卓越新能,25.96,2.61,0.66,3896.0,9989262.0,4.15,26.08,25.03,25.48,25.3,0.32,15.4,1.13
225,226,002682,龙洲股份,3.94,2.6,0.1,155330.0,60427570.8,3.13,3.95,3.83,3.84,3.84,2.76,-32.57,1.5
226,227,600444,国机通用,14.4,2.56,0.36,47282.0,67073147.0,4.56,14.5,13.86,14.04,14.04,3.23,47.3,3.05
227,228,000928,中钢国际,6.44,2.55,0.16,561250.0,358999568.37,4.14,6.52,6.26,6.49,6.28,3.91,11.01,1.16
228,229,300234,开尔新材,4.44,2.54,0.11,42264.0,18493449.45,4.16,4.46,4.28,4.39,4.33,1.23,144.95,2.0
229,230,300664,鹏鹞环保,4.85,2.54,0.12,86739.0,41763142.34,3.59,4.91,4.74,4.88,4.73,1.16,11.43,0.85
230,231,300275,梅安森,12.15,2.53,0.3,73679.0,88046108.94,4.3,12.19,11.68,11.91,11.85,2.89,57.41,4.26
231,232,603797,联泰环保,3.67,2.51,0.09,84647.0,30930190.0,2.51,3.7,3.61,3.65,3.58,1.45,9.83,0.69
232,233,301259,艾布鲁,33.19,2.5,0.81,34273.0,111737527.27,5.56,33.5,31.7,32.54,32.38,4.21,-95.26,6.18
233,234,600126,杭钢股份,4.1,2.5,0.1,213644.0,86135515.0,3.5,4.1,3.96,4.0,4.0,0.63,-190.0,0.69
234,235,002688,金河生物,4.11,2.49,0.1,68968.0,27987835.0,3.24,4.12,3.99,4.02,4.01,0.93,17.42,1.43
235,236,603177,德创环保,7.82,2.49,0.19,30821.0,24047039.0,3.67,7.96,7.68,7.79,7.63,1.51,40.06,4.13
236,237,000682,东方电子,12.36,2.49,0.3,205069.0,251086624.69,4.81,12.51,11.93,12.09,12.06,1.53,32.78,3.5
237,238,600261,阳光照明,2.9,2.47,0.07,106077.0,30643426.0,2.47,2.92,2.85,2.86,2.83,0.79,26.48,1.14
238,239,000157,中联重科,7.1,2.45,0.17,587194.0,414419906.86,2.74,7.13,6.94,6.97,6.93,0.83,13.46,1.1
239,240,000967,盈峰环境,4.6,2.45,0.11,153281.0,69626170.5,3.12,4.61,4.47,4.53,4.49,0.48,19.13,0.85
240,241,688199,久日新材,14.31,2.43,0.34,11347.0,15936816.0,4.37,14.37,13.76,14.06,13.97,0.7,-89.56,0.89
241,242,688633,星球石墨,23.15,2.43,0.55,13570.0,31226374.0,5.0,23.44,22.31,22.53,22.6,0.94,27.16,2.23
242,243,603126,中材节能,5.94,2.41,0.14,102738.0,60378986.0,3.45,5.96,5.76,5.89,5.8,1.68,54.92,1.75
243,244,603051,鹿山新材,28.81,2.38,0.67,23411.0,66324237.0,4.16,28.85,27.68,28.16,28.14,4.41,45.0,2.06
244,245,601199,江南水务,5.6,2.38,0.13,84012.0,46783218.0,2.74,5.64,5.49,5.55,5.47,0.9,15.43,1.38
245,246,300950,德固特,15.12,2.37,0.35,23646.0,35355769.65,3.18,15.15,14.68,15.0,14.77,2.64,16.65,3.19
246,247,603279,景津装备,19.1,2.36,0.44,61235.0,116297196.0,4.61,19.38,18.52,19.23,18.66,1.07,12.0,2.48
247,248,300137,先河环保,5.24,2.34,0.12,79889.0,41360874.69,4.1,5.29,5.08,5.24,5.12,1.51,75.29,1.56
248,249,000890,法尔胜,3.08,2.33,0.07,86404.0,26337999.0,2.66,3.09,3.01,3.05,3.01,2.06,-26.73,205.1
249,250,600874,创业环保,5.74,2.32,0.13,146241.0,84218894.0,5.88,5.95,5.62,5.9,5.61,1.19,10.68,0.97
250,251,600846,同济科技,7.95,2.32,0.18,42798.0,33735965.0,2.45,7.96,7.77,7.82,7.77,0.69,10.65,1.26
251,252,600969,郴电国际,6.19,2.31,0.14,86617.0,53446871.0,3.31,6.25,6.05,6.05,6.05,2.34,57.25,0.63
252,253,688551,科威尔,29.87,2.29,0.67,8208.0,24108975.0,6.3,30.53,28.69,30.53,29.2,0.98,29.98,1.92
253,254,300007,汉威科技,16.16,2.28,0.36,144881.0,227489046.44,6.33,16.22,15.22,15.77,15.8,5.12,51.27,1.86
254,255,603817,海峡环保,5.43,2.26,0.12,56032.0,30217785.0,2.45,5.45,5.32,5.38,5.31,1.05,12.2,1.08
255,256,688585,上纬新材,6.34,2.26,0.14,18623.0,11619121.0,4.52,6.36,6.08,6.28,6.2,0.46,28.69,2.07
256,257,301129,瑞纳智能,24.92,2.26,0.55,52284.0,126209597.8,8.9,25.4,23.23,23.87,24.37,14.56,-99.1,2.06
257,258,000035,中国天楹,4.56,2.24,0.1,340377.0,152281454.98,4.71,4.57,4.36,4.38,4.46,1.39,15.98,1.06
258,259,600970,中材国际,10.95,2.24,0.24,146829.0,159773599.0,3.83,11.09,10.68,10.8,10.71,0.84,10.34,1.48
259,260,603588,高能环境,5.02,2.24,0.11,421490.0,208461323.0,5.3,5.06,4.8,4.99,4.91,2.77,9.27,0.85
260,261,300632,光莆股份,11.41,2.24,0.25,44949.0,50011783.67,5.47,11.43,10.82,11.17,11.16,2.03,38.38,1.92
261,262,601608,中信重工,4.11,2.24,0.09,398201.0,162366143.0,2.99,4.14,4.02,4.04,4.02,0.92,49.26,2.12
262,263,300864,南大环境,22.4,2.24,0.49,11009.0,24447514.54,3.74,22.53,21.71,22.14,21.91,0.7,18.73,2.83
263,264,603686,福龙马,8.76,2.22,0.19,76484.0,67169177.0,3.03,8.91,8.65,8.8,8.57,1.84,19.23,1.11
264,265,002543,万和电气,10.17,2.21,0.22,28057.0,28079392.3,3.72,10.19,9.82,10.05,9.95,0.42,10.65,1.7
265,266,600257,大湖股份,4.68,2.18,0.1,143038.0,66195972.0,3.06,4.69,4.55,4.61,4.58,2.97,-81.71,2.62
266,267,601908,京运通,2.83,2.17,0.06,246549.0,68404562.0,3.97,2.83,2.72,2.77,2.77,1.02,-3.15,0.66
267,268,300912,凯龙高科,11.84,2.16,0.25,24563.0,28655667.0,3.54,11.87,11.46,11.87,11.59,2.86,-9.05,1.88
268,269,601200,上海环境,8.19,2.12,0.17,102587.0,83541588.0,2.24,8.24,8.06,8.15,8.02,0.76,17.56,1.01
269,270,601618,中国中冶,3.38,2.11,0.07,1658162.0,559317291.0,3.63,3.44,3.32,3.35,3.31,0.93,8.44,0.71
270,271,300301,*ST长方,1.45,2.11,0.03,101123.0,14419649.22,3.52,1.45,1.4,1.41,1.42,1.28,-29.5,35.6
271,272,688087,英科再生,28.71,2.1,0.59,9027.0,25501118.0,4.16,28.79,27.62,28.11,28.12,0.48,17.32,2.25
272,273,002015,协鑫能科,7.79,2.1,0.16,137015.0,104833306.92,3.93,7.8,7.5,7.67,7.63,0.84,15.39,1.09
273,274,603223,恒通股份,8.78,2.09,0.18,39946.0,34816636.0,3.14,8.83,8.56,8.6,8.6,0.72,43.82,1.68
274,275,301362,民爆光电,36.6,2.09,0.75,5197.0,18696181.52,3.71,36.68,35.35,35.81,35.85,1.75,15.04,1.55
275,276,300145,中金环境,2.94,2.08,0.06,469657.0,136801970.32,6.94,3.04,2.84,2.94,2.88,2.48,17.21,2.22
276,277,000605,渤海股份,5.43,2.07,0.11,78351.0,42453224.6,3.2,5.5,5.33,5.42,5.32,2.36,58.61,0.9
277,278,603158,腾龙股份,7.46,2.05,0.15,71602.0,52812081.0,2.74,7.47,7.27,7.39,7.31,1.46,15.94,1.68
278,279,601388,怡球资源,2.49,2.05,0.05,224448.0,55422796.0,2.87,2.5,2.43,2.45,2.44,1.02,39.99,1.28
279,280,600103,青山纸业,2.0,2.04,0.04,224071.0,44289132.0,2.55,2.0,1.95,1.97,1.96,1.01,40.88,1.16
280,281,603601,再升科技,3.08,1.99,0.06,124317.0,38018892.0,2.98,3.1,3.01,3.06,3.02,1.22,20.66,1.47
281,282,000900,现代投资,4.12,1.98,0.08,142481.0,58460794.28,1.73,4.13,4.06,4.08,4.04,0.94,12.14,0.58
282,283,601330,绿色动力,6.22,1.97,0.12,48420.0,29848982.0,2.62,6.25,6.09,6.2,6.1,0.49,14.3,1.13
283,284,603637,镇海股份,6.74,1.97,0.13,19232.0,12851583.0,2.72,6.76,6.58,6.63,6.61,0.81,21.56,1.66
284,285,000155,川能动力,11.0,1.95,0.21,129304.0,140859266.75,3.06,11.02,10.69,10.94,10.79,1.0,16.03,1.99
285,286,603759,海天股份,6.36,1.92,0.12,19833.0,12460281.0,2.72,6.36,6.19,6.31,6.24,0.43,14.21,1.16
286,287,002998,优彩资源,5.84,1.92,0.11,33379.0,19369982.2,2.44,5.87,5.73,5.73,5.73,1.37,13.65,1.14
287,288,301175,中科环保,5.31,1.92,0.1,357555.0,187907353.1,3.84,5.36,5.16,5.3,5.21,5.79,23.86,2.28
288,289,000811,冰轮环境,9.56,1.92,0.18,80291.0,75841177.05,3.41,9.58,9.26,9.47,9.38,1.08,11.03,1.29
289,290,002616,长青集团,4.25,1.92,0.08,46770.0,19728114.0,2.64,4.26,4.15,4.24,4.17,0.99,19.11,1.16
290,291,000723,美锦能源,4.79,1.91,0.09,481618.0,226763523.54,3.83,4.8,4.62,4.7,4.7,1.12,-15.22,1.49
291,292,603776,永安行,10.68,1.91,0.2,23343.0,24689816.0,3.34,10.72,10.37,10.48,10.48,1.02,-157.05,0.85
292,293,688069,德林海,16.1,1.9,0.3,5223.0,8344458.0,3.1,16.21,15.72,16.16,15.8,0.46,36.72,1.31
293,294,600982,宁波能源,3.76,1.9,0.07,57361.0,21395111.0,2.44,3.78,3.69,3.71,3.69,0.51,16.9,1.01
294,295,000968,蓝焰控股,6.5,1.88,0.12,57136.0,36836819.0,2.82,6.54,6.36,6.4,6.38,0.59,14.13,1.07
295,296,600217,中再资环,5.43,1.88,0.1,240136.0,129277867.0,4.5,5.5,5.26,5.4,5.33,1.73,27.75,2.47
296,297,002255,海陆重工,4.89,1.88,0.09,81976.0,39728004.0,2.92,4.91,4.77,4.83,4.8,1.26,16.14,1.04
297,298,002391,长青股份,4.92,1.86,0.09,25383.0,12375619.14,2.28,4.93,4.82,4.87,4.83,0.55,82.31,0.73
298,299,002303,美盈森,3.28,1.86,0.06,144215.0,46736087.0,2.8,3.28,3.19,3.22,3.22,1.82,16.73,1.11
299,300,300631,久吾高科,20.39,1.85,0.37,19573.0,39295171.12,5.49,20.7,19.6,20.15,20.02,1.64,107.57,2.15
300,301,002630,华西能源,2.77,1.84,0.05,299010.0,82093163.0,2.57,2.77,2.7,2.73,2.72,2.82,26.33,5.33
301,302,603137,恒尚节能,10.56,1.83,0.19,7864.0,8249053.0,2.51,10.61,10.35,10.37,10.37,1.07,14.46,1.63
302,303,603071,物产环能,12.24,1.83,0.22,18841.0,22821833.0,2.83,12.28,11.94,12.2,12.02,0.79,9.49,1.33
303,304,002080,中材科技,12.27,1.83,0.22,135704.0,164732602.7,2.99,12.3,11.94,12.05,12.05,0.81,22.16,1.14
304,305,000338,潍柴动力,14.57,1.82,0.26,563218.0,811216855.1,2.66,14.59,14.21,14.33,14.31,1.13,10.77,1.51
305,306,603315,福鞍股份,9.54,1.81,0.17,24011.0,22755040.0,2.67,9.6,9.35,9.37,9.37,0.78,24.84,1.93
306,307,600459,贵研铂业,14.05,1.81,0.25,55542.0,77173927.0,2.61,14.07,13.71,13.81,13.8,0.74,16.83,1.56
307,308,001358,兴欣新材,22.6,1.8,0.4,9796.0,21824034.76,3.24,22.63,21.91,22.31,22.2,3.18,32.39,1.92
308,309,688370,丛麟科技,18.65,1.8,0.33,2279.0,4202292.0,2.67,18.74,18.25,18.3,18.32,0.51,24.45,0.98
309,310,688335,复洁环保,9.05,1.8,0.16,3166.0,2839867.0,3.04,9.07,8.8,8.8,8.89,0.21,-48.88,1.12
310,311,688057,金达莱,11.34,1.8,0.2,8058.0,9035662.0,3.59,11.39,10.99,11.38,11.14,0.29,23.26,0.97
311,312,300536,*ST农尚,5.69,1.79,0.1,78599.0,44393061.75,3.22,5.73,5.55,5.62,5.59,2.68,370.88,2.76
312,313,600635,大众公用,3.43,1.78,0.06,353883.0,119861388.0,3.86,3.45,3.32,3.38,3.37,1.46,41.45,1.21
313,314,688500,慧辰股份,33.53,1.76,0.58,10461.0,34704382.0,3.13,33.7,32.67,32.68,32.95,1.41,-34.56,3.28
314,315,003035,南网能源,4.63,1.76,0.08,150201.0,68458364.56,3.08,4.63,4.49,4.58,4.55,0.67,42.86,2.54
315,316,601368,绿城水务,4.65,1.75,0.08,59829.0,27689359.0,2.19,4.67,4.57,4.61,4.57,0.68,30.27,0.87
316,317,601868,中国能建,2.35,1.73,0.04,3739223.0,874547470.0,3.46,2.38,2.3,2.33,2.31,1.15,17.61,0.95
317,318,605169,洪通燃气,10.15,1.7,0.17,44077.0,44336741.0,2.91,10.17,9.88,10.03,9.98,3.33,22.84,1.58
318,319,002366,融发核电,3.65,1.67,0.06,166067.0,59888042.0,3.34,3.67,3.55,3.59,3.59,1.32,2101.06,1.63
319,320,000504,南华生物,7.92,1.67,0.13,43215.0,33895387.77,3.08,7.97,7.73,7.9,7.79,1.39,-155.72,10.52
320,321,601827,三峰环境,9.24,1.65,0.15,87701.0,81279199.0,3.19,9.39,9.1,9.25,9.09,0.52,11.64,1.45
321,322,001326,联域股份,34.28,1.63,0.55,4848.0,16424482.53,2.4,34.29,33.48,34.0,33.73,2.65,16.43,2.1
322,323,605028,世茂能源,13.92,1.61,0.22,5373.0,7447705.0,2.12,13.97,13.68,13.78,13.7,0.34,16.46,1.75
323,324,601727,上海电气,4.5,1.58,0.07,531739.0,237747258.0,2.26,4.52,4.42,4.46,4.43,0.42,58.25,1.31
324,325,002438,江苏神通,10.93,1.58,0.17,58335.0,62798708.0,3.53,10.97,10.59,10.85,10.76,1.24,19.31,1.66
325,326,002631,德尔未来,4.56,1.56,0.07,161056.0,72948353.48,5.79,4.66,4.4,4.4,4.49,2.38,-64.83,1.74
326,327,601113,华鼎股份,3.33,1.52,0.05,103209.0,34053356.0,2.13,3.33,3.26,3.3,3.28,0.93,11.29,1.06
327,328,603701,德宏股份,12.72,1.52,0.19,16390.0,20653667.0,2.95,12.75,12.38,12.6,12.53,0.63,106.46,4.31
328,329,300225,金力泰,7.37,1.52,0.11,96166.0,69851739.0,3.58,7.4,7.14,7.26,7.26,2.03,134.82,4.19
329,330,688350,富淼科技,12.08,1.51,0.18,4269.0,5074734.0,4.37,12.08,11.56,11.9,11.9,0.35,29.07,1.08
330,331,001210,金房能源,12.78,1.51,0.19,10387.0,13200321.04,2.22,12.82,12.54,12.61,12.59,1.31,9.48,1.28
331,332,002340,格林美,6.78,1.5,0.1,801024.0,536734893.61,2.69,6.79,6.61,6.67,6.68,1.57,24.8,1.79
332,333,603282,亚光股份,14.98,1.49,0.22,12090.0,17980233.0,3.66,15.13,14.59,14.96,14.76,1.88,23.16,1.66
333,334,300801,泰和科技,14.98,1.49,0.22,16987.0,25104287.0,4.0,15.06,14.47,14.76,14.76,1.27,30.16,1.39
334,335,002591,恒大高新,4.77,1.49,0.07,82408.0,38833129.0,3.19,4.78,4.63,4.7,4.7,3.69,57.23,2.09
335,336,603906,龙蟠科技,8.95,1.47,0.13,96689.0,85329984.0,3.63,9.0,8.68,8.9,8.82,1.71,-11.45,1.67
336,337,002158,汉钟精机,19.28,1.47,0.28,45002.0,85426910.35,3.58,19.3,18.62,19.18,19.0,0.84,11.44,2.7
337,338,002172,澳洋健康,2.76,1.47,0.04,130182.0,35540320.0,3.31,2.77,2.68,2.73,2.72,1.7,28.31,16.11
338,339,002483,润邦股份,4.87,1.46,0.07,93718.0,45199948.0,3.13,4.89,4.74,4.81,4.8,1.06,12.43,1.06
339,340,600406,国电南瑞,27.03,1.43,0.38,250476.0,672328219.0,3.3,27.25,26.37,27.02,26.65,0.31,40.07,4.78
340,341,605008,长鸿高科,12.15,1.42,0.17,16166.0,19460999.0,2.67,12.19,11.87,11.98,11.98,0.25,40.64,3.93
341,342,600098,广州发展,6.46,1.41,0.09,187580.0,120586923.0,2.35,6.5,6.35,6.45,6.37,0.54,9.88,0.87
342,343,603311,金海高科,8.91,1.37,0.12,13803.0,12165918.0,3.19,8.95,8.67,8.78,8.79,0.59,28.45,1.68
343,344,600668,尖峰集团,9.71,1.36,0.13,25800.0,24885380.0,2.92,9.78,9.5,9.58,9.58,0.75,35.08,0.66
344,345,301053,远信工业,20.93,1.36,0.28,11907.0,24557793.0,3.87,20.96,20.16,20.96,20.65,1.5,37.59,2.83
345,346,301288,清研环境,18.66,1.3,0.24,98119.0,181909872.61,9.99,19.16,17.32,17.38,18.42,20.84,-186.76,2.47
346,347,300992,泰福泵业,17.12,1.3,0.22,11783.0,19912502.0,3.85,17.18,16.53,16.9,16.9,1.63,26.89,2.08
347,348,301305,朗坤环境,17.16,1.3,0.22,15196.0,25889506.66,3.6,17.23,16.62,16.62,16.94,1.22,17.43,1.21
348,349,605589,圣泉集团,19.73,1.28,0.25,124975.0,241979564.0,4.11,19.75,18.95,19.66,19.48,1.61,25.2,1.61
349,350,600283,钱江水利,8.78,1.27,0.11,55512.0,48388108.0,3.23,8.84,8.56,8.73,8.67,1.12,25.5,1.83
350,351,600698,湖南天雁,4.84,1.26,0.06,224346.0,107831668.0,5.44,4.89,4.63,4.7,4.78,2.7,2295.3,6.77
351,352,600172,黄河旋风,2.42,1.26,0.03,154029.0,36967490.0,3.35,2.44,2.36,2.41,2.39,1.21,-7.02,1.55
352,353,300332,天壕能源,5.78,1.23,0.07,98152.0,55739195.0,4.38,5.8,5.55,5.71,5.71,1.2,24.28,1.19
353,354,600116,三峡水利,7.44,1.22,0.09,112659.0,83127184.0,2.04,7.46,7.31,7.35,7.35,0.59,31.06,1.28
354,355,002564,*ST天沃,3.31,1.22,0.04,114235.0,37114058.01,4.28,3.32,3.18,3.23,3.27,1.33,91.66,21.84
355,356,002647,仁东控股,6.75,1.2,0.08,476384.0,316881117.9,9.3,6.98,6.36,6.78,6.67,8.51,-16.68,-49.21
356,357,603366,日出东方,4.22,1.2,0.05,63685.0,26733632.0,2.64,4.25,4.14,4.21,4.17,0.79,30.29,0.86
357,358,300636,同和药业,8.44,1.2,0.1,49914.0,41378213.37,4.08,8.45,8.11,8.34,8.34,1.37,25.58,1.56
358,359,002554,惠博普,2.56,1.19,0.03,129753.0,32959382.65,2.77,2.57,2.5,2.52,2.53,0.96,56.14,1.35
359,360,600499,科达制造,7.85,1.16,0.09,150134.0,116091791.0,3.74,7.88,7.59,7.86,7.76,0.78,16.56,1.34
360,361,603616,韩建河山,3.57,1.13,0.04,197620.0,70240885.0,6.52,3.68,3.45,3.6,3.53,5.18,-20.49,3.52
361,362,605081,太和水,11.68,1.13,0.13,30483.0,35345978.0,2.94,11.79,11.45,11.56,11.55,2.69,-33.13,1.03
362,363,603388,ST元成,1.81,1.12,0.02,75353.0,13464143.0,3.35,1.82,1.76,1.8,1.79,2.31,-4.52,0.53
363,364,002210,飞马国际,1.87,1.08,0.02,368803.0,68067776.21,3.78,1.88,1.81,1.86,1.85,1.39,74.56,15.74
364,365,300435,中泰股份,11.25,1.08,0.12,48770.0,53872199.66,3.95,11.27,10.83,11.18,11.13,1.32,17.58,1.35
365,366,301030,仕净科技,28.49,1.06,0.3,83712.0,236053416.66,5.18,29.0,27.54,29.0,28.19,4.92,22.19,2.95
366,367,688671,碧兴物联,18.35,1.05,0.19,9594.0,17242752.0,5.51,18.5,17.5,17.82,18.16,2.23,-119.96,1.27
367,368,300441,鲍斯股份,7.92,1.02,0.08,152953.0,117936222.6,5.48,7.92,7.49,7.76,7.84,2.44,13.54,2.74
368,369,603165,荣晟环保,11.0,1.01,0.11,20160.0,22008667.0,2.94,11.05,10.73,10.92,10.89,0.72,8.71,1.44
369,370,000581,威孚高科,18.34,0.99,0.18,78696.0,142567624.81,2.53,18.36,17.9,18.3,18.16,0.96,9.58,0.94
370,371,300174,元力股份,14.55,0.97,0.14,32788.0,47064298.0,3.68,14.59,14.06,14.5,14.41,0.9,18.01,1.63
371,372,000685,中山公用,8.58,0.94,0.08,237006.0,201906581.04,3.88,8.74,8.41,8.66,8.5,1.89,11.4,0.75
372,373,000970,中科三环,9.23,0.87,0.08,110987.0,101526570.2,2.84,9.27,9.01,9.21,9.15,0.91,-77.56,1.74
373,374,300091,金通灵,2.37,0.85,0.02,503904.0,116599579.39,6.38,2.39,2.24,2.34,2.35,3.77,-23.34,1.84
374,375,002011,盾安环境,11.0,0.82,0.09,109387.0,118608583.53,4.58,11.1,10.6,11.03,10.91,1.19,12.36,2.4
375,376,603276,恒兴新材,13.48,0.75,0.1,9666.0,12938706.0,2.62,13.53,13.18,13.5,13.38,1.92,43.97,1.61
376,377,000404,长虹华意,6.87,0.73,0.05,192823.0,130446007.68,3.96,6.9,6.63,6.83,6.82,2.78,10.54,1.24
377,378,300285,国瓷材料,18.52,0.71,0.13,133098.0,241683536.57,5.22,18.75,17.79,18.59,18.39,1.66,27.94,2.83
378,379,300796,贝斯美,11.06,0.45,0.05,62099.0,68032157.04,4.18,11.22,10.76,11.01,11.01,1.72,120.67,2.41
379,380,002549,凯美特气,6.83,0.44,0.03,161979.0,108585864.1,4.12,6.86,6.58,6.8,6.8,2.34,-42.45,2.39
380,381,002534,西子洁能,11.59,0.43,0.05,74564.0,85174750.17,4.07,11.67,11.2,11.54,11.54,1.02,12.52,2.14
381,382,300335,迪森股份,4.87,0.41,0.02,203172.0,98006135.8,4.54,4.94,4.72,4.85,4.85,5.28,31.86,1.22
382,383,000915,华特达因,30.31,0.36,0.11,76030.0,226940401.0,5.13,30.6,29.05,30.24,30.2,3.25,10.7,2.6
383,384,603320,迪贝电气,13.92,0.36,0.05,25294.0,34688076.0,3.32,13.94,13.48,13.87,13.87,1.91,24.51,2.21
384,385,001255,博菲电气,24.0,0.25,0.06,17359.0,41578457.1,4.85,24.66,23.5,24.45,23.94,8.68,1098.59,2.63
385,386,300308,中际旭创,160.0,0.23,0.36,304899.0,4769790715.62,5.54,161.2,152.35,159.0,159.64,2.73,38.03,11.09
386,387,002637,赞宇科技,9.07,0.22,0.02,18083.0,16358852.0,1.77,9.13,8.97,9.05,9.05,0.41,23.34,1.18
387,388,600167,联美控股,5.7,0.18,0.01,40399.0,22914879.0,2.46,5.74,5.6,5.71,5.69,0.18,13.66,1.19
388,389,603863,松炀资源,30.5,0.1,0.03,48899.0,148263086.0,5.45,31.37,29.71,30.5,30.47,2.39,-52.0,9.73
389,390,600582,天地科技,6.36,0.0,0.0,371847.0,234846389.0,2.67,6.42,6.25,6.41,6.36,0.9,8.59,1.13
390,391,600292,远达环保,,,,,,,,,,5.42,0.0,40.62,0.82
391,392,000711,*ST京蓝,1.7,0.0,0.0,90853.0,15319325.8,1.76,1.7,1.67,1.68,1.7,0.77,-46.06,7.17
392,393,000040,ST旭蓝,1.21,0.0,0.0,269140.0,32203628.0,2.48,1.21,1.18,1.21,1.21,2.54,-9.69,0.16
393,394,300961,深水海纳,11.12,-0.09,-0.01,277409.0,286408349.34,14.38,11.36,9.76,10.55,11.13,18.37,3263.7,1.96
394,395,300779,惠城环保,65.77,-0.27,-0.18,46700.0,306354627.39,5.78,67.46,63.65,65.95,65.95,3.15,183.4,9.86
395,396,300103,达刚控股,6.97,-0.57,-0.04,169449.0,113397810.95,6.7,6.97,6.5,6.96,7.01,7.65,-76.61,3.6
396,397,002310,*ST东园,1.34,-0.74,-0.01,742438.0,100747588.91,4.44,1.39,1.33,1.36,1.35,2.76,-1.58,-2.7
397,398,688339,亿华通-U,24.02,-0.74,-0.18,40733.0,95923529.0,5.58,24.37,23.02,24.21,24.2,2.56,-19.66,1.92
398,399,600963,岳阳林纸,5.17,-0.77,-0.04,663557.0,330573116.0,8.06,5.22,4.8,5.02,5.21,3.78,-93.89,1.09
399,400,002971,和远气体,19.73,-0.85,-0.17,23269.0,45370849.7,5.53,20.13,19.03,20.0,19.9,1.43,46.92,3.11
400,401,000027,深圳能源,6.84,-0.87,-0.06,396658.0,269620769.92,4.2,6.96,6.67,6.92,6.9,0.83,9.28,1.09
401,402,000930,中粮科技,5.89,-1.01,-0.06,556857.0,322938013.16,7.23,6.09,5.66,5.8,5.95,3.0,89.08,1.05
402,403,300784,利安科技,65.8,-1.79,-1.2,22471.0,142346445.93,7.85,66.6,61.34,64.8,67.0,15.98,60.18,4.94
403,404,000551,创元科技,12.01,-2.91,-0.36,544165.0,629303522.82,13.82,12.84,11.13,12.28,12.37,13.56,16.72,1.99
404,405,600165,*ST宁科,1.84,-3.66,-0.07,246270.0,45093885.0,4.19,1.89,1.81,1.87,1.91,3.6,-1.48,-4.27
