,序号,代码,名称,最新价,涨跌幅,涨跌额,成交量,成交额,振幅,最高,最低,今开,昨收,换手率,市盈率-动态,市净率
0,1,300621,维业股份,10.1,19.95,1.68,142221.0,136946231.64,17.34,10.1,8.64,8.7,8.42,7.25,106.12,2.36
1,2,300152,新动力,3.95,13.51,0.47,1115688.0,404972335.11,17.82,4.0,3.38,3.58,3.48,15.66,-192.95,8.91
2,3,300197,节能铁汉,2.01,12.29,0.22,2417841.0,488896364.69,13.41,2.15,1.91,1.94,1.79,8.15,-7.25,1.51
3,4,300649,杭州园林,11.89,11.12,1.19,87320.0,102628337.12,9.81,12.34,11.29,11.5,10.7,8.23,-44.29,3.06
4,5,003001,中岩大地,25.48,10.02,2.32,60004.0,148069029.31,10.32,25.48,23.09,23.65,23.16,8.2,79.91,2.79
5,6,002302,西部建设,7.26,10.0,0.66,1138113.0,808963189.08,8.03,7.26,6.73,6.86,6.6,9.02,814.09,1.0
6,7,002271,东方雨虹,14.09,9.99,1.28,1069693.0,1443643168.98,9.06,14.09,12.93,13.21,12.81,5.54,18.2,1.33
7,8,600550,保变电气,9.92,9.98,0.9,1793192.0,1733392997.0,11.2,9.92,8.91,8.96,9.02,9.74,400.87,34.55
8,9,002410,广联达,14.11,9.98,1.28,652799.0,875919539.26,10.21,14.11,12.8,13.08,12.83,4.11,60.76,3.96
9,10,000826,启迪环境,2.02,9.78,0.18,594226.0,117153215.6,5.98,2.02,1.91,1.96,1.84,4.17,-6.57,0.72
10,11,300212,易华录,27.68,8.98,2.28,481506.0,1275564216.78,10.79,27.88,25.14,25.4,25.4,6.9,-27.04,6.18
11,12,002717,岭南股份,2.03,8.56,0.16,2152671.0,420308078.31,8.56,2.05,1.89,1.89,1.87,13.99,-6.88,1.85
12,13,002049,紫光国微,67.43,8.43,5.24,373890.0,2397783197.01,10.05,68.0,61.75,62.2,62.19,4.4,38.84,4.92
13,14,300210,森远股份,10.18,8.18,0.77,201978.0,197236730.6,8.61,10.21,9.4,9.58,9.41,4.18,-69.79,11.75
14,15,000158,常山北明,19.12,8.08,1.43,3862000.0,6826108858.91,18.94,19.34,15.99,16.84,17.69,24.32,-62.73,5.45
15,16,300732,设研院,8.14,7.81,0.59,172525.0,136482221.66,7.55,8.2,7.63,7.68,7.55,5.33,-15.09,0.97
16,17,300374,中铁装配,19.42,7.59,1.37,418049.0,799098899.0,16.45,20.46,17.49,17.49,18.05,20.55,-48.86,5.57
17,18,300407,凯发电气,12.0,7.53,0.84,199133.0,235711897.23,9.86,12.5,11.4,11.52,11.16,8.15,43.47,2.18
18,19,600266,城建发展,5.75,7.48,0.4,959653.0,533369632.0,7.29,5.78,5.39,5.5,5.35,4.62,-43.34,0.6
19,20,600133,东湖高新,9.65,7.34,0.66,395469.0,366879985.0,9.12,9.78,8.96,9.09,8.99,3.71,62.43,1.23
20,21,600340,华夏幸福,1.5,7.14,0.1,1133668.0,167257720.0,4.29,1.5,1.44,1.47,1.4,2.91,-0.61,1.26
21,22,300334,津膜科技,6.47,7.12,0.43,107832.0,68571859.0,7.78,6.59,6.12,6.12,6.04,3.57,695.86,3.44
22,23,002205,国统股份,8.26,6.99,0.54,105576.0,84923047.78,8.42,8.44,7.79,7.8,7.72,5.68,-16.56,2.62
23,24,603153,上海建科,18.79,6.94,1.22,130855.0,244430383.0,4.04,19.0,18.29,18.5,17.57,9.69,49.96,2.26
24,25,300284,苏交科,9.43,6.92,0.61,702680.0,638814621.81,8.05,9.51,8.8,9.1,8.82,5.88,37.73,1.43
25,26,300446,航天智造,16.14,6.53,0.99,240563.0,374522751.8,6.47,16.14,15.16,15.27,15.15,7.72,17.63,2.82
26,27,603176,汇通集团,4.78,6.22,0.28,61498.0,28941098.0,6.44,4.82,4.53,4.59,4.5,4.1,29.1,2.08
27,28,600376,首开股份,2.79,6.08,0.16,482796.0,131682857.0,4.56,2.79,2.67,2.71,2.63,1.87,-1.85,0.45
28,29,300977,深圳瑞捷,18.91,6.06,1.08,35388.0,65089887.49,6.23,18.94,17.83,18.15,17.83,9.13,135.95,2.06
29,30,300070,碧水源,5.26,6.05,0.3,1706623.0,898459574.72,10.69,5.53,5.0,5.53,4.96,4.97,-131.21,0.7
30,31,001979,招商蛇口,11.27,6.02,0.64,1714760.0,1902933167.38,4.89,11.32,10.8,10.95,10.63,2.06,36.03,1.06
31,32,000062,深圳华强,26.36,5.95,1.48,514309.0,1287815999.12,9.57,26.4,24.02,24.48,24.88,4.92,78.08,3.86
32,33,000401,冀东水泥,5.41,5.87,0.3,197782.0,105310696.33,3.91,5.42,5.22,5.3,5.11,1.28,-8.92,0.52
33,34,600606,绿地控股,2.01,5.79,0.11,1666391.0,330691664.0,7.37,2.06,1.92,2.04,1.9,1.19,67.37,0.35
34,35,300422,博世科,4.79,5.74,0.26,125918.0,59648722.51,5.08,4.85,4.62,4.68,4.53,3.02,48.63,1.21
35,36,605303,园林股份,7.19,5.74,0.39,34406.0,24309214.0,5.0,7.24,6.9,7.0,6.8,2.13,-9.59,1.0
36,37,002573,清新环境,4.04,5.48,0.21,140474.0,55987161.0,6.27,4.13,3.89,3.94,3.83,1.0,40.27,0.91
37,38,300405,科隆股份,4.52,5.36,0.23,84630.0,37632532.48,5.59,4.58,4.34,4.34,4.29,3.87,-38.77,2.67
38,39,836208,青矩技术,22.41,5.36,1.14,5106.0,11231101.7,6.16,22.7,21.39,21.8,21.27,0.92,16.48,2.44
39,40,603081,大丰实业,9.75,5.29,0.49,61160.0,58761810.0,6.48,9.88,9.28,9.3,9.26,1.51,41.59,1.44
40,41,600533,栖霞建设,2.26,5.12,0.11,185784.0,41367054.0,3.26,2.27,2.2,2.23,2.15,1.77,-8.31,0.58
41,42,300500,启迪设计,12.14,5.11,0.59,43882.0,52008965.0,5.89,12.2,11.52,11.72,11.55,2.69,48.57,1.72
42,43,002431,棕榈股份,1.9,4.97,0.09,278229.0,52488268.13,5.52,1.94,1.84,1.88,1.81,1.56,-4.74,1.2
43,44,000786,北新建材,32.81,4.89,1.53,170198.0,546453819.71,4.8,32.87,31.37,31.61,31.28,1.04,12.52,2.29
44,45,601992,金隅集团,1.75,4.79,0.08,578486.0,99436323.0,3.59,1.75,1.69,1.69,1.67,0.69,-11.58,0.43
45,46,300371,汇中股份,9.71,4.75,0.44,43722.0,41702318.6,4.64,9.75,9.32,9.44,9.27,3.22,47.65,1.82
46,47,300021,大禹节水,3.92,4.53,0.17,152317.0,58727257.18,4.53,3.94,3.77,3.82,3.75,2.17,88.72,1.8
47,48,001965,招商公路,12.35,4.48,0.53,435155.0,529536183.56,5.58,12.51,11.85,11.99,11.82,0.64,15.55,1.33
48,49,000736,中交地产,11.13,4.41,0.47,391644.0,431774455.28,4.22,11.25,10.8,11.19,10.66,5.63,-4.23,7.76
49,50,300187,永清环保,5.2,4.21,0.21,64424.0,33229907.9,5.61,5.3,5.02,5.02,4.99,1.0,24.56,3.17
50,51,603359,东珠生态,4.21,4.21,0.17,101868.0,42620990.0,5.94,4.32,4.08,4.15,4.04,2.28,72.3,0.57
51,52,002625,光启技术,28.0,4.09,1.1,768958.0,2114288110.18,6.47,28.48,26.74,28.13,26.9,4.33,83.47,7.0
52,53,002544,普天科技,23.21,4.08,0.91,139424.0,309917029.89,7.94,23.28,21.51,22.5,22.3,2.05,200.85,4.21
53,54,300800,力合科技,10.52,4.06,0.41,23240.0,23895959.0,5.34,10.57,10.03,10.18,10.11,0.99,94.3,1.24
54,55,603050,科林电气,23.5,4.03,0.91,18355.0,42072199.0,5.27,23.5,22.31,22.65,22.59,0.67,22.56,3.93
55,56,601800,中国交建,10.92,4.0,0.42,2052280.0,2229548728.0,9.05,11.2,10.25,10.4,10.5,1.75,7.8,0.65
56,57,002596,海南瑞泽,2.35,3.98,0.09,973768.0,230017732.27,8.85,2.47,2.27,2.37,2.26,9.52,-27.94,2.86
57,58,600170,上海建工,2.36,3.96,0.09,1536349.0,357071845.0,3.08,2.36,2.29,2.32,2.27,1.73,12.69,0.69
58,59,300140,节能环境,6.31,3.95,0.24,178090.0,109947528.24,4.61,6.32,6.04,6.17,6.07,1.75,22.36,1.43
59,60,603717,天域生物,5.81,3.94,0.22,38789.0,22308765.0,4.11,5.87,5.64,5.64,5.59,1.34,135.32,2.58
60,61,002658,雪迪龙,6.3,3.79,0.23,55290.0,34407213.08,2.8,6.3,6.13,6.15,6.07,1.54,40.56,1.63
61,62,603098,森特股份,8.84,3.76,0.32,55281.0,47749303.0,4.81,8.86,8.45,8.65,8.52,1.03,41.55,1.75
62,63,002387,维信诺,7.79,3.73,0.28,409552.0,308595490.69,8.12,7.84,7.23,7.56,7.51,2.96,-4.6,1.59
63,64,002305,南国置业,1.95,3.72,0.07,819745.0,158346334.52,4.26,1.98,1.9,1.95,1.88,4.73,386.7,6.91
64,65,002135,东南网架,4.46,3.72,0.16,161223.0,71317137.98,6.51,4.58,4.3,4.32,4.3,1.5,20.13,0.81
65,66,002331,皖通科技,7.3,3.69,0.26,91898.0,65750271.49,4.55,7.32,7.0,7.09,7.04,2.32,-203.91,1.79
66,67,600803,新奥股份,20.08,3.67,0.71,121801.0,240432114.0,4.59,20.11,19.22,19.37,19.37,0.43,12.29,2.79
67,68,002713,东易日盛,3.12,3.65,0.11,102505.0,31529832.98,2.99,3.12,3.03,3.05,3.01,2.49,-1.21,-2.75
68,69,300428,立中集团,17.59,3.59,0.61,60190.0,102900222.52,5.95,17.64,16.63,17.03,16.98,1.12,14.56,1.64
69,70,600061,国投资本,7.79,3.59,0.27,757614.0,573896925.0,6.25,7.82,7.35,7.64,7.52,1.18,20.01,0.99
70,71,300579,数字认证,27.68,3.48,0.93,60878.0,162922949.0,6.73,27.78,25.98,27.26,26.75,2.32,-127.75,8.42
71,72,300941,创识科技,22.17,3.45,0.74,77033.0,163847045.02,8.17,22.25,20.5,21.75,21.43,6.35,118.78,3.61
72,73,300675,建科院,14.55,3.41,0.48,63553.0,90875418.0,5.12,14.6,13.88,14.28,14.07,4.33,-37.52,3.72
73,74,300353,东土科技,11.26,3.4,0.37,214287.0,235675510.22,5.51,11.32,10.72,10.85,10.89,4.1,-37.17,3.41
74,75,603106,恒银科技,8.59,3.37,0.28,908451.0,697394345.0,15.76,8.79,7.48,7.48,8.31,17.45,-60.99,3.64
75,76,300081,恒信东方,6.26,3.3,0.2,222942.0,135920736.97,5.61,6.27,5.93,6.11,6.06,3.69,-24.12,2.55
76,77,002494,华斯股份,3.48,3.26,0.11,61418.0,21115668.0,2.97,3.48,3.38,3.41,3.37,2.14,95.79,1.08
77,78,002282,博深股份,6.71,3.23,0.21,44669.0,29570276.0,3.85,6.73,6.48,6.65,6.5,0.89,16.08,1.02
78,79,300767,震安科技,11.0,3.19,0.34,61573.0,66053714.73,5.91,11.03,10.4,10.85,10.66,2.92,-46.54,1.83
79,80,300259,新天科技,3.26,3.16,0.1,127444.0,40880826.86,3.8,3.27,3.15,3.18,3.16,1.09,33.46,1.36
80,81,002146,荣盛发展,1.63,3.16,0.05,1209976.0,196423364.05,6.33,1.68,1.58,1.65,1.58,3.1,-11.19,0.3
81,82,000923,河钢资源,15.69,3.16,0.48,119989.0,186320944.0,3.42,15.78,15.26,15.48,15.21,1.91,10.72,1.09
82,83,600149,廊坊发展,3.99,3.1,0.12,73573.0,29148449.0,3.62,4.03,3.89,3.93,3.87,1.94,794.46,10.24
83,84,300041,回天新材,8.69,3.08,0.26,105107.0,90091118.3,3.2,8.69,8.42,8.53,8.43,1.93,17.77,1.75
84,85,002929,润建股份,29.79,3.08,0.89,50669.0,147730166.8,4.6,29.83,28.5,29.17,28.9,2.38,17.79,1.35
85,86,600997,开滦股份,7.03,3.08,0.21,96868.0,67124280.0,3.37,7.04,6.81,6.87,6.82,0.61,11.58,0.79
86,87,002350,北京科锐,5.47,3.01,0.16,59430.0,32089819.36,3.2,5.48,5.31,5.36,5.31,1.12,-125.23,1.76
87,88,002373,千方科技,9.32,2.98,0.27,230027.0,208062849.35,5.52,9.35,8.85,9.05,9.05,1.67,601.85,1.18
88,89,601766,中国中车,8.3,2.98,0.24,1474342.0,1212477360.0,3.35,8.34,8.07,8.07,8.06,0.61,28.35,1.49
89,90,300075,数字政通,17.33,2.97,0.5,190173.0,321593306.12,5.59,17.4,16.46,17.27,16.83,3.7,74.79,2.68
90,91,000881,中广核技,6.96,2.96,0.2,80279.0,55086545.84,3.55,6.98,6.74,6.76,6.76,1.02,-38.0,1.2
91,92,300608,思特奇,13.5,2.9,0.38,181906.0,235277947.62,8.54,13.5,12.38,13.2,13.12,6.61,-28.91,3.01
92,93,600480,凌云股份,8.96,2.87,0.25,132467.0,116242709.0,4.02,8.98,8.63,8.71,8.71,1.44,10.56,1.17
93,94,300823,建科智能,12.55,2.87,0.35,26957.0,33528013.24,3.44,12.62,12.2,12.38,12.2,3.54,41.93,1.75
94,95,600008,首创环保,3.23,2.87,0.09,1115131.0,357695259.0,2.87,3.25,3.16,3.2,3.14,1.52,12.94,1.23
95,96,600820,隧道股份,6.83,2.86,0.19,468999.0,316546835.0,2.56,6.83,6.66,6.72,6.64,1.49,13.67,0.74
96,97,603357,设计总院,9.01,2.85,0.25,70287.0,62570911.0,2.97,9.03,8.77,8.8,8.76,1.28,10.81,1.45
97,98,600405,动力源,3.97,2.85,0.11,72332.0,28282592.0,3.37,3.98,3.85,3.86,3.86,1.31,-10.53,4.4
98,99,000856,冀东装备,7.0,2.79,0.19,38772.0,26925456.4,2.94,7.04,6.84,6.86,6.81,1.71,44.83,3.76
99,100,000959,首钢股份,3.34,2.77,0.09,290864.0,95984753.8,2.46,3.34,3.26,3.3,3.25,0.45,32.89,0.52
100,101,300556,丝路视觉,19.51,2.74,0.52,48900.0,93424911.96,5.27,19.58,18.58,19.2,18.99,4.76,-10.91,2.9
101,102,300368,ST汇金,4.14,2.73,0.11,258467.0,103407317.06,7.44,4.16,3.86,4.03,4.03,4.89,-19.23,7.36
102,103,603903,中持股份,6.44,2.71,0.17,33139.0,21086447.0,3.03,6.45,6.26,6.38,6.27,1.64,102.32,1.0
103,104,300255,常山药业,12.51,2.71,0.33,188079.0,230573600.2,4.68,12.55,11.98,12.5,12.18,2.05,-122.57,6.51
104,105,002065,东华软件,5.72,2.69,0.15,495465.0,275471176.8,5.39,5.73,5.43,5.59,5.57,1.7,31.67,1.56
105,106,300019,硅宝科技,14.33,2.65,0.37,47290.0,66484106.0,3.87,14.33,13.79,14.1,13.96,1.37,27.7,2.3
106,107,002279,久其软件,5.84,2.64,0.15,253060.0,144475483.75,5.1,5.86,5.57,5.69,5.69,3.17,-16.86,3.57
107,108,003013,地铁设计,13.88,2.59,0.35,18493.0,25352950.0,3.1,13.92,13.5,13.68,13.53,0.46,13.69,2.31
108,109,300365,恒华科技,6.05,2.54,0.15,155457.0,91587821.0,4.92,6.05,5.76,5.9,5.9,3.21,287.41,1.83
109,110,600496,精工钢构,2.84,2.53,0.07,193338.0,54239215.0,3.25,2.85,2.76,2.8,2.77,0.96,10.47,0.67
110,111,002887,绿茵生态,6.53,2.51,0.16,32413.0,21157886.6,2.98,6.62,6.43,6.52,6.37,2.03,24.25,0.91
111,112,601000,唐山港,4.94,2.49,0.12,688928.0,339590753.0,4.15,5.02,4.82,4.83,4.82,1.16,13.26,1.47
112,113,002586,*ST围海,1.65,2.48,0.04,68573.0,11298404.0,4.35,1.69,1.62,1.63,1.61,0.76,-18.47,0.62
113,114,002743,富煌钢构,4.18,2.45,0.1,64902.0,26862037.0,2.94,4.2,4.08,4.08,4.08,1.49,24.05,0.57
114,115,603126,中材节能,5.94,2.41,0.14,102738.0,60378986.0,3.45,5.96,5.76,5.89,5.8,1.68,54.92,1.75
115,116,300137,先河环保,5.24,2.34,0.12,79889.0,41360874.69,4.1,5.29,5.08,5.24,5.12,1.51,75.29,1.56
116,117,600846,同济科技,7.95,2.32,0.18,42798.0,33735965.0,2.45,7.96,7.77,7.82,7.77,0.69,10.65,1.26
117,118,000937,冀中能源,6.42,2.23,0.14,229448.0,146291369.12,2.39,6.45,6.3,6.36,6.28,0.79,11.33,1.09
118,119,300807,天迈科技,35.71,2.2,0.77,47374.0,161048719.28,8.56,35.71,32.72,33.31,34.94,9.66,-36.37,4.75
119,120,600629,华建集团,5.17,2.17,0.11,153283.0,78549713.0,2.96,5.2,5.05,5.17,5.06,1.62,13.39,1.0
120,121,002909,集泰股份,4.73,2.16,0.1,48394.0,22622660.81,3.02,4.74,4.6,4.62,4.63,1.24,165.87,1.96
121,122,002392,北京利尔,3.82,2.14,0.08,151904.0,57168627.0,4.01,3.83,3.68,3.75,3.74,1.82,10.68,0.85
122,123,300491,通合科技,15.82,2.13,0.33,36079.0,56363566.0,4.0,15.83,15.21,15.6,15.49,2.33,68.45,2.41
123,124,600135,乐凯胶片,6.24,2.13,0.13,94125.0,58266834.0,2.78,6.27,6.1,6.1,6.11,1.7,-54.22,1.4
124,125,000605,渤海股份,5.43,2.07,0.11,78351.0,42453224.6,3.2,5.5,5.33,5.42,5.32,2.36,58.61,0.9
125,126,603969,银龙股份,5.02,2.03,0.1,78166.0,38724486.0,3.86,5.03,4.84,4.95,4.92,0.93,21.37,1.83
126,127,300662,科锐国际,19.99,1.99,0.39,70674.0,138196155.36,6.07,20.06,18.87,19.4,19.6,3.6,22.85,2.1
127,128,000600,建投能源,5.15,1.98,0.1,218811.0,111653694.39,2.97,5.18,5.03,5.08,5.05,2.01,13.97,0.92
128,129,600906,财达证券,7.32,1.95,0.14,541078.0,385574333.0,5.57,7.35,6.95,7.28,7.18,2.55,49.36,2.07
129,130,600477,杭萧钢构,2.62,1.95,0.05,222799.0,57688784.0,3.5,2.63,2.54,2.59,2.57,0.94,19.41,1.18
130,131,000599,青岛双星,4.22,1.93,0.08,114588.0,48167843.1,2.42,4.25,4.15,4.2,4.14,1.4,-30.18,1.65
131,132,603019,中科曙光,51.99,1.92,0.98,734147.0,3684156393.0,6.37,52.0,48.75,51.26,51.01,5.03,67.54,4.0
132,133,002616,长青集团,4.25,1.92,0.08,46770.0,19728114.0,2.64,4.26,4.15,4.24,4.17,0.99,19.11,1.16
133,134,600482,中国动力,23.97,1.91,0.45,251114.0,606924042.0,4.55,24.6,23.53,23.98,23.52,1.13,55.94,1.41
134,135,000012,南  玻Ａ,5.43,1.88,0.1,188177.0,101021076.96,3.0,5.44,5.28,5.37,5.33,0.96,11.37,1.19
135,136,000709,河钢股份,2.18,1.87,0.04,772286.0,167487528.93,2.34,2.19,2.14,2.16,2.14,0.75,27.27,0.44
136,137,002809,红墙股份,7.65,1.86,0.14,18489.0,14034492.9,2.4,7.69,7.51,7.51,7.51,1.34,28.87,1.01
137,138,002580,圣阳股份,7.44,1.78,0.13,63644.0,46873189.0,2.6,7.45,7.26,7.32,7.31,1.41,14.68,1.61
138,139,002230,科大讯飞,43.62,1.65,0.71,371453.0,1593457814.68,3.54,43.66,42.14,42.91,42.91,1.7,-125.84,6.05
139,140,002342,巨力索具,3.3,1.54,0.05,84598.0,27726312.4,2.46,3.31,3.23,3.26,3.25,0.89,401.82,1.28
140,141,002158,汉钟精机,19.28,1.47,0.28,45002.0,85426910.35,3.58,19.3,18.62,19.18,19.0,0.84,11.44,2.7
141,142,600717,天津港,4.88,1.46,0.07,212892.0,103236686.0,2.49,4.91,4.79,4.86,4.81,0.74,11.46,0.74
142,143,600812,华北制药,5.34,1.33,0.07,90734.0,47870256.0,3.23,5.36,5.19,5.27,5.27,0.53,63.64,1.72
143,144,002108,沧州明珠,3.4,1.19,0.04,162081.0,54494455.67,2.98,3.41,3.31,3.37,3.36,0.98,32.09,1.12
144,145,603616,韩建河山,3.57,1.13,0.04,197620.0,70240885.0,6.52,3.68,3.45,3.6,3.53,5.18,-20.49,3.52
145,146,605081,太和水,11.68,1.13,0.13,30483.0,35345978.0,2.94,11.79,11.45,11.56,11.55,2.69,-33.13,1.03
146,147,601633,长城汽车,29.21,1.07,0.31,165183.0,477209446.0,2.63,29.28,28.52,28.95,28.9,0.27,17.62,3.39
147,148,000039,中集集团,8.6,1.06,0.09,240659.0,205763111.84,2.7,8.68,8.45,8.51,8.51,1.05,26.78,1.01
148,149,000615,ST美谷,2.02,1.0,0.02,260577.0,51512944.04,6.0,2.04,1.92,1.96,2.0,3.42,-13.65,11.35
149,150,003004,声迅股份,25.04,0.76,0.19,25611.0,62820882.07,4.63,25.09,23.94,24.6,24.85,3.68,-41.53,2.99
150,151,300335,迪森股份,4.88,0.62,0.03,203018.0,97931131.8,4.54,4.94,4.72,4.85,4.85,5.28,31.93,1.23
151,152,600089,特变电工,13.59,0.44,0.06,314982.0,427070952.0,2.0,13.69,13.42,13.45,13.53,0.62,11.31,1.1
152,153,002652,扬子新材,2.81,0.36,0.01,144602.0,40429731.0,4.29,2.86,2.74,2.83,2.8,2.83,45.28,5.23
153,154,601686,友发集团,5.66,0.35,0.02,19208.0,10838087.0,2.13,5.71,5.59,5.7,5.64,0.13,36.75,1.31
154,155,300844,山水比德,31.7,0.28,0.09,25343.0,79364431.66,6.96,32.3,30.1,31.75,31.61,11.26,84.04,2.73
155,156,000958,电投产融,,,,,,,,,,4.09,0.0,20.77,1.13
156,157,000889,ST中嘉,1.91,0.0,0.0,146623.0,27797131.72,3.14,1.93,1.87,1.9,1.91,1.69,-61.69,14.75
157,158,000711,*ST京蓝,1.7,0.0,0.0,90853.0,15319325.8,1.76,1.7,1.67,1.68,1.7,0.77,-46.06,7.17
158,159,000040,ST旭蓝,1.21,0.0,0.0,269140.0,32203628.0,2.48,1.21,1.18,1.21,1.21,2.54,-9.69,0.16
159,160,603378,亚士创能,7.14,-0.7,-0.05,144165.0,101804331.0,6.54,7.29,6.82,7.29,7.19,3.36,-79.97,1.83
160,161,300117,*ST嘉寓,1.4,-0.71,-0.01,215769.0,30176228.06,4.26,1.43,1.37,1.39,1.41,3.01,-3.03,-0.61
161,162,002310,*ST东园,1.34,-0.74,-0.01,742438.0,100747588.91,4.44,1.39,1.33,1.36,1.35,2.76,-1.58,-2.7
162,163,600963,岳阳林纸,5.17,-0.77,-0.04,663556.0,330572599.0,8.06,5.22,4.8,5.02,5.21,3.78,-93.89,1.09
163,164,002883,中设股份,10.19,-0.78,-0.08,91976.0,92570799.08,6.52,10.44,9.77,10.27,10.27,6.75,42.25,2.32
164,165,000778,新兴铸管,4.04,-1.22,-0.05,776480.0,311616011.94,4.16,4.1,3.93,4.1,4.09,1.99,18.84,0.63
165,166,603138,海量数据,14.76,-1.86,-0.28,128843.0,185820887.0,5.05,14.82,14.06,14.4,15.04,4.55,-90.09,5.21
