,序号,代码,名称,最新价,涨跌幅,涨跌额,成交量,成交额,振幅,最高,最低,今开,昨收,换手率,市盈率-动态,市净率
0,1,300337,银邦股份,17.11,19.99,2.85,1395688,2182236011.75,20.13,17.11,14.24,14.44,14.26,19.62,84.59,8.26
1,2,300810,中科海讯,21.96,17.5,3.27,158795,346540561.05,18.35,22.43,19.0,19.0,18.69,13.93,-22.46,3.3
2,3,300922,天秦装备,16.18,13.38,1.91,151149,240190854.78,11.42,16.33,14.7,14.7,14.27,13.13,79.71,2.93
3,4,300008,天海防务,5.03,8.17,0.38,1493804,746846540.18,9.68,5.25,4.8,4.83,4.65,9.07,71.56,4.33
4,5,300589,江龙船艇,13.22,6.27,0.78,148759,194837557.91,4.74,13.34,12.75,12.75,12.44,6.42,120.78,6.0
5,6,873570,坤博精工,27.27,5.94,1.53,9030,23822333.9,6.72,27.39,25.66,25.69,25.74,6.46,46.66,3.62
6,7,831689,克莱特,12.59,5.89,0.7,6757,8148331.71,10.01,12.79,11.6,11.6,11.89,1.94,15.21,2.09
7,8,300930,屹通新材,23.44,5.63,1.25,25316,57773769.0,5.23,23.44,22.28,22.45,22.19,5.37,41.74,2.73
8,9,002829,星网宇达,19.68,5.18,0.97,114956,220430913.68,5.93,19.72,18.61,18.88,18.71,8.03,-124.65,2.14
9,10,603131,上海沪工,15.32,5.0,0.73,148727,224195718.0,5.14,15.32,14.57,14.79,14.59,4.68,62.09,3.96
10,11,688187,时代电气,54.05,4.63,2.39,47121,247328024.0,6.68,54.25,50.8,52.25,51.66,1.69,25.32,1.93
11,12,000547,航天发展,7.61,4.39,0.32,311335,233126795.19,4.25,7.64,7.33,7.43,7.29,1.96,-16.73,1.87
12,13,300402,宝色股份,14.63,4.28,0.6,36246,52041037.0,4.49,14.68,14.05,14.13,14.03,1.49,46.76,2.49
13,14,300800,力合科技,10.52,4.06,0.41,23441,24107216.0,5.34,10.57,10.03,10.18,10.11,1.0,94.3,1.24
14,15,601800,中国交建,10.92,4.0,0.42,2053728,2231128534.0,9.05,11.2,10.25,10.4,10.5,1.75,7.8,0.65
15,16,601890,亚星锚链,7.79,3.18,0.24,207040,159719898.0,3.05,7.81,7.58,7.69,7.55,2.16,26.94,2.15
16,17,600522,中天科技,15.13,2.79,0.41,403198,602828671.0,3.06,15.17,14.72,14.86,14.72,1.18,17.69,1.52
17,18,000880,潍柴重机,9.94,2.69,0.26,50438,49481333.4,3.72,9.99,9.63,9.65,9.68,3.11,17.49,1.62
18,19,601798,蓝科高新,5.75,2.5,0.14,53212,30184485.0,3.21,5.77,5.59,5.6,5.61,1.5,-105.21,1.55
19,20,603028,赛福天,6.32,2.43,0.15,32698,20450935.0,2.92,6.34,6.16,6.23,6.17,1.14,-72.57,2.58
20,21,600072,中船科技,14.0,2.34,0.32,287078,399865017.0,4.17,14.18,13.61,13.83,13.68,2.65,-129.05,1.95
21,22,000066,中国长城,9.82,2.29,0.22,455316,436927304.46,4.79,9.85,9.39,9.6,9.6,1.45,-37.58,2.59
22,23,300850,新强联,18.28,2.24,0.4,87214,156590106.73,4.25,18.32,17.56,18.23,17.88,3.55,-32.54,1.37
23,24,600685,中船防务,26.21,2.18,0.56,129081,337643224.0,3.31,26.55,25.7,26.05,25.65,1.57,126.15,2.02
24,25,601869,长飞光纤,26.37,2.13,0.55,22611,58605214.0,3.68,26.4,25.45,26.22,25.82,0.56,26.45,1.76
25,26,600482,中国动力,23.96,1.87,0.44,251133,606969591.0,4.55,24.6,23.53,23.98,23.52,1.13,55.92,1.41
26,27,601126,四方股份,19.66,1.81,0.35,84839,164443874.0,3.99,19.78,19.01,19.5,19.31,1.04,19.34,3.89
27,28,600320,振华重工,4.02,1.77,0.07,288578,115201435.0,2.28,4.03,3.94,4.0,3.95,0.87,34.55,1.39
28,29,000852,石化机械,5.97,1.7,0.1,72975,43016268.39,2.9,5.98,5.81,5.9,5.87,0.78,43.45,1.86
29,30,300217,东方电热,4.86,1.67,0.08,278815,133237114.2,3.97,4.86,4.67,4.8,4.78,2.27,16.88,1.8
30,31,600487,亨通光电,17.31,1.52,0.26,324593,557646254.0,3.23,17.44,16.89,17.04,17.05,1.32,13.27,1.56
31,32,002483,润邦股份,4.87,1.46,0.07,95513,46074120.0,3.13,4.89,4.74,4.81,4.8,1.08,12.43,1.06
32,33,000039,中集集团,8.62,1.29,0.11,241721,206677826.84,2.7,8.68,8.45,8.51,8.51,1.05,26.84,1.01
33,34,600871,石化油服,2.05,0.99,0.02,673353,136792129.0,1.97,2.05,2.01,2.04,2.03,0.5,43.06,4.46
34,35,002445,中南文化,2.08,0.97,0.02,339621,69715798.24,3.4,2.09,2.02,2.06,2.06,1.43,254.67,2.3
35,36,601989,中国重工,5.39,0.75,0.04,1507274,812614851.0,3.36,5.49,5.31,5.41,5.35,0.66,115.42,1.47
36,37,603606,东方电缆,51.99,0.48,0.25,60866,314310535.0,2.65,52.48,51.11,52.1,51.74,0.89,27.76,5.39
37,38,002490,ST墨龙,2.13,0.47,0.01,73670,15697746.0,3.3,2.17,2.1,2.1,2.12,1.36,4.99,2.86
38,39,601808,中海油服,15.86,0.44,0.07,61718,97549097.0,2.85,16.05,15.6,15.75,15.79,0.21,23.76,1.79
39,40,603167,渤海轮渡,8.16,0.37,0.03,56261,45753763.0,3.57,8.28,7.99,8.21,8.13,1.2,18.29,1.04
40,41,600583,海油工程,5.66,0.35,0.02,242032,136211697.0,2.13,5.68,5.56,5.63,5.64,0.55,10.46,0.99
41,42,600150,中国船舶,40.55,0.17,0.07,589982,2402662390.0,3.83,41.58,40.03,40.69,40.48,1.32,64.2,3.72
42,43,002353,杰瑞股份,33.3,-3.17,-1.09,106656,355617034.89,4.59,34.4,32.82,34.39,34.39,1.54,15.66,1.74
