,序号,代码,名称,最新价,涨跌幅,涨跌额,成交量,成交额,振幅,最高,最低,今开,昨收,换手率,市盈率-动态,市净率
0,1,300735,光弘科技,33.67,19.99,5.61,1069354,3332747738.33,21.99,33.67,27.5,28.2,28.06,14.12,130.66,5.44
1,2,300256,星星科技,3.56,17.88,0.54,2237428,737393928.66,19.54,3.59,3.0,3.06,3.02,13.61,-51.9,5.63
2,3,832876,慧为智能,18.87,16.27,2.64,60862,104251921.75,27.42,19.6,15.15,16.51,16.23,15.92,165.98,4.75
3,4,300709,精研科技,49.76,15.56,6.7,374398,1730886123.57,21.74,50.86,41.5,42.53,43.06,25.15,78.19,4.41
4,5,688260,昀冢科技,17.77,13.26,2.08,63480,107215966.0,15.17,18.1,15.72,16.01,15.69,5.29,-38.7,6.78
5,6,002947,恒铭达,35.63,10.0,3.24,151087,515922452.13,11.52,35.63,31.9,31.98,32.39,9.35,27.86,3.19
6,7,600203,福日电子,7.92,10.0,0.72,676362,525880115.0,10.0,7.92,7.2,7.21,7.2,11.41,-25.11,2.41
7,8,002600,领益智造,7.95,9.96,0.72,4448663,3378020096.09,13.55,7.95,6.97,7.05,7.23,6.45,40.24,2.99
8,9,300602,飞荣达,18.62,9.66,1.64,291706,520385351.98,11.48,18.83,16.88,17.3,16.98,7.45,95.49,2.87
9,10,301578,辰奕智能,55.2,9.52,4.8,33485,177618146.52,9.4,55.45,50.71,51.1,50.4,21.46,72.98,3.78
10,11,300857,协创数据,78.2,9.07,6.5,169605,1286414800.44,11.8,80.85,72.39,72.68,71.7,6.94,26.8,6.79
11,12,301182,凯旺科技,26.51,8.43,2.06,69436,178488671.1,11.21,26.85,24.11,24.54,24.45,19.3,-58.24,2.87
12,13,002655,共达电声,11.87,8.2,0.9,198206,228545098.56,10.21,12.03,10.91,11.01,10.97,5.51,60.74,6.71
13,14,300679,电连技术,45.5,7.54,3.19,150751,663390515.59,12.64,46.25,40.9,41.52,42.31,4.21,31.35,4.15
14,15,300968,格林精密,10.96,7.45,0.76,164211,174553272.3,8.92,11.04,10.13,10.21,10.2,3.97,90.66,2.43
15,16,603626,科森科技,8.12,7.27,0.55,526141,413004737.0,8.45,8.23,7.59,7.7,7.57,9.48,-14.02,1.75
16,17,002843,泰嘉股份,16.17,7.09,1.07,229424,357910780.24,12.91,16.37,14.42,14.94,15.1,9.18,37.56,2.94
17,18,300686,智动力,9.42,7.05,0.62,157394,143743566.4,7.39,9.46,8.81,8.91,8.8,7.92,-20.9,2.21
18,19,300956,英力股份,17.93,7.04,1.18,138072,240018979.82,7.52,17.98,16.72,16.86,16.75,15.42,315.51,2.32
19,20,300976,达瑞电子,59.3,6.89,3.82,22702,129452992.13,8.69,59.39,54.57,55.39,55.48,5.9,26.83,1.73
20,21,300847,中船汉光,19.23,6.77,1.22,275665,526836519.34,11.49,19.99,17.92,17.92,18.01,9.31,46.56,4.22
21,22,002855,捷荣技术,20.92,6.52,1.28,110969,226349339.18,8.55,21.06,19.38,19.63,19.64,4.51,-20.34,6.6
22,23,603327,福蓉科技,12.86,6.46,0.78,154412,194044104.0,8.69,13.06,12.01,12.08,12.08,2.07,45.89,5.26
23,24,300684,中石科技,18.81,6.45,1.14,141491,258522763.8,9.45,19.06,17.39,18.0,17.67,7.05,44.93,3.01
24,25,872190,雷神科技,16.6,6.41,1.0,46787,75706654.59,10.83,17.0,15.31,15.71,15.6,4.74,98.03,1.98
25,26,833346,威贸电子,13.93,6.34,0.83,18404,25144202.23,9.69,14.22,12.95,13.28,13.1,6.78,25.33,2.63
26,27,300322,硕贝德,12.76,6.24,0.75,452279,556738677.57,8.74,12.8,11.75,11.92,12.01,10.16,958.07,5.74
27,28,301318,维海德,29.95,6.02,1.7,36661,107208148.15,8.14,30.26,27.96,28.49,28.25,6.27,38.25,2.3
28,29,301326,捷邦科技,37.72,5.96,2.12,26102,96178793.12,6.99,38.06,35.57,36.44,35.6,9.71,-240.88,2.1
29,30,603629,利通电子,17.13,5.68,0.92,91559,152708725.0,7.09,17.25,16.1,16.25,16.21,3.59,53.08,2.67
30,31,603890,春秋电子,11.03,5.65,0.59,207859,222223601.0,8.72,11.11,10.2,10.32,10.44,4.73,90.41,1.85
31,32,301067,显盈科技,24.31,5.6,1.29,36690,87830416.8,6.73,24.65,23.1,23.4,23.02,6.55,-397.13,2.84
32,33,300843,胜蓝股份,29.06,5.52,1.52,82240,235248223.99,6.1,29.23,27.55,27.55,27.54,5.75,41.63,3.7
33,34,300433,蓝思科技,21.18,5.48,1.1,563351,1167952419.66,8.52,21.63,19.92,20.08,20.08,1.14,61.27,2.31
34,35,831167,鑫汇科,14.94,5.36,0.76,16248,23852977.65,10.72,15.57,14.05,14.12,14.18,6.46,35.02,2.88
35,36,301086,鸿富瀚,42.48,5.25,2.12,14966,62123457.0,6.47,42.67,40.06,41.32,40.36,4.61,40.02,2.03
36,37,301387,光大同创,31.98,5.16,1.57,25078,78000532.3,6.87,32.15,30.06,30.42,30.41,9.43,-1906.08,2.12
37,38,301123,奕东电子,19.1,5.0,0.91,50093,93693673.68,7.15,19.34,18.04,18.32,18.19,6.56,94.7,1.51
38,39,002369,卓翼科技,5.59,4.88,0.26,415952,226882076.0,7.13,5.65,5.27,5.33,5.33,7.35,-18.32,5.3
39,40,300032,金龙机电,4.2,4.74,0.19,276990,113940344.6,6.23,4.23,3.98,4.09,4.01,3.45,-44.83,4.53
40,41,300136,信维通信,23.11,4.57,1.01,402864,911879941.07,7.42,23.41,21.77,22.3,22.1,4.89,55.15,3.14
41,42,301180,万祥科技,15.76,4.37,0.66,61528,93785141.19,8.21,15.91,14.67,14.87,15.1,10.63,224.66,4.73
42,43,300131,英唐智控,6.76,4.32,0.28,655883,434358268.69,5.86,6.82,6.44,6.5,6.48,6.28,107.44,4.46
43,44,301503,智迪科技,31.53,4.16,1.26,13985,43143174.0,5.62,31.69,29.99,30.45,30.27,4.31,29.38,2.54
44,45,300115,长盈精密,14.4,4.05,0.56,494411,698550674.51,6.43,14.55,13.66,13.83,13.84,4.12,22.46,2.57
45,46,300647,超频三,6.49,4.01,0.25,308421,195252160.86,5.93,6.5,6.13,6.24,6.24,6.75,-82.69,3.06
46,47,300916,朗特智能,26.1,3.98,1.0,32566,83083670.58,6.45,26.2,24.58,25.1,25.1,3.53,22.73,2.98
47,48,002577,雷柏科技,14.62,3.84,0.54,70512,101088845.0,5.54,14.68,13.9,14.13,14.08,2.49,96.55,3.54
48,49,002475,立讯精密,43.8,3.79,1.6,739245,3204246229.62,5.21,44.05,41.85,41.85,42.2,1.03,29.33,5.37
49,50,300279,和晶科技,6.2,3.68,0.22,278680,169247608.85,6.86,6.26,5.85,6.0,5.98,6.08,47.88,3.19
50,51,301486,致尚科技,39.87,3.67,1.41,24791,97347819.8,5.04,40.1,38.16,38.94,38.46,3.44,64.05,2.07
51,52,300822,贝仕达克,11.56,3.58,0.4,47988,54493204.87,5.73,11.65,11.01,11.25,11.16,1.66,47.74,2.87
52,53,301606,绿联科技,34.14,3.58,1.18,43198,144222377.49,7.58,34.5,32.0,33.0,32.96,13.84,34.23,5.4
53,54,603595,东尼电子,17.84,3.48,0.6,41941,72917075.0,7.19,17.98,16.74,17.24,17.24,1.8,-31.15,2.79
54,55,300787,海能实业,12.92,3.44,0.43,41573,52854829.6,5.84,13.05,12.32,12.58,12.49,2.57,51.17,2.36
55,56,002881,美格智能,23.4,3.4,0.77,51534,118554720.87,6.98,23.64,22.06,22.56,22.63,2.85,91.48,4.18
56,57,300866,安克创新,84.31,3.36,2.74,51340,425196171.22,5.17,84.75,80.53,82.92,81.57,1.73,25.69,5.42
57,58,002681,奋达科技,4.29,3.13,0.13,659897,278842562.48,6.01,4.34,4.09,4.17,4.16,4.46,44.95,3.24
58,59,002993,奥海科技,27.95,3.1,0.84,54874,150465851.5,7.08,28.33,26.41,27.11,27.11,2.31,16.54,1.59
59,60,601231,环旭电子,15.35,3.02,0.45,167526,252425149.0,5.1,15.44,14.68,14.91,14.9,0.76,21.64,2.05
60,61,001314,亿道信息,39.96,3.02,1.17,42676,167332891.7,5.03,40.03,38.08,38.5,38.79,8.24,485.5,2.78
61,62,301489,思泉新材,68.97,2.99,2.0,15938,107869379.26,7.03,70.0,65.29,65.5,66.97,11.05,86.84,3.96
62,63,603296,华勤技术,56.41,2.94,1.61,83942,466771895.0,6.33,57.37,53.9,54.78,54.8,3.45,22.19,2.72
63,64,000021,深科技,16.15,2.93,0.46,529449,839865998.88,5.48,16.28,15.42,15.73,15.69,3.39,34.97,2.28
64,65,300812,易天股份,21.54,2.87,0.6,43252,91869030.21,4.87,21.69,20.67,21.25,20.94,4.81,-44.93,3.55
65,66,002045,国光电器,12.59,2.86,0.35,183552,227713976.0,4.98,12.68,12.07,12.17,12.24,3.23,34.11,1.77
66,67,300543,朗科智能,9.07,2.83,0.25,73808,66048049.36,5.33,9.13,8.66,8.97,8.82,3.49,35.86,2.4
67,68,603341,龙旗科技,39.76,2.74,1.06,39769,156183729.0,4.78,40.07,38.22,38.89,38.7,8.29,27.3,3.42
68,69,002402,和而泰,10.94,2.72,0.29,216018,232055434.47,5.92,11.04,10.41,10.66,10.65,2.7,25.57,2.23
69,70,300951,博硕科技,29.77,2.58,0.75,30126,88066191.12,5.86,30.02,28.32,29.18,29.02,1.99,26.02,2.28
70,71,605277,新亚电子,12.7,2.5,0.31,67719,85423977.0,4.6,12.85,12.28,12.4,12.39,2.16,27.38,2.89
71,72,688678,福立旺,10.52,2.43,0.25,34595,35768399.0,5.26,10.57,10.03,10.24,10.27,1.42,27.92,1.69
72,73,301135,瑞德智能,21.76,2.4,0.51,16327,35142919.84,3.86,21.82,21.0,21.7,21.25,3.3,76.7,1.81
73,74,301567,贝隆精密,49.21,2.37,1.14,16141,78555861.05,5.16,49.71,47.23,47.57,48.07,8.97,100.27,4.9
74,75,002925,盈趣科技,13.1,2.34,0.3,65358,84083037.8,5.08,13.16,12.51,12.86,12.8,0.89,37.53,2.2
75,76,002351,漫步者,12.21,2.18,0.26,474981,562546596.34,9.04,12.4,11.32,11.32,11.95,9.12,24.67,4.24
76,77,002660,茂硕电源,8.06,2.15,0.17,68549,54934676.15,3.04,8.13,7.89,7.91,7.89,2.67,43.48,2.28
77,78,002241,歌尔股份,22.59,2.08,0.46,745142,1669107403.46,3.75,22.81,21.98,22.15,22.13,2.48,31.51,2.48
78,79,002055,得润电子,6.69,1.98,0.13,348172,227668381.51,6.86,6.78,6.33,6.46,6.56,5.89,-21.35,1.6
79,80,002782,可立克,11.74,1.91,0.22,82953,95781191.18,5.73,11.87,11.21,11.52,11.52,1.69,28.04,3.1
80,81,600745,闻泰科技,31.59,1.9,0.59,288957,894968553.0,6.55,31.94,29.91,30.84,31.0,2.33,139.8,1.1
81,82,002841,视源股份,36.97,1.9,0.69,42088,153824662.43,3.17,37.08,35.93,36.41,36.28,0.81,25.99,2.08
82,83,002861,瀛通通讯,12.77,1.83,0.23,88834,111862265.18,5.18,12.87,12.22,12.4,12.54,7.34,-50.73,2.29
83,84,688007,光峰科技,15.55,1.57,0.24,84748,129455846.0,6.47,15.74,14.75,15.37,15.31,1.82,331.49,2.63
84,85,601138,工业富联,24.97,1.55,0.38,1249257,3074314016.0,4.68,25.11,23.96,24.54,24.59,0.63,28.38,3.58
85,86,001308,康冠科技,20.95,1.45,0.3,24715,51473311.32,4.36,21.2,20.3,20.72,20.65,3.22,17.59,2.06
86,87,688036,传音控股,102.35,1.19,1.2,88754,897091819.0,5.4,103.56,98.1,102.0,101.15,0.79,20.26,6.18
87,88,603380,易德龙,22.58,1.16,0.26,21839,48971326.0,3.81,22.77,21.92,22.34,22.32,1.36,20.73,2.58
88,89,002139,拓邦股份,10.9,1.02,0.11,279272,301094410.11,4.91,11.01,10.48,10.8,10.79,2.61,17.48,2.12
89,90,600130,波导股份,4.18,0.97,0.04,425952,177684524.0,4.35,4.23,4.05,4.22,4.14,5.68,263.38,3.13
90,91,003028,振邦智能,33.32,0.36,0.12,6609,21960844.0,2.92,33.6,32.63,33.2,33.2,1.22,20.6,2.27
91,92,688683,莱尔科技,18.92,0.11,0.02,6854,12832302.0,5.87,19.29,18.18,19.29,18.9,0.44,83.59,2.9
92,93,600898,*ST美讯,1.68,0.0,0.0,29297,4872942.0,5.95,1.7,1.6,1.6,1.68,1.16,-10.76,-4.54
93,94,002888,惠威科技,19.42,-0.05,-0.01,273614,508316072.44,18.01,20.99,17.49,19.0,19.43,35.58,-555.84,7.64
94,95,002937,兴瑞科技,17.95,-0.28,-0.05,76856,137618440.0,3.78,18.18,17.5,18.01,18.0,2.59,18.1,3.73
95,96,002866,传艺科技,15.11,-0.53,-0.08,85482,128314360.99,5.4,15.43,14.61,15.3,15.19,4.72,66.58,2.07
96,97,002981,朝阳科技,21.32,-1.11,-0.24,48349,101683796.33,5.43,21.6,20.43,20.81,21.56,4.06,34.34,3.18
97,98,002885,京泉华,12.98,-1.89,-0.25,136633,173895608.84,4.91,13.05,12.4,12.93,13.23,5.88,47.63,2.48
98,99,002635,安洁科技,15.95,-3.39,-0.56,382524,595813351.43,6.72,16.18,15.07,15.57,16.51,9.67,30.09,1.84
99,100,300793,佳禾智能,15.87,-3.47,-0.57,404185,617054856.34,10.46,16.15,14.43,15.2,16.44,12.25,66.14,2.21
