,序号,代码,名称,最新价,涨跌幅,涨跌额,成交量,成交额,振幅,最高,最低,今开,昨收,换手率,市盈率-动态,市净率
0,1,830799,艾融软件,35.54,29.99,8.2,259125,781934422.58,37.09,35.54,25.4,29.0,27.34,21.47,178.89,20.35
1,2,837592,华信永道,57.66,23.5,10.97,87152,426878730.25,34.5,58.35,42.24,45.99,46.69,22.83,-71.67,10.17
2,3,300311,任子行,5.87,20.04,0.98,799977,421165567.42,22.49,5.87,4.77,4.85,4.89,14.89,-20.38,6.42
3,4,300339,润和软件,60.46,20.01,10.08,2439597,12943027932.81,32.67,60.46,44.0,51.3,50.38,31.37,284.03,14.15
4,5,300588,熙菱信息,15.12,20.0,2.52,277028,386996037.17,19.76,15.12,12.63,12.85,12.6,20.72,-68.53,8.03
5,6,688232,新点软件,37.69,19.99,6.28,79682,275437641.0,20.28,37.69,31.32,32.5,31.41,8.04,-262.78,2.32
6,7,301236,软通动力,69.5,19.48,11.33,1268537,7866845025.55,25.89,69.68,54.62,58.0,58.17,18.65,-214.57,6.46
7,8,300663,科蓝软件,26.7,18.88,4.24,1756644,4195442963.02,21.68,26.9,22.03,23.88,22.46,42.34,-1819.68,12.06
8,9,300085,银之杰,37.24,16.38,5.24,1620158,5530066173.09,24.13,37.8,30.08,30.98,32.0,25.52,-263.01,42.49
9,10,300810,中科海讯,21.67,15.94,2.98,170407,371837048.56,18.35,22.43,19.0,19.0,18.69,14.95,-22.17,3.25
10,11,872953,国子软件,29.58,15.86,4.05,93741,251703093.9,28.32,30.33,23.1,25.13,25.53,36.13,116.22,5.12
11,12,688631,莱斯信息,89.3,14.74,11.47,65952,547570678.0,17.41,89.58,76.03,77.8,77.83,10.77,-1338.79,8.14
12,13,300047,天源迪科,17.62,13.68,2.12,1852158,2882954029.76,27.94,18.38,14.05,15.5,15.5,33.69,183.58,3.37
13,14,300598,诚迈科技,66.62,13.45,7.9,386652,2352786018.38,21.12,67.2,54.8,57.5,58.72,17.82,-130.12,9.74
14,15,300525,博思软件,16.79,13.45,1.99,417717,666392808.02,12.7,16.93,15.05,15.05,14.8,6.88,-166.02,5.44
15,16,688038,中科通达,13.0,13.24,1.52,64003,77935058.0,15.77,13.11,11.3,11.45,11.48,5.5,108.05,2.42
16,17,300036,超图软件,19.4,12.92,2.22,424246,782371006.01,17.17,19.88,16.93,17.25,17.18,9.7,140.99,3.32
17,18,430090,同辉信息,6.75,12.31,0.74,352026,215829425.92,23.63,6.93,5.51,6.01,6.01,20.53,-70.54,8.03
18,19,300468,四方精创,23.0,11.38,2.35,2197190,5094436731.28,18.89,24.78,20.88,24.78,20.65,41.55,165.82,7.57
19,20,300380,安硕信息,40.26,11.06,4.01,228732,855840976.06,26.1,41.99,32.53,35.02,36.25,17.96,662.85,15.05
20,21,832171,志晟信息,11.56,11.05,1.15,73049,80066983.54,19.4,11.96,9.94,10.41,10.41,10.86,-35.84,4.22
21,22,300386,飞天诚信,16.81,10.88,1.65,426429,665338224.66,19.26,17.38,14.46,15.56,15.16,17.18,-218.31,4.59
22,23,300925,法本信息,28.9,10.52,2.75,856148,2291898300.96,25.09,29.66,23.1,26.0,26.15,25.9,83.76,5.99
23,24,300377,赢时胜,12.8,10.06,1.17,1271260,1540920994.54,16.34,13.0,11.1,11.55,11.63,19.78,-88.77,3.29
24,25,000503,国新健康,10.67,10.0,0.97,555872,574674314.66,8.25,10.67,9.87,10.06,9.7,5.82,-71.73,7.77
25,26,000004,国华网安,18.26,10.0,1.66,411943,723863483.53,13.49,18.26,16.02,17.12,16.6,32.62,-63.6,13.69
26,27,002410,广联达,14.11,9.98,1.28,689143,927200641.06,10.21,14.11,12.8,13.08,12.83,4.34,60.76,3.96
27,28,002261,拓维信息,20.87,9.96,1.89,2480507,4805840398.78,16.86,20.88,17.68,18.6,18.98,22.0,3929.73,10.19
28,29,688225,亚信安全,16.35,9.88,1.47,28372,44010369.0,10.42,16.35,14.8,15.1,14.88,1.49,-17.02,3.36
29,30,600225,卓朗科技,3.23,9.86,0.29,1552843,488349874.0,7.82,3.23,3.0,3.0,2.94,4.56,-46.64,6.0
30,31,834415,恒拓开源,8.09,9.77,0.72,89076,70061841.49,13.7,8.38,7.37,7.48,7.37,6.63,68.83,2.19
31,32,300542,新晨科技,20.23,9.41,1.74,475862,927051780.97,11.03,20.44,18.4,19.7,18.49,19.31,-210.99,9.51
32,33,300552,万集科技,36.2,8.84,2.94,179234,623898805.2,13.53,37.0,32.5,32.51,33.26,13.84,-25.77,3.57
33,34,600602,云赛智联,14.7,8.81,1.19,589223,827344561.0,11.18,14.83,13.32,13.69,13.51,5.48,88.96,4.31
34,35,688435,英方软件,34.8,8.75,2.8,45413,151445799.0,15.28,35.88,30.99,32.0,32.0,9.84,-68.09,2.59
35,36,835207,众诚科技,10.95,8.63,0.87,52605,55913408.97,17.46,11.46,9.7,9.99,10.08,9.44,-25.22,3.3
36,37,839790,联迪信息,13.1,8.35,1.01,43951,54415068.39,14.72,13.28,11.5,11.96,12.09,8.09,1660.59,3.24
37,38,300333,兆日科技,11.27,8.05,0.84,570753,597071144.51,14.96,11.44,9.88,10.62,10.43,17.05,-940.09,5.99
38,39,301339,通行宝,22.12,8.01,1.64,117384,248925326.0,10.06,22.16,20.1,20.48,20.48,9.78,41.15,3.44
39,40,300369,绿盟科技,8.53,7.97,0.63,435981,353421837.95,9.75,8.53,7.76,7.96,7.9,5.46,-13.39,2.72
40,41,301213,观想科技,38.8,7.93,2.85,38059,146471625.2,7.68,39.56,36.8,37.2,35.95,13.07,514.08,3.9
41,42,301153,中科江南,34.35,7.88,2.51,137858,455402785.96,12.37,34.6,30.66,31.86,31.84,6.7,182.04,7.13
42,43,003029,吉大正元,22.95,7.7,1.64,180354,397130463.0,11.17,22.98,20.6,21.8,21.31,10.55,-71.24,3.53
43,44,835184,国源科技,10.63,7.59,0.75,72642,72652212.91,17.51,10.98,9.25,9.62,9.88,8.34,78.33,2.36
44,45,300561,汇金科技,19.4,7.42,1.34,333708,635746047.91,9.91,19.99,18.2,18.76,18.06,18.5,-965.32,10.14
45,46,430564,天润科技,13.28,7.36,0.91,31681,41443137.35,10.75,13.7,12.37,12.37,12.37,9.38,-52.96,3.22
46,47,300730,科创信息,14.0,7.2,0.94,206326,278770474.32,8.96,14.18,13.01,13.39,13.06,10.49,-42.16,10.11
47,48,300348,长亮科技,14.86,6.91,0.96,1024487,1445225435.09,13.17,15.0,13.17,14.52,13.9,16.37,3256.09,5.99
48,49,002253,川大智胜,11.85,6.85,0.76,136824,158495296.86,6.4,11.94,11.23,11.23,11.09,6.59,-78.23,2.25
49,50,301337,亚华电子,37.8,6.78,2.4,68388,247690133.76,13.19,38.87,34.2,35.0,35.4,17.61,-155.08,3.5
50,51,839680,广道数字,17.17,6.78,1.09,43550,72423686.04,14.05,17.77,15.51,16.4,16.08,9.29,-403.79,1.74
51,52,688579,山大地纬,10.0,6.38,0.6,85957,83016608.0,9.26,10.1,9.23,9.43,9.4,2.15,95.9,2.93
52,53,688507,索辰科技,58.48,6.33,3.48,14978,84015126.0,9.62,58.62,53.33,54.5,55.0,3.29,-39.22,1.89
53,54,301302,华如科技,18.03,6.12,1.04,61067,108237855.09,5.77,18.16,17.18,17.22,16.99,7.25,-21.39,1.37
54,55,688168,安博通,33.53,6.11,1.93,19135,62198705.0,11.42,34.3,30.69,32.0,31.6,2.5,-20.92,2.19
55,56,300366,创意信息,10.31,6.07,0.59,358624,358192474.59,8.33,10.39,9.58,9.82,9.72,6.76,-27.02,3.45
56,57,301117,佳缘科技,32.45,6.01,1.84,49019,155199729.0,6.8,32.58,30.5,31.0,30.61,10.7,192.39,2.28
57,58,837092,汉鑫科技,25.46,5.95,1.43,16918,41699778.26,11.15,25.78,23.1,23.55,24.03,5.3,162.67,4.11
58,59,688590,新致软件,14.62,5.87,0.81,120196,169667658.0,9.27,14.78,13.5,14.31,13.81,4.61,89.7,2.82
59,60,688152,麒麟信安,57.14,5.85,3.16,26838,150161196.0,10.19,58.0,52.5,52.8,53.98,8.85,-154.66,3.7
60,61,002178,延华智能,4.77,5.76,0.26,600955,281198130.51,10.42,4.88,4.41,4.5,4.51,8.44,-136.88,7.76
61,62,300768,迪普科技,16.36,5.75,0.89,94050,148773683.02,8.92,16.55,15.17,15.48,15.47,2.24,101.17,3.3
62,63,300624,万兴科技,58.5,5.75,3.18,165187,939074139.2,11.68,60.01,53.55,55.4,55.32,9.65,230.91,8.41
63,64,837748,路桥信息,18.97,5.74,1.03,19197,35257859.94,10.59,19.4,17.5,17.5,17.94,3.08,-136.77,4.97
64,65,300659,中孚信息,15.86,5.73,0.86,119328,184228254.75,7.0,16.0,14.95,15.0,15.0,6.27,-15.85,3.07
65,66,600570,恒生电子,24.72,5.73,1.34,1142155,2710809427.0,12.96,25.52,22.49,23.52,23.38,6.03,783.25,6.0
66,67,300454,深信服,65.4,5.4,3.35,97132,618451462.75,9.65,66.63,60.64,62.13,62.05,3.52,-23.19,3.4
67,68,688083,中望软件,96.3,5.36,4.9,30432,282381517.0,11.04,97.99,87.9,90.0,91.4,2.51,977.33,4.49
68,69,300074,华平股份,3.95,5.33,0.2,208262,80585825.32,5.87,3.97,3.75,3.75,3.75,3.91,-16.36,2.09
69,70,300253,卫宁健康,7.24,5.23,0.36,614729,433747160.24,9.45,7.38,6.73,6.9,6.88,3.3,259.26,2.76
70,71,688058,宝兰德,24.9,5.06,1.2,22516,54053492.0,10.76,25.43,22.88,23.7,23.7,2.9,-29.39,2.51
71,72,300608,思特奇,13.78,5.03,0.66,258403,339016270.72,11.2,13.85,12.38,13.2,13.12,9.39,-29.51,3.08
72,73,301378,通达海,29.7,5.02,1.42,38750,111124999.81,8.77,30.08,27.6,29.06,28.28,8.83,-39.17,2.09
73,74,873806,云星宇,10.5,5.0,0.5,122977,125745570.6,9.9,10.69,9.7,10.08,10.0,12.99,48.8,2.23
74,75,688588,凌志软件,10.35,4.97,0.49,115923,117019265.0,9.13,10.55,9.65,9.96,9.86,2.9,203.77,3.6
75,76,300469,信息发展,20.99,4.95,0.99,246192,497595129.86,11.45,21.05,18.76,19.92,20.0,9.92,-67.72,9.67
76,77,835508,殷图网联,16.79,4.94,0.79,13334,22208952.22,6.94,17.2,16.09,16.52,16.0,5.12,-110.53,4.29
77,78,301172,君逸数码,29.71,4.83,1.37,34350,99428363.55,7.41,29.9,27.8,28.6,28.34,4.89,85.07,2.56
78,79,300302,同有科技,14.83,4.81,0.68,255547,370072696.22,6.15,14.94,14.07,14.22,14.15,6.93,78.71,5.17
79,80,300520,科大国创,18.2,4.78,0.83,142888,254098026.24,6.62,18.33,17.18,17.55,17.37,5.15,-134.58,2.85
80,81,688118,普元信息,17.14,4.77,0.78,32479,53724958.0,8.5,17.24,15.85,16.94,16.36,3.46,-13.3,2.03
81,82,002212,天融信,5.72,4.76,0.26,433340,241933274.76,5.31,5.74,5.45,5.5,5.46,3.71,-16.39,0.73
82,83,002421,达实智能,2.87,4.74,0.13,544550,152708977.0,5.84,2.89,2.73,2.77,2.74,2.72,326.89,1.8
83,84,430425,乐创技术,12.46,4.71,0.56,19597,23805695.99,7.98,12.65,11.7,11.98,11.9,4.77,39.16,2.7
84,85,831832,科达自控,14.34,4.67,0.64,22885,32322303.14,6.93,14.5,13.55,13.57,13.7,3.72,38.13,1.65
85,86,300352,北信源,5.64,4.64,0.25,885170,477086893.04,9.46,5.65,5.14,5.45,5.39,7.24,-62.28,5.53
86,87,688651,盛邦安全,30.6,4.62,1.35,8154,24600036.0,6.19,30.88,29.07,29.8,29.25,2.59,-61.72,2.39
87,88,839493,并行科技,44.9,4.61,1.98,12352,54065557.91,10.9,45.9,41.22,42.71,42.92,4.75,309.0,7.56
88,89,688095,福昕软件,65.84,4.57,2.88,30042,192209104.0,7.58,66.27,61.5,62.0,62.96,3.28,48.18,2.34
89,90,688296,和达科技,10.84,4.43,0.46,16505,17535884.0,6.55,10.97,10.29,10.55,10.38,1.54,-128.17,1.69
90,91,300550,和仁科技,12.86,4.38,0.54,37044,46707111.93,6.57,12.97,12.16,12.52,12.32,1.41,-117.79,3.19
91,92,688692,达梦数据,312.07,4.37,13.07,8575,261611755.0,7.36,316.0,294.0,301.5,299.0,6.0,114.93,7.68
92,93,688695,中创股份,32.6,4.35,1.36,17079,54311511.0,7.62,32.77,30.39,31.66,31.24,8.92,699.58,3.58
93,94,301159,三维天地,36.58,4.31,1.51,32023,114123834.16,7.39,36.89,34.3,35.0,35.07,10.26,-20.53,3.63
94,95,300996,普联软件,19.71,4.29,0.81,74212,142531204.24,6.83,19.82,18.53,18.92,18.9,4.4,149.05,3.38
95,96,301162,国能日新,40.25,4.27,1.65,24663,97225836.3,6.04,40.45,38.12,38.61,38.6,4.01,58.08,3.65
96,97,300845,捷安高科,13.44,4.27,0.55,53978,71321367.73,5.35,13.57,12.88,12.88,12.89,5.27,97.47,2.49
97,98,300830,金现代,7.39,4.23,0.3,129020,93112121.0,7.48,7.51,6.98,7.1,7.09,4.1,-62.39,2.73
98,99,603528,多伦科技,7.17,4.22,0.29,191864,134810101.0,5.81,7.21,6.81,6.89,6.88,2.72,127.35,2.56
99,100,300235,方直科技,9.9,4.21,0.4,91034,87931973.26,6.21,9.93,9.34,9.62,9.5,4.48,126.93,3.58
100,101,300249,依米康,8.43,4.2,0.34,173615,143696529.73,5.44,8.49,8.05,8.13,8.09,4.65,278.99,8.95
101,102,603189,网达软件,17.03,4.16,0.68,202248,331397622.0,8.93,17.2,15.74,16.35,16.35,7.5,382.15,3.05
102,103,300098,高新兴,5.02,4.15,0.2,1147828,562607947.37,6.43,5.04,4.73,4.85,4.82,7.45,-967.45,3.05
103,104,300229,拓尔思,16.38,4.13,0.65,364098,579986286.69,8.26,16.55,15.25,15.77,15.73,4.58,108.9,3.84
104,105,300935,盈建科,20.88,4.09,0.82,21877,44874794.92,5.28,20.99,19.93,20.05,20.06,3.63,-33.81,1.92
105,106,000948,南天信息,20.39,4.08,0.8,458812,890174847.98,13.12,20.88,18.31,19.6,19.59,11.89,158.27,3.07
106,107,603039,泛微网络,36.33,4.07,1.42,25943,91409118.0,7.16,36.66,34.16,34.9,34.91,1.0,99.77,4.71
107,108,688343,云天励飞-U,29.24,4.06,1.14,70759,201751685.0,7.12,29.5,27.5,28.01,28.1,2.74,-16.76,2.53
108,109,300188,国投智能,14.57,4.0,0.56,230095,326605342.5,5.92,14.62,13.79,14.08,14.01,2.94,-49.07,3.29
109,110,300451,创业慧康,4.98,3.97,0.19,894670,435624614.93,7.93,5.04,4.66,4.82,4.79,5.86,140.9,1.67
110,111,603232,格尔软件,12.32,3.97,0.47,101294,121939039.0,5.74,12.34,11.66,11.9,11.85,4.38,-28.84,2.17
111,112,300559,佳发教育,9.62,3.89,0.36,115313,108013253.0,6.26,9.66,9.08,9.2,9.26,3.71,44.95,3.18
112,113,688206,概伦电子,18.53,3.87,0.69,52521,94656870.0,9.53,18.94,17.24,17.73,17.84,2.97,-98.31,4.0
113,114,300605,恒锋信息,12.55,3.8,0.46,69599,85527625.08,6.95,12.74,11.9,12.26,12.09,6.12,-49.65,3.88
114,115,301248,杰创智能,15.09,3.78,0.55,59153,87331450.55,5.78,15.14,14.3,14.8,14.54,5.8,-35.05,1.52
115,116,688109,品茗科技,28.38,3.69,1.01,13710,38541290.0,5.3,28.62,27.17,27.39,27.37,1.74,132.57,2.93
116,117,300378,鼎捷数智,22.65,3.66,0.8,147846,325701069.95,6.73,22.77,21.3,21.86,21.85,5.48,72.42,2.97
117,118,300579,数字认证,27.72,3.63,0.97,77890,209926203.0,7.25,27.92,25.98,27.26,26.75,2.97,-127.94,8.43
118,119,002322,理工能科,14.79,3.57,0.51,109074,158704551.0,4.83,14.84,14.15,14.24,14.28,2.99,19.67,1.97
119,120,835670,数字人,12.52,3.56,0.43,38510,47358641.06,9.26,12.88,11.76,12.2,12.09,5.81,-109.06,5.55
120,121,688327,云从科技-UW,11.39,3.55,0.39,280212,311659287.0,7.91,11.5,10.63,11.19,11.0,3.73,-16.57,8.62
121,122,301195,北路智控,32.46,3.51,1.1,20192,64240532.34,5.99,32.64,30.76,31.57,31.36,4.11,25.67,1.89
122,123,301315,威士顿,44.99,3.5,1.52,43297,189729495.43,7.02,45.36,42.31,43.8,43.47,11.7,94.93,3.96
123,124,300773,拉卡拉,21.19,3.47,0.71,981413,2045668213.54,11.91,21.99,19.55,21.78,20.48,13.36,20.21,4.92
124,125,835305,云创数据,14.45,3.44,0.48,48755,68346669.57,12.53,15.0,13.25,13.9,13.97,6.01,-56.74,2.42
125,126,688561,奇安信-U,31.27,3.37,1.02,67368,206660773.0,7.57,31.9,29.61,31.09,30.25,0.98,-13.06,2.29
126,127,300379,东方通,16.92,3.36,0.55,860919,1377046839.02,13.32,17.16,14.98,16.68,16.37,16.35,-28.41,2.68
127,128,301330,熵基科技,25.95,3.35,0.84,31740,80787960.6,5.18,25.99,24.69,25.5,25.11,4.23,32.12,1.58
128,129,002987,京北方,16.74,3.33,0.54,960848,1626218168.2,9.94,17.78,16.17,17.0,16.2,16.0,43.12,3.98
129,130,688171,纬德信息,15.48,3.27,0.49,13679,20983123.0,4.94,15.64,14.9,15.14,14.99,2.66,235.97,1.56
130,131,688227,品高股份,14.31,3.25,0.45,17380,24364489.0,5.48,14.37,13.61,13.87,13.86,2.75,-32.28,1.18
131,132,688244,永信至诚,31.33,3.23,0.98,5723,17365033.0,8.76,31.8,29.14,30.3,30.35,1.19,-86.72,3.21
132,133,688369,致远互联,19.78,3.18,0.61,48320,92456581.0,9.13,20.0,18.25,19.36,19.17,4.2,-16.64,1.83
133,134,002153,石基信息,7.15,3.17,0.22,257407,180627894.73,5.77,7.24,6.84,6.95,6.93,1.61,394.65,2.66
134,135,688111,金山办公,254.06,3.16,7.79,73578,1817009515.0,9.25,258.8,236.01,246.25,246.27,1.59,81.44,11.29
135,136,300344,立方数科,4.28,3.13,0.13,193071,81313423.12,4.82,4.3,4.1,4.18,4.15,3.02,-40.48,7.88
136,137,600476,湘邮科技,14.88,3.12,0.45,58988,86131521.0,5.68,14.92,14.1,14.46,14.43,3.66,-244.15,18.96
137,138,003007,直真科技,26.8,3.12,0.81,27276,71923875.7,4.96,26.92,25.63,26.47,25.99,3.69,-60.13,3.33
138,139,300803,指南针,78.66,3.09,2.36,412406,3115935018.17,13.66,81.6,71.18,74.0,76.3,10.2,-328.58,17.39
139,140,688023,安恒信息,48.26,3.08,1.44,63329,295249390.0,8.76,48.68,44.58,46.67,46.82,6.2,-8.95,2.09
140,141,300465,高伟达,12.87,3.04,0.38,647581,798208494.94,11.93,13.0,11.51,12.74,12.49,14.49,333.42,8.75
141,142,301269,华大九天,90.82,3.04,2.68,36680,327496175.22,5.67,92.0,87.0,88.14,88.14,1.4,651.02,10.19
142,143,300789,唐源电气,14.76,3.0,0.43,29337,42681585.67,5.02,14.88,14.16,14.35,14.33,2.97,22.86,2.1
143,144,002268,电科网安,16.66,2.97,0.48,200642,327944865.54,5.62,16.8,15.89,16.2,16.18,2.38,-32.71,2.67
144,145,301185,鸥玛软件,18.35,2.92,0.52,68348,122260686.14,6.67,18.45,17.26,17.95,17.83,7.39,40.37,2.71
145,146,301316,慧博云通,18.72,2.91,0.53,154091,280334932.9,7.92,18.95,17.51,17.97,18.19,6.35,143.41,7.33
146,147,002362,汉王科技,18.08,2.84,0.5,86728,154255500.0,5.06,18.17,17.28,17.6,17.58,4.19,-43.5,3.67
147,148,300033,同花顺,187.39,2.84,5.17,258420,4679633896.8,10.01,190.22,171.98,184.0,182.22,9.45,138.8,15.48
148,149,301178,天亿马,31.43,2.81,0.86,125399,364259541.5,22.02,32.95,26.22,26.22,30.57,28.76,-90.09,2.63
149,150,300075,数字政通,17.29,2.73,0.46,239497,406558943.52,5.59,17.4,16.46,17.27,16.83,4.66,74.62,2.68
150,151,300365,恒华科技,6.06,2.71,0.16,206238,122191002.0,5.08,6.06,5.76,5.9,5.9,4.26,287.89,1.83
151,152,601519,大智慧,7.96,2.71,0.21,947151,729294718.0,8.0,8.04,7.42,7.8,7.75,4.73,-57.89,10.35
152,153,688657,浩辰软件,37.06,2.69,0.97,8794,32343908.0,6.59,37.88,35.5,36.09,36.09,2.18,55.12,1.75
153,154,600654,中安科,2.38,2.59,0.06,352758,83540560.0,3.88,2.41,2.32,2.36,2.32,1.55,136.37,4.18
154,155,002528,ST英飞拓,2.38,2.59,0.06,181374,42793799.71,3.02,2.39,2.32,2.32,2.32,1.73,-20.51,6.74
155,156,301197,工大科雅,14.02,2.56,0.35,22758,31552324.0,4.46,14.12,13.51,13.72,13.67,2.78,-188.93,1.29
156,157,301179,泽宇智能,17.74,2.48,0.43,30459,53390491.25,4.74,17.9,17.08,17.57,17.31,3.61,28.46,2.61
157,158,600728,佳都科技,4.57,2.47,0.11,352902,157933914.0,5.38,4.6,4.36,4.49,4.46,1.65,-25.51,1.31
158,159,002279,久其软件,5.83,2.46,0.14,327975,188011158.92,5.1,5.86,5.57,5.69,5.69,4.11,-16.83,3.57
159,160,300556,丝路视觉,19.45,2.42,0.46,60937,116794233.96,5.27,19.58,18.58,19.2,18.99,5.93,-10.87,2.89
160,161,688777,中控技术,49.16,2.4,1.15,163501,790007348.0,6.77,49.93,46.68,48.39,48.01,2.1,37.61,3.96
161,162,688201,信安世纪,10.29,2.39,0.24,191518,188864946.0,9.95,10.39,9.39,10.08,10.05,6.33,-48.75,2.49
162,163,688207,格灵深瞳,13.36,2.38,0.31,53501,70468305.0,5.36,13.46,12.76,13.15,13.05,2.99,-22.2,1.57
163,164,688615,合合信息,222.02,2.31,5.01,33241,743588572.0,7.27,232.66,216.88,220.0,217.01,17.68,50.29,8.92
164,165,002065,东华软件,5.69,2.15,0.12,622922,347955239.7,5.39,5.73,5.43,5.59,5.57,2.14,31.51,1.55
165,166,688078,龙软科技,26.76,2.14,0.56,15164,39831115.0,5.76,26.95,25.44,26.28,26.2,2.08,27.46,2.63
166,167,688060,云涌科技,34.57,1.98,0.67,4225,14456961.0,4.84,35.0,33.36,33.9,33.9,0.7,181.44,2.18
167,168,603927,中科软,21.25,1.97,0.41,257804,537874208.0,5.23,21.41,20.32,20.88,20.84,3.1,46.72,5.65
168,169,002908,德生科技,9.01,1.92,0.17,171642,150096087.74,7.58,9.12,8.45,8.8,8.84,5.56,139.2,3.41
169,170,301313,凡拓数创,21.93,1.91,0.41,33924,73134689.58,5.3,22.08,20.94,21.47,21.52,5.09,-16.4,2.46
170,171,603508,思维列控,21.55,1.89,0.4,44589,95302697.0,3.45,21.69,20.96,21.15,21.15,1.17,21.62,1.84
171,172,688030,山石网科,14.05,1.89,0.26,10052,13943561.0,4.86,14.14,13.47,13.89,13.79,0.56,-15.82,2.63
172,173,002298,中电兴发,4.43,1.84,0.08,230944,101309481.98,3.91,4.47,4.3,4.33,4.35,3.53,-4.92,1.0
173,174,601360,三六零,8.34,1.83,0.15,873427,716889130.0,4.4,8.39,8.03,8.18,8.19,1.22,-87.31,1.93
174,175,002439,启明星辰,16.43,1.8,0.29,303073,488868449.07,5.64,16.55,15.64,16.17,16.14,4.19,-54.92,1.74
175,176,688291,金橙子,18.25,1.78,0.32,7672,13816255.0,5.3,18.49,17.54,18.08,17.93,2.37,55.66,2.03
176,177,688318,财富趋势,147.8,1.73,2.51,73803,1064304715.0,9.69,152.08,138.0,143.5,145.29,4.03,134.67,7.93
177,178,002405,四维图新,9.08,1.57,0.14,1117859,991496033.45,6.15,9.15,8.6,8.87,8.94,4.78,-30.3,2.23
178,179,600588,用友网络,11.22,1.45,0.16,464800,512435766.0,5.61,11.32,10.7,11.07,11.06,1.36,-24.14,4.11
179,180,002063,远光软件,5.64,1.44,0.08,441880,244865939.81,5.22,5.69,5.4,5.57,5.56,2.51,95.16,3.08
180,181,603383,顶点软件,36.64,1.36,0.49,157219,553206768.0,11.95,37.82,33.5,35.41,36.15,7.71,77.15,5.55
181,182,600536,中国软件,40.48,1.17,0.47,424539,1687510211.0,5.75,40.85,38.55,40.03,40.01,5.04,-63.11,15.45
182,183,002230,科大讯飞,43.39,1.12,0.48,460612,1980088221.4,3.54,43.66,42.14,42.91,42.91,2.11,-125.17,6.02
183,184,603990,麦迪科技,10.19,0.59,0.06,93609,93695438.0,4.94,10.25,9.75,9.96,10.13,3.06,-20.44,3.06
184,185,603859,能科科技,18.44,0.55,0.1,75986,138212787.0,5.02,18.63,17.71,18.31,18.34,3.11,24.22,1.62
185,186,688570,天玛智控,18.93,0.37,0.07,19462,36769090.0,4.67,19.36,18.48,18.87,18.86,1.63,20.21,1.95
186,187,301208,中亦科技,42.09,0.33,0.14,114165,457869042.7,11.51,42.63,37.8,42.14,41.95,26.32,63.8,3.41
187,188,688031,星环科技-U,39.51,-0.18,-0.07,38945,150507909.0,6.49,39.7,37.13,39.7,39.58,4.21,-12.49,3.79
188,189,900926,宝信Ｂ,1.61,-0.31,-0.005,25779,4113106.0,3.9,1.629,1.566,1.615,1.615,0.36,12.43,3.16
189,190,301221,光庭信息,48.79,-0.63,-0.31,78369,365290271.27,12.0,49.97,44.08,45.34,49.1,17.95,-168.71,2.28
190,191,688188,柏楚电子,209.49,-1.18,-2.51,11360,236406295.0,6.13,216.0,203.0,216.0,212.0,0.55,43.81,8.34
191,192,603138,海量数据,14.85,-1.26,-0.19,162618,235721294.0,6.25,15.0,14.06,14.4,15.04,5.74,-90.64,5.24
192,193,301218,华是科技,24.42,-1.29,-0.32,84053,199580177.87,9.01,24.98,22.75,23.55,24.74,14.74,-128.3,3.03
