,序号,代码,名称,最新价,涨跌幅,涨跌额,成交量,成交额,振幅,最高,最低,今开,昨收,换手率,市盈率-动态,市净率
0,1,600340,华夏幸福,3.04,10.14,0.28,115939.0,35245572.0,0.0,3.04,3.04,3.04,2.76,0.3,-3.98,2.04
1,2,000668,荣丰控股,9.45,7.26,0.64,17106.0,15623592.0,7.83,9.5,8.81,8.81,8.81,1.16,-30.32,1.3
2,3,600162,香江控股,2.0,5.26,0.1,319819.0,61519692.0,8.95,2.02,1.85,1.86,1.9,0.98,71.85,1.11
3,4,000656,*ST金科,1.47,5.0,0.07,37339.0,5488833.0,0.0,1.47,1.47,1.47,1.4,0.07,-1.1,-4.17
4,5,000514,渝 开 发,5.74,4.55,0.25,130667.0,72438582.25,6.74,5.75,5.38,5.38,5.49,1.55,-79.74,1.31
5,6,600895,张江高科,31.81,4.3,1.31,317303.0,1011136356.0,8.89,32.88,30.17,30.17,30.5,2.05,72.3,3.92
6,7,000609,*ST中迪,2.42,3.86,0.09,29574.0,7073460.0,2.58,2.43,2.37,2.37,2.33,1.02,-5.1,2.55
7,8,600322,津投城开,2.55,3.66,0.09,208807.0,52011042.0,6.5,2.56,2.4,2.44,2.46,1.89,-9.84,166.58
8,9,600064,南京高科,8.06,3.6,0.28,68399.0,54472211.0,3.08,8.08,7.84,7.92,7.78,0.4,5.69,0.73
9,10,000014,沙河股份,12.2,3.57,0.42,15542.0,18681859.74,3.06,12.2,11.84,11.95,11.78,0.64,47.24,1.79
10,11,600657,信达地产,5.68,3.27,0.18,127997.0,71096075.0,4.91,5.68,5.41,5.5,5.5,0.45,-140.08,0.66
11,12,600724,宁波富达,5.37,3.27,0.17,53003.0,28338974.0,3.08,5.4,5.24,5.3,5.2,0.37,36.38,2.74
12,13,600159,大龙地产,2.82,2.92,0.08,61260.0,17144417.0,4.74,2.86,2.73,2.73,2.74,0.74,-114.58,1.22
13,14,600622,光大嘉宝,5.68,2.71,0.15,399640.0,216138333.0,8.86,5.7,5.21,5.39,5.53,2.66,-25.24,1.79
14,15,000736,中交地产,11.36,2.71,0.3,77144.0,86124661.06,4.34,11.38,10.9,10.95,11.06,1.11,-4.15,16.31
15,16,600716,凤凰股份,3.48,2.65,0.09,18972.0,6547965.0,2.65,3.48,3.39,3.4,3.39,0.2,-85.33,0.61
16,17,600649,城投控股,5.08,2.42,0.12,54772.0,27504633.0,3.02,5.08,4.93,4.95,4.96,0.22,-44.58,0.63
17,18,002305,南国置业,2.15,2.38,0.05,118879.0,25176978.0,4.29,2.16,2.07,2.09,2.1,0.69,-11.92,14.89
18,19,002146,荣盛发展,1.83,2.23,0.04,297680.0,53706062.76,5.03,1.85,1.76,1.77,1.79,0.76,-4.19,0.36
19,20,000886,海南高速,5.98,2.22,0.13,62239.0,36650380.6,3.42,5.98,5.78,5.8,5.85,0.64,110.91,1.94
20,21,000036,华联控股,4.66,2.19,0.1,28447.0,13145297.1,2.41,4.67,4.56,4.57,4.56,0.19,138.46,1.36
21,22,000863,三湘印象,3.85,2.12,0.08,65218.0,24967024.0,2.12,3.86,3.78,3.78,3.77,0.56,52.23,1.0
22,23,000838,财信发展,2.89,2.12,0.06,23708.0,6789778.96,2.47,2.89,2.82,2.83,2.83,0.22,-395.29,4.71
23,24,600208,衢州发展,2.9,2.11,0.06,177423.0,51054064.0,3.52,2.92,2.82,2.83,2.84,0.21,9.33,0.56
24,25,600376,首开股份,2.92,2.1,0.06,43850.0,12654465.0,3.15,2.92,2.83,2.84,2.86,0.17,-1.32,0.55
25,26,600683,京投发展,4.45,2.06,0.09,18512.0,8190817.0,2.29,4.45,4.35,4.37,4.36,0.25,-2.93,4.54
26,27,600748,上实发展,3.61,1.98,0.07,20759.0,7431510.0,3.11,3.63,3.52,3.53,3.54,0.11,-17.9,0.68
27,28,600641,万业企业,16.63,1.96,0.32,57249.0,92756950.0,4.48,16.63,15.9,15.91,16.31,0.62,-366.43,1.86
28,29,002133,广宇集团,2.62,1.95,0.05,25197.0,6550307.61,1.95,2.62,2.57,2.57,2.57,0.33,-10.0,0.54
29,30,002314,南山控股,2.63,1.94,0.05,20978.0,5480790.0,1.94,2.64,2.59,2.6,2.58,0.16,-15.33,0.72
30,31,600266,城建发展,6.42,1.9,0.12,52828.0,33673794.0,2.54,6.44,6.28,6.28,6.3,0.25,18.33,0.65
31,32,600665,天地源,3.33,1.83,0.06,21885.0,7246557.0,1.53,3.33,3.28,3.28,3.27,0.25,21.5,0.72
32,33,600791,京能置业,4.66,1.75,0.08,13272.0,6124774.0,3.06,4.67,4.53,4.58,4.58,0.29,-15.51,3.08
33,34,600692,亚通股份,6.49,1.72,0.11,9626.0,6218101.0,1.41,6.49,6.4,6.45,6.38,0.38,381.27,2.45
34,35,200056,皇庭B,1.19,1.71,0.02,168.0,19501.0,2.56,1.19,1.16,1.16,1.17,0.01,-3.72,1.77
35,36,600708,光明地产,3.04,1.67,0.05,77268.0,23324888.0,2.34,3.05,2.98,3.0,2.99,0.35,-13.52,0.65
36,37,000517,荣安地产,2.45,1.66,0.04,31197.0,7619742.0,2.07,2.46,2.41,2.41,2.41,0.13,18.39,0.99
37,38,000620,新华联,1.85,1.65,0.03,82276.0,15094541.0,3.3,1.86,1.8,1.81,1.82,0.2,97.57,1.97
38,39,900902,市北B股,0.186,1.64,0.003,741.0,13665.0,2.19,0.186,0.182,0.183,0.183,0.02,-18.74,0.39
39,40,000042,中洲控股,5.15,1.58,0.08,12059.0,6182570.5,2.96,5.16,5.01,5.07,5.07,0.18,-4.95,0.66
40,41,000926,福星股份,2.59,1.57,0.04,73594.0,18929191.0,2.75,2.6,2.53,2.54,2.55,0.47,186.07,0.34
41,42,601512,中新集团,7.78,1.57,0.12,8089.0,6267291.0,1.57,7.79,7.67,7.67,7.66,0.05,13.01,0.81
42,43,000031,大悦城,3.27,1.55,0.05,20005.0,6512704.0,2.48,3.28,3.2,3.21,3.22,0.05,-17.92,1.07
43,44,000965,天保基建,3.36,1.51,0.05,37075.0,12393705.79,2.11,3.37,3.3,3.31,3.31,0.33,3142.11,0.69
44,45,600082,海泰发展,2.8,1.45,0.04,13422.0,3729668.0,1.81,2.8,2.75,2.76,2.76,0.21,-28.02,1.05
45,46,000402,金 融 街,3.51,1.45,0.05,49804.0,17261741.49,3.18,3.51,3.4,3.44,3.46,0.17,-3.01,0.31
46,47,000573,粤宏远Ａ,2.86,1.42,0.04,18160.0,5169169.14,2.48,2.88,2.81,2.82,2.82,0.29,-35.32,1.15
47,48,000631,顺发恒业,2.92,1.39,0.04,27926.0,8101066.8,3.13,2.94,2.85,2.88,2.88,0.12,105.31,1.23
48,49,000718,苏宁环球,2.37,1.28,0.03,33623.0,7911014.7,2.56,2.38,2.32,2.33,2.34,0.15,15.24,0.74
49,50,600510,黑牡丹,4.85,1.25,0.06,10692.0,5163680.0,1.67,4.85,4.77,4.77,4.79,0.1,47.3,0.49
50,51,600533,栖霞建设,2.49,1.22,0.03,22563.0,5582719.0,2.44,2.5,2.44,2.46,2.46,0.21,-11.27,0.64
51,52,600383,金地集团,5.97,1.19,0.07,159733.0,95000987.0,2.88,6.01,5.84,5.84,5.9,0.35,-5.93,0.44
52,53,600773,西藏城投,13.74,1.1,0.15,15175.0,20712717.0,1.69,13.77,13.54,13.57,13.59,0.16,-65.78,2.8
53,54,000069,华侨城Ａ,2.92,1.04,0.03,84769.0,24617158.0,2.42,2.93,2.86,2.88,2.89,0.12,-7.49,0.41
54,55,600246,万通发展,13.92,1.02,0.14,413704.0,561565279.0,7.47,14.09,13.06,13.77,13.78,2.08,-178.82,5.02
55,56,000797,中国武夷,3.06,0.99,0.03,55324.0,16863845.06,2.64,3.08,3.0,3.01,3.03,0.35,77.27,0.92
56,57,600675,中华企业,3.12,0.97,0.03,24919.0,7742502.0,1.94,3.13,3.07,3.08,3.09,0.04,-26.84,1.33
57,58,600606,绿地控股,2.14,0.94,0.02,124233.0,26425873.0,2.36,2.15,2.1,2.11,2.12,0.09,95.34,0.37
58,59,600463,空港股份,13.22,0.92,0.12,8440.0,11139465.0,2.52,13.33,13.0,13.03,13.1,0.28,-49.23,3.86
59,60,600173,卧龙地产,4.44,0.91,0.04,21826.0,9648291.0,2.5,4.46,4.35,4.4,4.4,0.31,21.58,0.81
60,61,600185,格力地产,6.97,0.87,0.06,19182.0,13305779.0,1.74,6.98,6.86,6.88,6.91,0.1,-10.7,2.84
61,62,001979,招商蛇口,11.68,0.86,0.1,96668.0,112166564.3,2.16,11.7,11.45,11.58,11.58,0.12,30.52,1.08
62,63,600094,大名城,3.87,0.78,0.03,16361.0,6280318.0,2.34,3.88,3.79,3.82,3.84,0.07,30.87,0.76
63,64,000897,津滨发展,2.59,0.78,0.02,38660.0,9979305.0,1.56,2.6,2.56,2.57,2.57,0.24,8.46,1.36
64,65,600848,上海临港,11.74,0.77,0.09,9456.0,11088800.0,1.72,11.79,11.59,11.65,11.65,0.04,35.91,1.59
65,66,000002,万  科Ａ,9.14,0.77,0.07,168583.0,153852818.54,1.98,9.19,9.01,9.03,9.07,0.17,-4.56,0.47
66,67,600638,新黄浦,5.28,0.76,0.04,13553.0,7099302.0,2.1,5.28,5.17,5.24,5.24,0.2,47.72,0.8
67,68,600736,苏州高新,5.71,0.71,0.04,53877.0,30680961.0,2.82,5.77,5.61,5.68,5.67,0.47,20.8,0.88
68,69,000011,深物业A,9.68,0.62,0.06,6165.0,5961847.0,1.56,9.72,9.57,9.65,9.62,0.12,1208.26,1.29
69,70,600648,外高桥,11.69,0.6,0.07,6019.0,7026223.0,1.12,11.72,11.59,11.59,11.62,0.06,22.77,1.06
70,71,002016,世荣兆业,6.8,0.59,0.04,3629.0,2455016.26,1.04,6.8,6.73,6.75,6.76,0.04,172.45,1.15
71,72,900911,金桥Ｂ股,0.855,0.59,0.005,11.0,941.0,0.0,0.855,0.855,0.855,0.85,0.0,12.91,0.48
72,73,600743,华远地产,1.83,0.55,0.01,53696.0,9753913.0,3.3,1.84,1.78,1.8,1.82,0.23,-4.41,-28.35
73,74,600663,陆家嘴,11.21,0.54,0.06,11963.0,13351994.0,2.87,11.27,10.95,11.13,11.15,0.04,40.14,2.3
74,75,601155,新城控股,14.61,0.48,0.07,11926.0,17321825.0,1.86,14.64,14.37,14.4,14.54,0.05,16.99,0.54
75,76,000090,天健集团,4.42,0.45,0.02,15523.0,6853632.0,1.36,4.44,4.38,4.4,4.4,0.08,18.86,0.74
76,77,000029,深深房Ａ,16.77,0.42,0.07,7149.0,11935041.0,2.1,16.82,16.47,16.68,16.7,0.08,2535.38,4.58
77,78,600503,华丽家族,2.58,0.39,0.01,220772.0,56329556.0,3.89,2.6,2.5,2.54,2.57,1.38,1832.09,1.14
78,79,600325,华发股份,6.86,0.29,0.02,24030.0,16420597.0,1.46,6.87,6.77,6.79,6.84,0.09,10.64,0.9
79,80,002208,合肥城建,7.98,0.25,0.02,27730.0,22166779.0,3.77,8.1,7.8,8.1,7.96,0.35,54.57,0.97
80,81,600639,浦东金桥,11.07,0.18,0.02,7120.0,7876849.0,0.72,11.09,11.01,11.04,11.05,0.08,23.86,0.88
81,82,002244,滨江集团,10.25,0.1,0.01,21423.0,21840855.75,1.76,10.28,10.1,10.1,10.24,0.08,14.64,1.2
82,83,900932,陆家Ｂ股,0.608,0.0,0.0,387.0,23609.0,1.64,0.612,0.602,0.61,0.608,0.0,15.26,0.87
83,84,900912,外高Ｂ股,,,,,,,,,,0.826,0.0,11.27,0.53
84,85,600048,保利发展,10.88,0.0,0.0,70464.0,76434353.0,1.56,10.92,10.75,10.82,10.88,0.06,12.5,0.67
85,86,000809,*ST和展,2.3,0.0,0.0,2480.0,571235.0,1.3,2.32,2.29,2.29,2.3,0.03,-18.14,0.69
86,87,600007,中国国贸,22.81,-0.04,-0.01,1601.0,3654421.0,1.18,22.97,22.7,22.92,22.82,0.02,16.92,2.44
87,88,900928,临港B股,0.658,-0.15,-0.001,77.0,5126.0,1.37,0.667,0.658,0.667,0.659,0.01,14.1,0.62
88,89,600234,*ST科新,4.02,-0.25,-0.01,1315.0,529072.0,1.74,4.08,4.01,4.08,4.03,0.05,68.97,2.4
89,90,200029,深深房Ｂ,2.99,-0.99,-0.03,30.0,8970.0,0.0,2.99,2.99,2.99,3.02,0.0,407.65,0.74
90,91,000006,深振业Ａ,8.51,-1.05,-0.09,74512.0,63483365.0,2.21,8.61,8.42,8.42,8.6,0.55,-16.46,1.78
91,92,900940,大名城B,0.258,-1.15,-0.003,116.0,2994.0,1.53,0.262,0.258,0.262,0.261,0.01,14.42,0.35
92,93,200011,深物业B,4.03,-1.47,-0.06,50.0,20360.0,1.71,4.1,4.03,4.1,4.09,0.01,453.62,0.48
93,94,900939,汇丽B,0.526,-1.87,-0.01,202.0,10627.0,1.31,0.532,0.525,0.532,0.536,0.02,98.49,4.92
