,序号,代码,名称,最新价,涨跌幅,涨跌额,成交量,成交额,振幅,最高,最低,今开,昨收,换手率,市盈率-动态,市净率
0,1,300355,蒙草生态,8.57,20.03,1.43,,,0.0,,,,7.14,0.0,206.26,3.14
1,2,300176,派生科技,9.65,20.02,1.61,,,0.0,,,,8.04,0.0,95.18,4.0
2,3,300968,格林精密,23.26,20.02,3.88,,,0.0,,,,19.38,0.0,152.78,5.1
3,4,688502,茂莱光学,262.8,20.0,43.8,,,0.0,,,,219.0,0.0,424.93,11.96
4,5,688225,亚信安全,24.24,20.0,4.04,,,0.0,,,,20.2,0.0,-34.91,4.99
5,6,688010,福光股份,36.36,20.0,6.06,,,0.0,,,,30.3,0.0,-129.69,3.53
6,7,688656,浩欧博,46.15,19.99,7.69,,,0.0,,,,38.46,0.0,82.17,3.61
7,8,300554,三超新材,33.85,19.99,5.64,,,0.0,,,,28.21,0.0,-62.15,5.15
8,9,300377,赢时胜,19.15,19.99,3.19,,,0.0,,,,15.96,0.0,-775.78,4.85
9,10,300080,易成新能,6.91,19.97,1.15,,,0.0,,,,5.76,0.0,-24.35,2.4
10,11,300152,新动力,9.44,19.95,1.57,,,0.0,,,,7.87,0.0,-2649.27,20.93
11,12,300010,豆神教育,13.8,19.9,2.29,,,0.0,,,,11.51,0.0,192.92,26.29
12,13,688593,新相微,27.48,19.9,4.56,,,0.0,,,,22.92,0.0,2766.9,8.07
13,14,300256,星星科技,5.88,19.03,0.94,,,0.0,,,,4.94,0.0,-78.37,11.08
14,15,301077,星华新材,34.89,18.19,5.37,,,0.0,,,,29.52,0.0,29.64,3.29
15,16,301100,风光股份,26.08,17.16,3.82,,,0.0,,,,22.26,0.0,-94.33,2.53
16,17,688660,电气风电,5.8,15.31,0.77,,,0.0,,,,5.03,0.0,-12.17,1.43
17,18,300553,集智股份,38.0,13.5,4.52,,,0.0,,,,33.48,0.0,169.7,4.35
18,19,688588,凌志软件,17.08,10.91,1.68,,,0.0,,,,15.4,0.0,41.38,5.43
19,20,600322,津投城开,2.49,10.18,0.23,,,0.0,,,,2.26,0.0,-9.6,162.66
20,21,000631,顺发恒业,3.25,10.17,0.3,,,0.0,,,,2.95,0.0,117.21,1.36
21,22,000010,美丽生态,2.82,10.16,0.26,,,0.0,,,,2.56,0.0,-40.91,14.82
22,23,600653,申华控股,3.04,10.14,0.28,,,0.0,,,,2.76,0.0,-78.91,8.13
23,24,600221,海航控股,1.52,10.14,0.14,,,0.0,,,,1.38,0.0,22.67,15.08
24,25,002076,星光股份,2.39,10.14,0.22,,,0.0,,,,2.17,0.0,-970.26,8.2
25,26,600370,三房巷,2.61,10.13,0.24,,,0.0,,,,2.37,0.0,-24.86,1.83
26,27,002323,雅博股份,1.85,10.12,0.17,,,0.0,,,,1.68,0.0,-45.99,7.06
27,28,002694,顾地科技,6.22,10.09,0.57,,,0.0,,,,5.65,0.0,-57.81,9.5
28,29,600340,华夏幸福,2.51,10.09,0.23,,,0.0,,,,2.28,0.0,-3.29,1.68
29,30,002630,华西能源,4.04,10.08,0.37,,,0.0,,,,3.67,0.0,47.03,7.6
30,31,002358,森源电气,4.81,10.07,0.44,,,0.0,,,,4.37,0.0,25.68,1.37
31,32,600355,精伦电子,5.36,10.06,0.49,,,0.0,,,,4.87,0.0,-67.42,18.16
32,33,002607,中公教育,3.61,10.06,0.33,,,0.0,,,,3.28,0.0,99.3,30.28
33,34,002634,棒杰股份,5.47,10.06,0.5,,,0.0,,,,4.97,0.0,-9.85,2.91
34,35,600811,东方集团,3.72,10.06,0.34,,,0.0,,,,3.38,0.0,77.78,0.81
35,36,002571,德力股份,5.69,10.06,0.52,,,0.0,,,,5.17,0.0,-51.06,1.86
36,37,600400,红豆股份,2.85,10.04,0.26,,,0.0,,,,2.59,0.0,1490.81,2.31
37,38,600252,中恒集团,2.85,10.04,0.26,,,0.0,,,,2.59,0.0,657.53,1.51
38,39,002735,王子新材,11.95,10.04,1.09,,,0.0,,,,10.86,0.0,265.76,2.54
39,40,002199,东晶电子,11.95,10.04,1.09,,,0.0,,,,10.86,0.0,-48.99,11.31
40,41,600178,东安动力,16.89,10.03,1.54,,,0.0,,,,15.35,0.0,-3733.22,3.13
41,42,601360,三六零,10.64,10.03,0.97,,,0.0,,,,9.67,0.0,-98.5,2.49
42,43,000958,电投产融,10.64,10.03,0.97,,,0.0,,,,9.67,0.0,56.3,2.9
43,44,002453,华软科技,7.13,10.03,0.65,,,0.0,,,,6.48,0.0,-46.99,4.68
44,45,000795,英洛华,8.23,10.03,0.75,,,0.0,,,,7.48,0.0,33.89,3.47
45,46,603217,元利科技,20.09,10.02,1.83,,,0.0,,,,18.26,0.0,19.98,1.3
46,47,002657,中科金财,21.52,10.02,1.96,,,0.0,,,,19.56,0.0,-70.06,4.04
47,48,000066,中国长城,17.46,10.02,1.59,,,0.0,,,,15.87,0.0,-61.43,4.69
48,49,002388,新亚制程,6.7,10.02,0.61,,,0.0,,,,6.09,0.0,4107.75,2.83
49,50,600292,远达环保,14.06,10.02,1.28,,,0.0,,,,12.78,0.0,93.18,2.11
50,51,603339,四方科技,14.61,10.02,1.33,,,0.0,,,,13.28,0.0,18.38,1.79
51,52,002765,蓝黛科技,7.69,10.01,0.7,,,0.0,,,,6.99,0.0,36.3,2.02
52,53,603628,清源股份,17.47,10.01,1.59,,,0.0,,,,15.88,0.0,36.66,3.66
53,54,002797,第一创业,9.45,10.01,0.86,,,0.0,,,,8.59,0.0,46.46,2.54
54,55,002615,哈尔斯,10.11,10.01,0.92,,,0.0,,,,9.19,0.0,15.72,2.83
55,56,002094,青岛金王,10.33,10.01,0.94,,,0.0,,,,9.39,0.0,82.58,4.76
56,57,002312,川发龙蟒,20.77,10.01,1.89,,,0.0,,,,18.88,0.0,69.27,4.18
57,58,603268,松发股份,45.06,10.01,4.1,,,0.0,,,,40.96,0.0,-69.58,375.53
58,59,603098,森特股份,11.65,10.01,1.06,,,0.0,,,,10.59,0.0,63.75,2.28
59,60,603656,泰禾智能,30.89,10.01,2.81,,,0.0,,,,28.08,0.0,215.94,4.41
60,61,600895,张江高科,31.55,10.01,2.87,,,0.0,,,,28.68,0.0,71.71,3.89
61,62,600580,卧龙电驱,16.49,10.01,1.5,,,0.0,,,,14.99,0.0,25.35,2.18
62,63,002222,福晶科技,34.19,10.01,3.11,,,0.0,,,,31.08,0.0,71.78,10.22
63,64,002085,万丰奥威,22.76,10.0,2.07,,,0.0,,,,20.69,0.0,64.32,7.0
64,65,002338,奥普光电,47.18,10.0,4.29,,,0.0,,,,42.89,0.0,187.07,8.76
65,66,603297,永新光学,96.34,10.0,8.76,,,0.0,,,,87.58,0.0,57.26,5.76
66,67,601002,晋亿实业,4.84,10.0,0.44,,,0.0,,,,4.4,0.0,42.52,1.12
67,68,002717,岭南股份,4.07,10.0,0.37,,,0.0,,,,3.7,0.0,-20.44,3.8
68,69,002620,瑞和股份,4.18,10.0,0.38,,,0.0,,,,3.8,0.0,-10.92,12.82
69,70,002583,海能达,31.02,10.0,2.82,,,0.0,,,,28.2,0.0,168.23,9.25
70,71,002506,协鑫集成,2.97,10.0,0.27,,,0.0,,,,2.7,0.0,159.11,7.04
71,72,000100,TCL科技,5.83,10.0,0.53,,,0.0,,,,5.3,0.0,53.83,2.07
72,73,002760,凤形股份,24.1,10.0,2.19,,,0.0,,,,21.91,0.0,136.66,2.94
73,74,603201,常润股份,19.7,9.99,1.79,,,0.0,,,,17.91,0.0,15.26,2.01
74,75,600363,联创光电,51.4,9.99,4.67,,,0.0,,,,46.73,0.0,52.31,5.49
75,76,600686,金龙汽车,16.07,9.99,1.46,,,0.0,,,,14.61,0.0,113.13,3.62
76,77,002156,通富微电,29.72,9.99,2.7,,,0.0,,,,27.02,0.0,61.22,3.12
77,78,603261,立航科技,39.08,9.99,3.55,,,0.0,,,,35.53,0.0,-67.24,3.89
78,79,000917,电广传媒,11.12,9.99,1.01,,,0.0,,,,10.11,0.0,193.84,1.53
79,80,002912,中新赛克,36.12,9.99,3.28,,,0.0,,,,32.84,0.0,-98.5,3.92
80,81,002416,爱施德,16.08,9.99,1.46,,,0.0,,,,14.62,0.0,28.47,3.33
81,82,600481,双良节能,7.93,9.99,0.72,,,0.0,,,,7.21,0.0,-8.31,2.78
82,83,000520,凤凰航运,7.05,9.98,0.64,,,0.0,,,,6.41,0.0,-242.33,13.66
83,84,600130,波导股份,6.61,9.98,0.6,,,0.0,,,,6.01,0.0,904.86,5.16
84,85,603185,弘元绿能,26.22,9.98,2.38,,,0.0,,,,23.84,0.0,-8.19,1.37
85,86,600392,盛和资源,12.45,9.98,1.13,,,0.0,,,,11.32,0.0,176.24,2.48
86,87,000638,万方发展,6.17,9.98,0.56,,,0.0,,,,5.61,0.0,108.38,10.9
87,88,002667,威领股份,11.35,9.98,1.03,,,0.0,,,,10.32,0.0,-18.29,4.89
88,89,603666,亿嘉和,22.59,9.98,2.05,,,0.0,,,,20.54,0.0,-43.6,2.03
89,90,000029,深深房Ａ,19.84,9.98,1.8,,,0.0,,,,18.04,0.0,2999.51,5.42
90,91,000151,中成股份,18.63,9.98,1.69,,,0.0,,,,16.94,0.0,-33.0,11.79
91,92,600802,福建水泥,4.52,9.98,0.41,,,0.0,,,,4.11,0.0,-9.27,1.89
92,93,000603,盛达资源,16.43,9.97,1.49,,,0.0,,,,14.94,0.0,42.68,3.47
93,94,600203,福日电子,15.55,9.97,1.41,,,0.0,,,,14.14,0.0,-51.59,4.84
94,95,002712,思美传媒,7.61,9.97,0.69,,,0.0,,,,6.92,0.0,-498.33,2.94
95,96,000559,万向钱潮,7.17,9.97,0.65,,,0.0,,,,6.52,0.0,24.79,2.6
96,97,600769,祥龙电业,13.9,9.97,1.26,,,0.0,,,,12.64,0.0,338.68,51.25
97,98,002553,南方精工,13.13,9.97,1.19,,,0.0,,,,11.94,0.0,73.84,3.96
98,99,002175,东方智造,3.09,9.96,0.28,,,0.0,,,,2.81,0.0,87.27,6.43
99,100,002047,宝鹰股份,3.09,9.96,0.28,,,0.0,,,,2.81,0.0,-8.11,-24.49
100,101,002581,未名医药,13.14,9.96,1.19,,,0.0,,,,11.95,0.0,444.52,4.15
101,102,600839,四川长虹,18.12,9.95,1.64,,,0.0,,,,16.48,0.0,182.07,5.88
102,103,600307,酒钢宏兴,2.21,9.95,0.2,,,0.0,,,,2.01,0.0,-5.33,1.68
103,104,000563,陕国投Ａ,4.42,9.95,0.4,,,0.0,,,,4.02,0.0,18.14,1.28
104,105,002599,盛通股份,8.73,9.95,0.79,,,0.0,,,,7.94,0.0,7783.37,3.25
105,106,600864,哈投股份,8.18,9.95,0.74,,,0.0,,,,7.44,0.0,48.0,1.32
106,107,002919,名臣健康,16.36,9.95,1.48,,,0.0,,,,14.88,0.0,33.79,4.99
107,108,002178,延华智能,8.07,9.95,0.73,,,0.0,,,,7.34,0.0,-491.88,13.02
108,109,000016,深康佳Ａ,7.74,9.94,0.7,,,0.0,,,,7.04,0.0,-8.7,4.61
109,110,600416,湘电股份,15.49,9.94,1.4,,,0.0,,,,14.09,0.0,91.76,2.77
110,111,002161,远 望 谷,6.31,9.93,0.57,,,0.0,,,,5.74,0.0,55.29,2.99
111,112,002596,海南瑞泽,3.1,9.93,0.28,,,0.0,,,,2.82,0.0,-30.66,3.94
112,113,000536,华映科技,6.09,9.93,0.55,,,0.0,,,,5.54,0.0,-14.89,10.69
113,114,600705,中航产融,4.54,9.93,0.41,,,0.0,,,,4.13,0.0,50.13,1.07
114,115,000903,云内动力,3.88,9.92,0.35,,,0.0,,,,3.53,0.0,-17.49,2.87
115,116,000415,渤海租赁,3.66,9.91,0.33,,,0.0,,,,3.33,0.0,10.68,0.74
116,117,002542,中化岩土,4.66,9.91,0.42,,,0.0,,,,4.24,0.0,-32.75,4.18
117,118,002649,博彦科技,14.98,9.9,1.35,,,0.0,,,,13.63,0.0,36.86,2.09
118,119,600622,光大嘉宝,5.44,9.9,0.49,,,0.0,,,,4.95,0.0,-24.18,1.71
119,120,002622,皓宸医疗,3.11,9.89,0.28,,,0.0,,,,2.83,0.0,145.17,5.83
120,121,002247,聚力文化,3.11,9.89,0.28,,,0.0,,,,2.83,0.0,9.0,4.23
121,122,002021,中捷资源,3.0,9.89,0.27,,,0.0,,,,2.73,0.0,142.69,5.72
122,123,600537,亿晶光电,3.89,9.89,0.35,,,0.0,,,,3.54,0.0,-6.05,2.36
123,124,600439,瑞贝卡,6.23,9.88,0.56,,,0.0,,,,5.67,0.0,531.36,2.58
124,125,000980,众泰汽车,2.67,9.88,0.24,,,0.0,,,,2.43,0.0,-30.98,11.48
125,126,000006,深振业Ａ,10.8,9.87,0.97,,,0.0,,,,9.83,0.0,-20.89,2.26
126,127,600527,江南高纤,2.34,9.86,0.21,,,0.0,,,,2.13,0.0,100.97,1.89
127,128,002232,启明信息,23.9,9.83,2.14,,,0.0,,,,21.76,0.0,-218.64,7.24
128,129,601588,北辰实业,2.24,9.8,0.2,,,0.0,,,,2.04,0.0,-6.09,0.65
129,130,601996,丰林集团,3.15,9.76,0.28,,,0.0,,,,2.87,0.0,-106.54,1.31
130,131,000793,华闻集团,3.04,9.75,0.27,,,0.0,,,,2.77,0.0,-43.43,7.29
131,132,603818,曲美家居,3.39,9.71,0.3,,,0.0,,,,3.09,0.0,-12.05,1.06
132,133,002150,通润装备,16.29,9.7,1.44,,,0.0,,,,14.85,0.0,41.33,3.34
133,134,002512,达华智能,5.92,9.63,0.52,,,0.0,,,,5.4,0.0,1654.74,14.59
134,135,002432,九安医疗,50.8,9.51,4.41,,,0.0,,,,46.39,0.0,13.66,1.29
135,136,600505,西昌电力,13.87,9.47,1.2,,,0.0,,,,12.67,0.0,766.08,4.16
136,137,002514,宝馨科技,11.2,9.27,0.95,,,0.0,,,,10.25,0.0,-36.6,10.24
137,138,000158,常山北明,40.41,9.1,3.37,,,0.0,,,,37.04,0.0,-170.28,11.6
138,139,300338,*ST开元,6.43,8.98,0.53,,,0.0,,,,5.9,0.0,-53.77,-17.47
139,140,002235,安妮股份,6.26,8.87,0.51,,,0.0,,,,5.75,0.0,110.23,4.86
140,141,600208,衢州发展,3.2,8.84,0.26,,,0.0,,,,2.94,0.0,10.3,0.62
141,142,002400,省广集团,7.2,8.76,0.58,,,0.0,,,,6.62,0.0,103.19,2.56
142,143,000056,皇庭国际,3.8,8.57,0.3,,,0.0,,,,3.5,0.0,-13.18,6.28
143,144,600172,黄河旋风,4.58,8.53,0.36,,,0.0,,,,4.22,0.0,-11.65,3.19
144,145,000681,视觉中国,16.0,8.04,1.19,,,0.0,,,,14.81,0.0,102.91,3.2
145,146,002456,欧菲光,19.05,7.99,1.41,,,0.0,,,,17.64,0.0,1004.03,17.41
146,147,002865,钧达股份,86.0,7.63,6.1,,,0.0,,,,79.9,0.0,-35.36,4.87
147,148,002122,汇洲智能,3.28,7.54,0.23,,,0.0,,,,3.05,0.0,71.64,2.81
148,149,600248,陕建股份,4.88,7.49,0.34,,,0.0,,,,4.54,0.0,4.64,0.75
149,150,603690,至纯科技,28.07,7.38,1.93,,,0.0,,,,26.14,0.0,42.16,2.17
150,151,600331,宏达股份,9.3,7.14,0.62,,,0.0,,,,8.68,0.0,665.59,50.16
151,152,600501,航天晨光,24.8,6.94,1.61,,,0.0,,,,23.19,0.0,-49.07,5.09
152,153,603306,华懋科技,28.85,6.69,1.81,,,0.0,,,,27.04,0.0,36.01,2.76
153,154,600736,苏州高新,6.38,6.69,0.4,,,0.0,,,,5.98,0.0,23.25,0.98
154,155,688167,炬光科技,84.21,6.0,4.77,,,0.0,,,,79.44,0.0,-110.2,3.32
155,156,600881,亚泰集团,2.33,5.43,0.12,,,0.0,,,,2.21,0.0,-4.4,1.69
156,157,002281,光迅科技,47.97,5.36,2.44,,,0.0,,,,45.53,0.0,61.58,4.31
157,158,002310,*ST东园,1.83,5.17,0.09,,,0.0,,,,1.74,0.0,-1.62,-1.99
158,159,002217,*ST合泰,1.83,5.17,0.09,,,0.0,,,,1.74,0.0,-3.48,-0.74
159,160,000595,宝塔实业,12.5,5.13,0.61,,,0.0,,,,11.89,0.0,-179.64,33.5
160,161,000506,*ST中润,2.87,5.13,0.14,,,0.0,,,,2.73,0.0,-22.2,4.39
161,162,002316,ST亚联,3.49,5.12,0.17,,,0.0,,,,3.32,0.0,95.18,19.25
162,163,603959,ST百利,2.67,5.12,0.13,,,0.0,,,,2.54,0.0,-5.77,3.53
163,164,002650,ST加加,3.72,5.08,0.18,,,0.0,,,,3.54,0.0,-47.51,2.12
164,165,600629,华建集团,7.04,5.07,0.34,,,0.0,,,,6.7,0.0,20.38,1.34
165,166,000584,*ST工智,2.95,4.98,0.14,,,0.0,,,,2.81,0.0,89.38,3.99
166,167,603559,*ST通脉,11.0,4.96,0.52,,,0.0,,,,10.48,0.0,-14.02,46.78
167,168,002822,ST中装,2.59,4.86,0.12,,,0.0,,,,2.47,0.0,-1.74,1.03
168,169,601162,天风证券,6.71,4.84,0.31,,,0.0,,,,6.4,0.0,-81.3,2.52
169,170,603828,ST柯利达,3.25,4.84,0.15,,,0.0,,,,3.1,0.0,85.77,2.58
170,171,002656,ST摩登,1.53,4.79,0.07,,,0.0,,,,1.46,0.0,-62.58,3.02
171,172,603377,ST东时,1.97,4.79,0.09,,,0.0,,,,1.88,0.0,-9.73,0.84
172,173,000908,*ST景峰,5.2,4.63,0.23,,,0.0,,,,4.97,0.0,-32.27,-29.37
173,174,603063,禾望电气,19.22,4.63,0.85,,,0.0,,,,18.37,0.0,25.22,2.08
174,175,002564,*ST天沃,4.68,4.46,0.2,,,0.0,,,,4.48,0.0,549.39,33.52
175,176,603007,*ST花王,11.82,4.42,0.5,,,0.0,,,,11.32,0.0,-40.95,13.49
176,177,002253,川大智胜,25.2,4.22,1.02,,,0.0,,,,24.18,0.0,-157.73,4.83
177,178,002459,晶澳科技,20.13,4.19,0.81,,,0.0,,,,19.32,0.0,-103.16,2.13
178,179,002692,远程股份,5.35,4.09,0.21,,,0.0,,,,5.14,0.0,56.08,3.32
179,180,000670,盈方微,7.5,4.02,0.29,,,0.0,,,,7.21,0.0,-130.81,342.25
180,181,601778,晶科科技,3.31,3.76,0.12,,,0.0,,,,3.19,0.0,40.33,0.77
181,182,002951,*ST金时,7.1,3.65,0.25,,,0.0,,,,6.85,0.0,-47.03,1.57
182,183,603778,国晟科技,4.29,3.62,0.15,,,0.0,,,,4.14,0.0,-13.57,3.38
183,184,601005,重庆钢铁,1.8,3.45,0.06,,,0.0,,,,1.74,0.0,-8.92,0.87
184,185,002428,云南锗业,20.0,3.36,0.65,,,0.0,,,,19.35,0.0,332.38,9.12
185,186,002269,美邦服饰,1.93,3.21,0.06,,,0.0,,,,1.87,0.0,70.18,9.24
186,187,002628,成都路桥,8.09,2.8,0.22,,,0.0,,,,7.87,0.0,-221.84,2.06
187,188,600149,廊坊发展,4.97,2.69,0.13,,,0.0,,,,4.84,0.0,20.26,8.7
188,189,603061,金海通,86.77,2.61,2.21,,,0.0,,,,84.56,0.0,86.91,4.07
189,190,688511,天微电子,23.3,1.75,0.4,,,0.0,,,,22.9,0.0,287.86,2.86
190,191,000572,海马汽车,5.4,1.69,0.09,,,0.0,,,,5.31,0.0,118.72,4.55
191,192,603429,集友股份,8.15,1.24,0.1,,,0.0,,,,8.05,0.0,-59.44,3.35
192,193,600651,飞乐音响,4.3,1.18,0.05,,,0.0,,,,4.25,0.0,319.31,4.41
193,194,002024,ST易购,1.88,1.08,0.02,,,0.0,,,,1.86,0.0,21.8,1.44
194,195,002044,美年健康,4.79,0.84,0.04,,,0.0,,,,4.75,0.0,570.87,2.45
195,196,600418,江淮汽车,41.2,0.61,0.25,,,0.0,,,,40.95,0.0,107.96,6.55
196,197,600316,洪都航空,38.7,0.52,0.2,,,0.0,,,,38.5,0.0,1463.79,5.23
197,198,603038,华立股份,32.75,0.24,0.08,,,0.0,,,,32.67,0.0,189.11,6.42
198,199,002272,川润股份,16.5,0.24,0.04,,,0.0,,,,16.46,0.0,-193.57,5.0
199,200,600865,百大集团,11.52,0.0,0.0,,,0.0,,,,11.52,0.0,24.71,1.85
200,201,002513,蓝丰生化,5.17,0.0,0.0,,,0.0,,,,5.17,0.0,-7.86,-12.38
201,202,000973,佛塑科技,,,,,,,,,,5.7,0.0,49.69,1.94
202,203,002248,华东数控,11.35,-0.87,-0.1,,,0.0,,,,11.45,0.0,285.03,48.87
203,204,600289,*ST信通,1.72,-4.97,-0.09,,,0.0,,,,1.81,0.0,28.31,1.5
204,205,603091,众鑫股份,47.41,-10.0,-5.27,,,0.0,,,,52.68,0.0,15.41,2.54
