,排名,板块名称,板块代码,最新价,涨跌额,涨跌幅,总市值,换手率,上涨家数,下跌家数,领涨股票,领涨股票-涨跌幅
0,1,银行,BK0475,3662.73,94.53,2.65,12555827968000,0.14,42,0,郑州银行,10.24
1,2,钢铁行业,BK0479,7188.69,157.36,2.24,860008608000,0.52,42,7,中南股份,10.15
2,3,房地产开发,BK0451,13260.41,249.83,1.92,1179435280000,0.88,75,17,津投城开,10.05
3,4,煤炭行业,BK0437,11109.23,205.72,1.89,1911601488000,0.25,33,1,上海能源,6.98
4,5,燃气,BK1028,1560.16,25.21,1.64,291356624000,0.53,29,4,水发燃气,10.0
5,6,电力行业,BK0428,16115.78,227.18,1.43,3056277616000,0.35,70,7,郴电国际,10.05
6,7,航运港口,BK0450,10143.98,113.17,1.13,1066949600000,0.29,25,11,天津港,5.57
7,8,医药商业,BK1042,1031.28,10.51,1.03,349016864000,0.5,19,13,嘉事堂,9.98
8,9,商业百货,BK0482,14642.46,144.2,0.99,497739936000,0.81,33,25,海宁皮城,9.93
9,10,保险,BK0474,1466.8,14.14,0.97,3139975520000,0.09,5,1,天茂集团,1.79
10,11,石油行业,BK0464,5458.97,43.69,0.81,3655718336000,0.09,12,9,博汇股份,7.05
11,12,公用事业,BK0427,8222.0,64.0,0.78,193664857000,0.53,17,6,渤海股份,7.5
12,13,房地产服务,BK1045,1099.11,7.88,0.72,91478693000,1.24,11,7,阳光股份,9.96
13,14,非金属材料,BK1020,1217.83,7.84,0.65,359887872000,1.0,11,22,宁新新材,29.97
14,15,航空机场,BK0420,5040.6,30.18,0.6,715510880000,0.37,10,3,春秋航空,3.0
15,16,物流行业,BK0422,6388.51,37.68,0.59,857274352000,0.48,33,22,中储股份,10.08
16,17,纺织服装,BK0436,9844.34,52.68,0.54,493771056000,0.85,48,46,太平鸟,10.0
17,18,水泥建材,BK0424,24076.81,117.24,0.49,376857024000,0.62,15,13,金隅集团,6.38
18,19,铁路公路,BK0421,8508.29,30.85,0.36,712172288000,0.34,18,10,现代投资,9.9
19,20,综合行业,BK0539,9749.31,22.76,0.23,183840798000,0.81,9,10,粤桂股份,9.97
20,21,珠宝首饰,BK0734,351.69,0.81,0.23,139506518000,0.32,10,7,豫园股份,4.19
21,22,工程机械,BK0739,1506.95,0.83,0.06,616987696000,0.33,16,14,长龄液压,8.3
22,23,化学原料,BK1019,757.59,0.3,0.04,850850528000,0.5,36,45,三维化学,10.01
23,24,化纤行业,BK0471,12594.38,-1.67,-0.01,444714560000,0.3,13,14,南京化纤,10.0
24,25,汽车整车,BK1029,1633.37,-2.26,-0.14,2201622016000,0.65,9,14,上汽集团,10.02
25,26,装修装饰,BK0725,492.94,-1.52,-0.31,120322314000,0.82,12,26,东易日盛,9.93
26,27,农药兽药,BK0730,953.59,-3.38,-0.35,263808253000,0.49,19,23,颖泰生物,6.37
27,28,橡胶制品,BK1018,1333.51,-5.26,-0.39,275904480000,0.44,14,18,S佳通,4.99
28,29,工程建设,BK0425,22343.53,-92.22,-0.41,1579600128000,0.56,28,36,大千生态,9.99
29,30,造纸印刷,BK0470,8747.29,-39.25,-0.45,253226341000,0.87,17,22,滨海能源,10.02
30,31,医疗器械,BK1041,808.29,-4.04,-0.5,1357174176000,0.41,38,80,中红医疗,15.43
31,32,化学制品,BK0538,22856.8,-116.72,-0.51,1306508560000,0.65,56,104,硅宝科技,19.97
32,33,化肥行业,BK0731,1308.62,-6.69,-0.51,371534096000,0.57,11,12,东方铁塔,1.56
33,34,贸易行业,BK0484,9468.29,-48.53,-0.51,325092672000,1.23,18,18,建发股份,6.35
34,35,采掘行业,BK1017,1135.53,-6.07,-0.53,314310160000,0.3,9,12,中油工程,4.19
35,36,酿酒行业,BK0477,53643.64,-318.6,-0.59,3878421920000,0.24,12,26,会稽山,2.18
36,37,电池,BK1033,987.65,-6.32,-0.64,2110193168000,0.9,26,48,翔丰华,11.21
37,38,中药,BK1040,1444.92,-10.12,-0.7,964210736000,0.6,30,40,信邦制药,1.96
38,39,化学制药,BK0465,28794.13,-225.49,-0.78,1690718688000,0.38,42,97,广生堂,5.89
39,40,贵金属,BK0732,1061.39,-8.34,-0.78,742533952000,0.32,7,6,山金国际,0.97
40,41,装修建材,BK0476,11984.32,-94.18,-0.78,439900304000,0.67,22,44,北京利尔,8.46
41,42,农牧饲渔,BK0433,12803.66,-101.98,-0.79,977728320000,0.57,27,61,东方集团,3.51
42,43,美容护理,BK1035,774.67,-6.42,-0.82,295028752000,0.68,8,20,百亚股份,2.71
43,44,风电设备,BK1032,1028.38,-8.68,-0.84,300813408000,0.46,7,19,三一重能,3.79
44,45,食品饮料,BK0438,24225.04,-210.17,-0.86,1582087328000,0.52,29,86,好想你,10.07
45,46,环保行业,BK0728,402.84,-3.63,-0.89,614658896000,1.02,35,84,上海洗霸,10.02
46,47,多元金融,BK0738,617.93,-5.95,-0.95,507123568000,0.68,8,14,五矿资本,5.79
47,48,生物制品,BK1044,841.13,-8.41,-0.99,1248780864000,0.32,19,55,长春高新,4.16
48,49,玻璃玻纤,BK0546,34373.74,-375.53,-1.08,338021168000,0.3,5,17,南  玻Ａ,1.49
49,50,交运设备,BK0429,8825.7,-97.34,-1.09,680594752000,0.29,14,35,绿通科技,5.96
50,51,家电行业,BK0456,18916.02,-210.53,-1.1,1884183632000,0.76,23,61,日出东方,10.04
51,52,旅游酒店,BK0485,14275.08,-163.62,-1.13,357712896000,0.48,7,30,大连圣亚,2.56
52,53,通用设备,BK0545,29390.53,-353.49,-1.19,1097192704000,0.8,32,180,克莱特,26.06
53,54,电机,BK1030,1712.97,-21.56,-1.24,182775294000,0.81,4,21,中电电机,10.01
54,55,汽车零部件,BK0481,32893.34,-433.14,-1.3,1639007904000,0.81,45,170,交运股份,9.98
55,56,专业服务,BK1043,1149.82,-15.82,-1.36,204607749000,0.49,8,29,中纺标,11.68
56,57,证券,BK0473,147610.1,-2051.7,-1.37,3510410704000,0.38,4,44,华创云信,2.18
57,58,专用设备,BK0910,2295.43,-33.56,-1.44,1436661056000,0.76,47,212,东方精工,10.01
58,59,电网设备,BK0457,24179.82,-366.41,-1.49,1245398544000,0.53,32,101,冠城大通,6.88
59,60,塑料制品,BK0454,11857.43,-179.71,-1.49,357686960000,0.74,17,67,佛塑科技,10.05
60,61,有色金属,BK0478,15673.61,-245.56,-1.54,1075534656000,0.57,11,61,国城矿业,5.46
61,62,汽车服务,BK1016,920.01,-15.42,-1.65,67303647000,1.3,3,10,国机汽车,6.07
62,63,家用轻工,BK0440,34723.16,-615.01,-1.74,262155941000,0.87,5,32,明月镜片,2.23
63,64,小金属,BK1027,1870.93,-34.97,-1.83,650179264000,0.89,2,35,有研新材,8.78
64,65,包装材料,BK0733,954.37,-18.07,-1.86,128779469000,0.86,7,20,劲嘉股份,2.47
65,66,船舶制造,BK0729,831.29,-15.99,-1.89,402534400000,0.25,2,8,中国重工,0.2
66,67,能源金属,BK1015,493.76,-9.54,-1.9,357825088000,0.59,0,13,格林美,-0.56
67,68,仪器仪表,BK0458,13761.12,-279.73,-1.99,283595520000,0.83,11,59,中寰股份,3.77
68,69,航天航空,BK0480,43812.37,-907.52,-2.03,972391232000,0.51,3,42,中航沈飞,2.85
69,70,医疗服务,BK0727,997.81,-22.84,-2.24,690008896000,0.5,4,40,大东方,0.5
70,71,电源设备,BK1034,1611.17,-37.67,-2.28,363994016000,0.78,4,25,华光环能,0.97
71,72,工程咨询服务,BK0726,707.25,-19.47,-2.68,191306379000,1.29,8,35,深圳瑞捷,6.38
72,73,电子元件,BK0459,22090.66,-686.49,-3.01,1774446656000,0.78,13,126,杉杉股份,10.06
73,74,光学光电子,BK1038,1412.08,-45.0,-3.09,1085197264000,0.84,12,90,维信诺,10.02
74,75,电子化学品,BK1039,1557.75,-49.81,-3.1,273519600000,1.0,1,25,光华科技,2.8
75,76,光伏设备,BK1031,1227.98,-40.72,-3.21,1558346336000,0.58,2,74,上能电气,1.0
76,77,半导体,BK1036,1325.59,-45.45,-3.32,4287752736000,0.89,6,151,希荻微,20.0
77,78,通信设备,BK0448,12400.88,-426.86,-3.33,1477892208000,1.12,8,101,长江通信,5.31
78,79,消费电子,BK1037,1396.44,-52.22,-3.6,1964947600000,1.13,8,92,和而泰,5.67
79,80,计算机设备,BK0735,1184.17,-47.9,-3.89,927271424000,1.16,3,47,视声智能,7.33
80,81,通信服务,BK0736,1014.14,-45.39,-4.28,3304157440000,1.1,4,33,ST中嘉,1.38
81,82,文化传媒,BK0486,9269.8,-470.68,-4.83,1035437264000,1.56,8,91,福石控股,5.92
82,83,软件开发,BK0737,1022.27,-56.11,-5.2,2243864384000,1.97,7,190,中安科,9.98
83,84,互联网服务,BK0447,21961.7,-1219.27,-5.26,1635473456000,2.48,11,137,中新赛克,10.02
84,85,游戏,BK1046,1040.15,-65.59,-5.93,312945008000,1.78,1,26,ST华通,1.69
85,86,教育,BK0740,664.61,-48.37,-6.78,95171677000,4.16,0,15,学大教育,-2.79
