,序号,代码,名称,最新价,涨跌幅,涨跌额,成交量,成交额,振幅,最高,最低,今开,昨收,换手率,市盈率-动态,市净率
0,1,836149,旭杰科技,21.4,14.26,2.67,41961,85568487.52,12.01,21.85,19.6,19.83,18.73,8.57,308.99,8.51
1,2,002506,协鑫集成,2.7,10.2,0.25,1203976,318838575.83,6.94,2.7,2.53,2.53,2.45,2.06,144.64,6.4
2,3,002047,宝鹰股份,2.81,10.2,0.26,102571,28822451.0,0.0,2.81,2.81,2.81,2.55,0.76,-7.37,-22.27
3,4,002620,瑞和股份,3.8,10.14,0.35,84927,31980286.5,6.38,3.8,3.58,3.58,3.45,2.7,-9.93,11.66
4,5,603628,清源股份,15.88,9.97,1.44,117922,184733433.0,4.92,15.88,15.17,15.5,14.44,4.31,33.33,3.33
5,6,603098,森特股份,10.59,9.97,0.96,30069,31843071.0,0.0,10.59,10.59,10.59,9.63,0.56,57.95,2.07
6,7,002323,雅博股份,1.66,8.5,0.13,682682,112416698.02,7.19,1.68,1.57,1.57,1.53,3.22,-41.27,6.33
7,8,601877,正泰电器,22.96,6.44,1.39,126889,289251920.0,2.92,23.18,22.55,22.55,21.57,0.59,10.58,1.18
8,9,600537,亿晶光电,3.41,5.9,0.19,165910,55274768.0,4.04,3.41,3.28,3.28,3.22,1.4,-5.3,2.07
9,10,300746,汉嘉设计,17.32,5.35,0.88,43483,74762189.0,7.97,17.76,16.45,16.45,16.44,1.96,666.37,3.31
10,11,600580,卧龙电驱,14.33,5.14,0.7,266585,379811379.0,2.13,14.4,14.11,14.19,13.63,2.04,22.03,1.9
11,12,002822,ST中装,2.47,5.11,0.12,125155,30855876.0,2.55,2.47,2.41,2.47,2.35,2.39,-1.66,0.98
12,13,873665,科强股份,13.3,5.06,0.64,15955,21433914.23,8.06,13.87,12.85,13.39,12.66,4.09,26.0,2.48
13,14,300160,秀强股份,5.88,4.63,0.26,77384,45138027.8,2.14,5.89,5.77,5.8,5.62,1.02,18.75,1.82
14,15,601778,晶科科技,3.03,4.48,0.13,265003,79785789.0,3.1,3.05,2.96,2.97,2.9,0.74,36.92,0.71
15,16,300040,九洲集团,6.77,4.48,0.29,114962,77447507.28,3.09,6.83,6.63,6.65,6.48,2.5,40.78,1.4
16,17,300500,启迪设计,12.63,4.47,0.54,26925,34197327.0,4.55,12.95,12.4,12.47,12.09,1.65,-96.27,1.85
17,18,603828,ST柯利达,3.08,4.41,0.13,54592,16604417.0,5.08,3.1,2.95,2.95,2.95,0.92,81.28,2.44
18,19,002309,*ST中利,2.01,4.15,0.08,90014,18179012.0,2.07,2.03,1.99,2.03,1.93,1.04,-2.89,-1.79
19,20,300118,东方日升,14.6,3.99,0.56,145302,211838281.26,2.14,14.7,14.4,14.45,14.04,1.57,-8.0,1.25
20,21,603028,赛福天,7.18,3.91,0.27,46421,33444197.0,9.7,7.56,6.89,6.89,6.91,1.62,-55.85,3.09
21,22,603105,芯能科技,9.25,3.82,0.34,66939,61921058.0,2.47,9.39,9.17,9.17,8.91,1.34,18.65,2.27
22,23,002218,拓日新能,3.79,3.55,0.13,122171,46107389.0,1.64,3.8,3.74,3.77,3.66,0.88,129.69,1.27
23,24,601886,江河集团,5.72,3.44,0.19,60955,34796570.0,2.89,5.77,5.61,5.68,5.53,0.54,11.22,0.91
24,25,300393,中来股份,8.31,3.1,0.25,105452,87898297.22,2.85,8.47,8.24,8.35,8.06,1.11,-22.36,2.28
25,26,600477,杭萧钢构,2.86,2.88,0.08,89881,25742480.0,3.24,2.9,2.81,2.82,2.78,0.38,24.75,1.3
26,27,301046,能辉科技,22.6,2.49,0.55,7393,16823322.0,1.9,22.98,22.56,22.69,22.05,0.65,49.44,4.14
27,28,002775,文科股份,3.43,2.39,0.08,18782,6397605.0,3.28,3.45,3.34,3.35,3.35,0.42,259.49,9.54
28,29,002623,亚玛顿,18.52,2.38,0.43,14422,26724694.0,2.16,18.7,18.31,18.6,18.09,0.73,-103.82,1.18
29,30,300665,飞鹿股份,6.96,2.35,0.16,20598,14362121.81,4.41,7.1,6.8,6.8,6.8,1.35,-14.93,2.89
30,31,000058,深 赛 格,11.05,2.31,0.25,279733,306876501.0,8.33,11.28,10.38,10.8,10.8,2.84,267.62,6.78
31,32,002375,亚厦股份,4.01,2.3,0.09,22278,8892683.0,2.55,4.04,3.94,3.94,3.92,0.17,15.93,0.67
32,33,603126,中材节能,6.26,2.29,0.14,29789,18542485.0,3.27,6.3,6.1,6.1,6.12,0.49,106.47,1.84
33,34,300117,*ST嘉寓,1.84,2.22,0.04,109606,19755160.27,5.56,1.85,1.75,1.76,1.8,1.53,-4.78,-0.78
34,35,002445,中南文化,2.3,2.22,0.05,76338,17538841.5,4.89,2.35,2.24,2.24,2.25,0.32,115.89,2.53
35,36,300670,大烨智能,6.95,2.21,0.15,18667,12901812.0,2.21,6.98,6.83,6.86,6.8,0.83,1400.05,3.47
36,37,600692,亚通股份,6.59,2.17,0.14,23260,15268405.0,2.02,6.63,6.5,6.55,6.45,0.91,387.14,2.48
37,38,301024,霍普股份,29.77,2.13,0.62,7705,23449180.0,4.36,31.0,29.73,30.0,29.15,4.34,-24.16,4.05
38,39,688717,艾罗能源,59.68,2.02,1.18,4826,28699555.0,3.38,60.48,58.5,58.55,58.5,1.51,44.63,2.12
39,40,301167,建研设计,13.78,2.0,0.27,5452,7507351.4,2.15,13.89,13.6,13.68,13.51,0.77,148.9,1.66
40,41,600496,精工钢构,3.09,1.98,0.06,92038,28447411.0,1.32,3.11,3.07,3.08,3.03,0.46,9.81,0.71
41,42,601012,隆基绿能,19.6,1.82,0.35,613295,1211071387.0,2.29,19.97,19.53,19.8,19.25,0.81,-17.13,2.39
42,43,002135,东南网架,4.7,1.73,0.08,24904,11714879.0,2.6,4.74,4.62,4.67,4.62,0.23,24.81,0.85
43,44,300715,凯伦股份,7.77,1.7,0.13,3249,2508537.8,1.7,7.78,7.65,7.68,7.64,0.1,-69.77,1.31
44,45,301027,华蓝集团,11.26,1.44,0.16,12205,13718976.56,2.79,11.35,11.04,11.2,11.1,1.03,-53.21,1.77
45,46,000055,方大集团,4.01,1.26,0.05,10352,4139996.0,1.26,4.02,3.97,3.99,3.96,0.15,21.57,0.71
46,47,601222,林洋能源,7.35,1.24,0.09,77664,57518823.0,1.79,7.47,7.34,7.4,7.26,0.38,12.48,0.96
47,48,300444,双杰电气,7.35,1.24,0.09,55133,40791474.93,2.07,7.47,7.32,7.39,7.26,0.93,37.87,3.5
48,49,001896,豫能控股,4.35,1.16,0.05,39585,17157594.0,1.16,4.36,4.31,4.31,4.3,0.3,-55.73,2.11
49,50,002482,广田集团,1.82,1.11,0.02,63574,11580302.0,2.22,1.84,1.8,1.81,1.8,0.17,-28.74,11.42
50,51,688599,天合光能,25.7,1.02,0.26,108986,284620702.0,3.89,26.58,25.59,26.2,25.44,0.5,-49.62,1.97
51,52,688408,中信博,86.48,0.98,0.84,8108,71224839.0,3.15,88.89,86.19,88.86,85.64,0.4,30.73,5.61
52,53,002398,垒知集团,4.17,0.97,0.04,6726,2801038.0,1.45,4.19,4.13,4.15,4.13,0.12,22.76,0.81
53,54,603137,恒尚节能,10.83,0.93,0.1,2092,2263545.0,1.3,10.86,10.72,10.79,10.73,0.28,16.98,1.64
54,55,000012,南  玻Ａ,5.48,0.92,0.05,48905,26899840.02,1.29,5.53,5.46,5.47,5.43,0.25,16.05,1.2
55,56,002333,罗普斯金,5.53,0.91,0.05,6975,3856294.0,0.91,5.55,5.5,5.53,5.48,0.11,62.52,2.0
56,57,603017,中衡设计,8.92,0.9,0.08,6891,6137854.0,2.38,8.97,8.76,8.83,8.84,0.25,27.6,1.64
57,58,002641,公元股份,4.5,0.9,0.04,18894,8531851.0,1.35,4.55,4.49,4.49,4.46,0.17,28.08,1.02
58,59,003035,南网能源,4.64,0.87,0.04,27274,12681213.44,1.3,4.67,4.61,4.61,4.6,0.12,86.66,2.56
59,60,600502,安徽建工,4.85,0.83,0.04,40600,19649961.0,1.46,4.87,4.8,4.8,4.81,0.24,6.49,0.8
60,61,000040,ST旭蓝,1.26,0.8,0.01,130341,16183391.0,2.4,1.26,1.23,1.23,1.25,1.23,-10.72,0.17
61,62,300412,迦南科技,4.31,0.47,0.02,15513,6690274.1,0.93,4.33,4.29,4.3,4.29,0.33,106.76,2.08
62,63,000928,中钢国际,6.52,0.46,0.03,29361,19128706.0,0.92,6.55,6.49,6.51,6.49,0.2,10.96,1.14
63,64,603030,全筑股份,2.28,0.44,0.01,68257,15379539.0,3.08,2.29,2.22,2.26,2.27,0.52,-65.46,3.01
64,65,300344,立方数科,4.58,0.44,0.02,26795,12261411.0,2.19,4.62,4.52,4.53,4.56,0.42,-42.73,8.87
65,66,600491,龙元建设,3.84,0.0,0.0,29830,11381575.0,2.34,3.86,3.77,3.81,3.84,0.19,-13.93,0.56
66,67,301179,泽宇智能,17.76,0.0,0.0,3274,5829804.52,2.7,17.99,17.51,17.83,17.76,0.39,33.79,2.57
67,68,300490,华自科技,8.41,0.0,0.0,7434,6269002.0,2.02,8.52,8.35,8.41,8.41,0.19,-17.81,1.27
68,69,002192,融捷股份,34.23,0.0,0.0,8265,28441667.91,1.2,34.63,34.22,34.34,34.23,0.32,36.47,2.67
69,70,600710,苏美达,9.23,-0.22,-0.02,9714,8955533.0,1.19,9.27,9.16,9.19,9.25,0.07,9.04,1.61
70,71,300737,科顺股份,5.69,-0.35,-0.02,16816,9591692.2,1.23,5.74,5.67,5.71,5.71,0.2,37.9,1.27
71,72,300001,特锐德,22.0,-0.36,-0.08,22406,49302471.0,1.18,22.2,21.94,21.96,22.08,0.22,39.01,3.36
72,73,002056,横店东磁,14.6,-0.54,-0.08,22405,33012659.0,2.25,14.93,14.6,14.7,14.68,0.14,19.23,2.59
73,74,000027,深圳能源,6.76,-0.59,-0.04,55000,37317402.0,1.18,6.83,6.75,6.77,6.8,0.12,11.35,1.07
74,75,300732,设研院,7.84,-1.01,-0.08,26636,20775474.8,3.54,7.96,7.68,7.68,7.92,0.82,-12.85,0.97
75,76,600667,太极实业,7.59,-1.04,-0.08,123968,94604658.0,1.56,7.7,7.58,7.63,7.67,0.59,23.36,1.93
76,77,002271,东方雨虹,13.8,-1.15,-0.16,57378,79567423.5,1.72,14.02,13.78,13.97,13.96,0.3,19.74,1.28
77,78,601615,明阳智能,11.77,-1.18,-0.14,87037,103677264.0,3.95,12.19,11.72,11.91,11.91,0.38,24.8,0.99
78,79,603381,永臻股份,23.07,-1.24,-0.29,11927,27432469.0,1.41,23.14,22.81,23.01,23.36,2.28,23.01,1.5
79,80,300324,旋极信息,3.89,-1.77,-0.07,114651,45028443.1,3.03,4.0,3.88,3.96,3.96,0.67,-35.02,2.24
80,81,300320,海达股份,12.72,-1.85,-0.24,89125,115252959.0,4.4,13.2,12.63,13.15,12.96,1.82,49.21,3.34
81,82,600522,中天科技,15.48,-2.09,-0.33,83379,130403952.0,3.29,15.95,15.43,15.85,15.81,0.24,17.15,1.52
82,83,300956,英力股份,19.38,-2.76,-0.55,36365,71610415.38,5.12,20.38,19.36,20.2,19.93,4.06,423.39,2.52
83,84,000651,格力电器,43.93,-4.04,-1.85,129563,572295003.46,1.97,44.7,43.8,44.5,45.78,0.23,8.4,1.95
