,序号,代码,名称,最新价,涨跌幅,涨跌额,成交量,成交额,振幅,最高,最低,今开,昨收,换手率,市盈率-动态,市净率
0,1,300981,中红医疗,14.56,12.87,1.66,106749.0,154722911.62,16.2,15.47,13.38,13.38,12.9,2.99,83.45,1.01
1,2,002936,郑州银行,2.26,10.24,0.21,2076130.0,455075466.3,8.78,2.26,2.08,2.09,2.05,3.1,6.87,0.46
2,3,000717,中南股份,2.93,10.15,0.27,434285.0,126099481.43,5.64,2.93,2.78,2.83,2.66,1.79,-6.26,0.86
3,4,002110,三钢闽光,3.91,10.14,0.36,297407.0,114681333.37,6.76,3.91,3.67,3.67,3.55,1.22,-5.41,0.5
4,5,000402,金 融 街,3.93,10.08,0.36,980982.0,382861083.15,6.16,3.93,3.71,3.72,3.57,3.28,-3.37,0.35
5,6,600787,中储股份,6.88,10.08,0.63,228104.0,156935483.0,0.0,6.88,6.88,6.88,6.25,1.05,29.17,1.09
6,7,600104,上汽集团,19.0,10.02,1.73,1089150.0,2068303390.0,1.97,19.0,18.66,19.0,17.27,0.94,23.88,0.75
7,8,000990,诚志股份,8.79,10.01,0.8,189189.0,164266750.7,5.13,8.79,8.38,8.38,7.99,1.56,36.67,0.6
8,9,000926,福星股份,2.97,10.0,0.27,913927.0,268037378.56,6.3,2.97,2.8,2.81,2.7,5.81,213.36,0.39
9,10,002462,嘉事堂,14.21,9.98,1.29,100858.0,140915020.0,7.2,14.21,13.28,13.28,12.92,3.46,13.46,0.94
10,11,600676,交运股份,5.51,9.98,0.5,102766.0,56624176.0,0.0,5.51,5.51,5.51,5.01,1.0,-18.89,1.07
11,12,601828,美凯龙,3.64,9.97,0.33,202259.0,73622422.0,0.0,3.64,3.64,3.64,3.31,0.56,-6.3,0.33
12,13,000608,阳光股份,2.65,9.96,0.24,300107.0,78192948.96,7.88,2.65,2.46,2.46,2.41,4.03,-74.14,0.82
13,14,002344,海宁皮城,4.76,9.93,0.43,33242.0,15823410.96,0.0,4.76,4.76,4.76,4.33,0.26,63.49,0.73
14,15,000900,现代投资,4.55,9.9,0.41,375690.0,168865025.1,6.76,4.55,4.27,4.27,4.14,2.48,12.75,0.63
15,16,600884,杉杉股份,9.38,9.71,0.83,438162.0,407408118.0,8.42,9.41,8.69,8.7,8.55,2.49,682.92,0.96
16,17,600157,永泰能源,1.7,9.68,0.15,11412079.0,1901014026.0,8.39,1.71,1.58,1.59,1.55,5.14,19.35,0.8
17,18,603808,歌力思,8.22,9.45,0.71,160494.0,128950483.0,8.66,8.26,7.61,7.81,7.51,4.35,105.71,1.07
18,19,600704,物产中大,5.71,9.39,0.49,1439570.0,814249742.0,7.47,5.74,5.35,5.39,5.22,2.79,9.54,0.81
19,20,600606,绿地控股,2.45,8.89,0.2,1927195.0,470711832.0,8.0,2.48,2.3,2.3,2.25,1.37,109.15,0.42
20,21,300070,碧水源,6.29,8.82,0.51,984335.0,619564515.54,5.88,6.49,6.15,6.15,5.78,2.87,-398.12,0.84
21,22,000709,河钢股份,2.36,8.76,0.19,1502996.0,350329223.09,7.83,2.39,2.22,2.22,2.17,1.45,32.17,0.48
22,23,002582,好想你,6.59,8.75,0.53,240981.0,159035491.66,6.77,6.67,6.26,6.26,6.06,7.02,-36.9,0.83
23,24,002392,北京利尔,4.37,8.71,0.35,628474.0,276879459.21,2.74,4.42,4.31,4.42,4.02,7.52,12.59,0.96
24,25,600682,南京新百,7.05,8.63,0.56,332324.0,233597270.0,7.7,7.14,6.64,6.71,6.49,2.85,32.13,0.55
25,26,300195,长荣股份,6.07,8.39,0.47,119944.0,70038004.0,8.04,6.09,5.64,5.7,5.6,3.82,570.04,0.97
26,27,002958,青农商行,3.35,8.06,0.25,1431103.0,473776111.52,7.74,3.41,3.17,3.17,3.1,2.91,4.36,0.53
27,28,688068,热景生物,34.76,7.98,2.57,48582.0,172343233.0,10.38,36.67,33.33,33.69,32.19,5.25,-59.32,0.99
28,29,600508,上海能源,14.37,7.88,1.05,125700.0,178421005.0,5.03,14.4,13.73,13.77,13.32,1.74,12.45,0.81
29,30,600969,郴电国际,7.08,7.76,0.51,187394.0,134307212.0,6.39,7.23,6.81,6.81,6.57,5.06,32.5,0.72
30,31,000069,华侨城Ａ,3.06,7.75,0.22,1093686.0,335464497.6,6.69,3.12,2.93,2.94,2.84,1.59,-7.85,0.43
31,32,600658,电子城,4.93,7.64,0.35,169362.0,81749651.0,5.68,4.96,4.7,4.7,4.58,1.51,-8.43,0.81
32,33,000898,鞍钢股份,2.53,7.2,0.17,551366.0,137717926.07,5.93,2.54,2.4,2.4,2.36,0.69,-3.5,0.48
33,34,600510,黑牡丹,5.09,7.16,0.34,321881.0,166619958.0,4.42,5.23,5.02,5.1,4.75,3.12,49.64,0.52
34,35,002394,联发股份,7.92,6.74,0.5,149665.0,120817525.3,4.04,8.16,7.86,7.97,7.42,4.63,14.73,0.64
35,36,600739,辽宁成大,12.21,6.64,0.76,220893.0,269398206.0,4.98,12.45,11.88,11.9,11.45,1.44,19.69,0.63
36,37,688075,安旭生物,40.21,6.49,2.45,7831.0,31455688.0,7.28,40.99,38.24,38.24,37.76,0.62,28.23,0.99
37,38,600390,五矿资本,7.91,6.46,0.48,1360637.0,1086411950.0,6.19,8.17,7.71,7.8,7.43,3.02,21.92,0.83
38,39,601186,中国铁建,9.97,6.4,0.6,969994.0,956036884.0,3.09,10.0,9.71,9.86,9.37,0.84,6.47,0.52
39,40,833819,颖泰生物,4.34,6.37,0.26,168733.0,74543823.19,10.54,4.65,4.22,4.4,4.08,1.4,-20.13,0.98
40,41,600153,建发股份,10.05,6.35,0.6,402177.0,403971724.0,5.19,10.21,9.72,9.73,9.45,1.39,10.79,0.54
41,42,000050,深天马Ａ,9.69,6.25,0.57,609285.0,600237867.98,6.25,10.03,9.46,9.59,9.12,2.48,-37.79,0.87
42,43,601618,中国中冶,3.59,6.21,0.21,1004419.0,355010128.0,2.96,3.59,3.49,3.49,3.38,0.56,8.17,0.73
43,44,002048,宁波华翔,13.78,6.08,0.79,119635.0,161704722.48,4.93,13.79,13.15,13.15,12.99,2.29,11.74,0.99
44,45,600694,大商股份,19.99,6.05,1.14,38384.0,76090577.0,4.03,20.14,19.38,19.49,18.85,1.23,8.83,0.72
45,46,002146,荣盛发展,2.11,6.03,0.12,1825774.0,386768094.98,7.04,2.19,2.05,2.05,1.99,4.68,-4.83,0.41
46,47,600067,冠城大通,3.39,5.94,0.19,345175.0,116687633.0,7.81,3.49,3.24,3.27,3.2,2.48,-48.95,0.73
47,48,601005,重庆钢铁,1.62,5.88,0.09,1213275.0,194611248.0,4.58,1.63,1.56,1.56,1.53,1.45,-8.03,0.78
48,49,601992,金隅集团,1.99,5.85,0.11,519235.0,102890380.0,5.85,2.02,1.91,1.91,1.88,0.62,-36.51,0.48
49,50,001227,兰州银行,2.66,5.56,0.14,1181308.0,309687248.73,4.76,2.67,2.55,2.56,2.52,4.27,7.6,0.52
50,51,600123,兰花科创,9.09,5.45,0.47,256875.0,231527758.0,3.36,9.16,8.87,8.88,8.62,1.73,14.33,0.83
51,52,600335,国机汽车,6.78,5.44,0.35,272335.0,185967980.0,4.67,7.0,6.7,6.7,6.43,1.82,24.8,0.91
52,53,002277,友阿股份,3.3,5.43,0.17,762436.0,258275299.0,5.43,3.44,3.27,3.29,3.13,5.47,30.17,0.68
53,54,000059,华锦股份,5.36,5.3,0.27,176929.0,95103340.4,6.29,5.5,5.18,5.18,5.09,1.11,-3.4,0.69
54,55,600782,新钢股份,4.01,5.25,0.2,213718.0,85119419.0,2.89,4.03,3.92,3.94,3.81,0.68,-16.35,0.49
55,56,000501,武商集团,8.81,5.13,0.43,90056.0,78707686.5,3.46,8.86,8.57,8.59,8.38,1.17,40.93,0.61
56,57,601800,中国交建,11.5,5.12,0.56,637257.0,728745442.0,3.11,11.6,11.26,11.48,10.94,0.54,8.63,0.66
57,58,000028,国药一致,32.02,5.09,1.55,44511.0,141161505.2,4.33,32.23,30.91,30.91,30.47,0.93,12.54,0.98
58,59,600623,华谊集团,7.24,5.08,0.35,264848.0,190831758.0,3.77,7.32,7.06,7.06,6.89,1.42,19.19,0.68
59,60,600051,宁波联合,6.84,5.07,0.33,53944.0,37108903.0,3.99,6.98,6.72,6.72,6.51,1.74,28.98,0.64
60,61,600170,上海建工,2.7,5.06,0.13,1371178.0,369602422.0,5.06,2.75,2.62,2.62,2.57,1.54,13.32,0.78
61,62,600016,民生银行,3.96,5.04,0.19,2273630.0,888545284.0,3.71,3.96,3.82,3.83,3.77,0.64,4.27,0.32
62,63,600376,首开股份,2.94,5.0,0.14,192553.0,56060733.0,3.57,2.95,2.85,2.85,2.8,0.75,-1.33,0.55
63,64,000090,天健集团,4.44,4.96,0.21,202618.0,89189167.69,2.6,4.44,4.33,4.35,4.23,1.08,18.94,0.74
64,65,601512,中新集团,7.89,4.92,0.37,52865.0,41279824.0,5.05,7.98,7.6,7.62,7.52,0.35,13.19,0.82
65,66,600716,凤凰股份,3.44,4.88,0.16,113501.0,38809430.0,3.96,3.47,3.34,3.34,3.28,1.21,-84.35,0.61
66,67,000778,新兴铸管,4.09,4.87,0.19,481375.0,196108375.0,3.33,4.12,3.99,3.99,3.9,1.24,25.32,0.63
67,68,600585,海螺水泥,26.92,4.87,1.25,104332.0,278500250.0,3.93,27.03,26.02,26.02,25.67,0.26,20.58,0.77
68,69,600017,日照港,3.26,4.82,0.15,324424.0,104726009.0,3.54,3.26,3.15,3.15,3.11,1.05,11.84,0.73
69,70,002314,南山控股,2.61,4.82,0.12,207307.0,53663864.0,4.02,2.63,2.53,2.54,2.49,1.55,-15.21,0.71
70,71,601390,中国中铁,6.88,4.72,0.31,1016290.0,697760147.0,3.04,6.98,6.78,6.86,6.57,0.5,6.21,0.57
71,72,000825,太钢不锈,3.78,4.71,0.17,268224.0,100424319.66,3.88,3.79,3.65,3.67,3.61,0.47,-29.19,0.65
72,73,601011,宝泰隆,2.51,4.58,0.11,280322.0,69679236.0,4.58,2.52,2.41,2.41,2.4,1.46,-13.21,0.81
73,74,600717,天津港,5.26,4.57,0.23,433452.0,228660678.0,5.17,5.4,5.14,5.14,5.03,1.5,12.79,0.79
74,75,600019,宝钢股份,6.88,4.56,0.3,662901.0,451265291.0,3.65,6.89,6.65,6.65,6.58,0.3,19.29,0.76
75,76,688186,广大特材,14.39,4.5,0.62,25047.0,35942223.0,5.45,14.7,13.95,13.95,13.77,1.17,29.15,0.92
76,77,601997,贵阳银行,6.28,4.49,0.27,583806.0,364951364.0,3.16,6.33,6.14,6.15,6.01,1.6,4.34,0.38
77,78,600269,赣粤高速,5.35,4.49,0.23,180879.0,95684614.0,3.52,5.35,5.17,5.18,5.12,0.77,8.13,0.67
78,79,600755,厦门国贸,6.99,4.48,0.3,283827.0,198951090.0,3.89,7.13,6.87,6.87,6.69,1.33,15.96,0.74
79,80,000910,大亚圣象,7.71,4.47,0.33,29010.0,22249902.2,3.52,7.77,7.51,7.51,7.38,0.53,23.61,0.63
80,81,600339,中油工程,3.74,4.47,0.16,328745.0,122485458.0,1.96,3.75,3.68,3.68,3.58,0.59,24.77,0.79
81,82,600208,衢州发展,3.04,4.47,0.13,830413.0,253145287.0,4.12,3.1,2.98,2.99,2.91,0.98,9.78,0.59
82,83,000959,首钢股份,3.29,4.44,0.14,319775.0,104656186.81,3.49,3.31,3.2,3.21,3.15,0.49,94.18,0.52
83,84,601880,辽港股份,1.65,4.43,0.07,1004996.0,163796065.0,4.43,1.66,1.59,1.59,1.58,0.54,31.29,0.99
84,85,603359,东珠生态,4.98,4.4,0.21,134952.0,68132500.0,5.45,5.2,4.94,5.0,4.77,3.03,127.27,0.67
85,86,002051,中工国际,9.5,4.4,0.4,392993.0,380022624.31,7.69,10.01,9.31,10.01,9.1,3.18,27.26,1.03
86,87,600742,一汽富维,9.81,4.36,0.41,136874.0,135693428.0,4.79,10.14,9.69,9.75,9.4,1.84,13.64,0.86
87,88,601238,广汽集团,9.15,4.33,0.38,297103.0,274210042.0,5.7,9.49,8.99,9.0,8.77,0.4,592.27,0.83
88,89,600266,城建发展,5.89,4.25,0.24,182824.0,106072569.0,3.72,5.9,5.69,5.73,5.65,0.88,16.81,0.6
89,90,600811,东方集团,2.97,4.21,0.12,1371203.0,408502698.0,6.67,3.09,2.9,2.99,2.85,3.75,62.1,0.65
90,91,600997,开滦股份,7.18,4.21,0.29,85368.0,60500750.0,3.77,7.18,6.92,6.94,6.89,0.54,13.2,0.8
91,92,601117,中国化学,8.82,4.13,0.35,600158.0,525611518.0,4.25,8.98,8.62,8.8,8.47,0.99,10.53,0.89
92,93,000488,晨鸣纸业,3.82,4.09,0.15,179002.0,67431063.5,3.81,3.83,3.69,3.7,3.67,1.06,-11.93,0.71
93,94,600960,渤海汽车,3.57,4.08,0.14,136720.0,49303833.0,5.83,3.7,3.5,3.5,3.43,1.44,-13.42,0.75
94,95,600741,华域汽车,17.61,4.08,0.69,173448.0,306438604.0,4.2,17.94,17.23,17.23,16.92,0.55,9.31,0.92
95,96,002258,利尔化学,8.68,4.08,0.34,84652.0,72996410.42,3.72,8.74,8.43,8.44,8.34,1.06,39.51,0.91
96,97,600655,豫园股份,6.2,4.03,0.24,117515.0,72457291.0,3.36,6.23,6.03,6.04,5.96,0.3,15.62,0.66
97,98,600022,山东钢铁,1.55,4.03,0.06,890346.0,136869766.0,4.03,1.56,1.5,1.51,1.49,0.83,-8.57,0.85
98,99,000932,华菱钢铁,4.66,4.02,0.18,586351.0,273758533.56,2.9,4.73,4.6,4.6,4.48,0.85,13.63,0.6
99,100,600015,华夏银行,7.36,3.95,0.28,438680.0,321402115.0,3.25,7.43,7.2,7.2,7.08,0.29,4.75,0.4
100,101,600528,中铁工业,8.7,3.94,0.33,173985.0,150284596.0,1.67,8.7,8.56,8.6,8.37,0.78,10.99,0.82
101,102,600808,马钢股份,2.39,3.91,0.09,258148.0,61127481.0,3.04,2.39,2.32,2.32,2.3,0.43,-5.48,0.73
102,103,001872,招商港口,21.34,3.89,0.8,93450.0,201027573.27,3.99,21.9,21.08,21.5,20.54,0.54,10.71,0.87
103,104,000685,中山公用,9.07,3.89,0.34,140879.0,127142241.8,2.41,9.09,8.88,8.88,8.73,1.12,9.82,0.78
104,105,601860,紫金银行,2.95,3.87,0.11,761922.0,223093553.0,3.52,2.97,2.87,2.87,2.84,2.15,5.99,0.56
105,106,600668,尖峰集团,10.51,3.85,0.39,39375.0,41707558.0,4.84,10.84,10.35,10.37,10.12,1.14,38.44,0.71
106,107,600567,山鹰国际,1.89,3.85,0.07,1211232.0,228572761.0,3.3,1.91,1.85,1.86,1.82,2.26,110.88,0.66
107,108,600665,天地源,3.25,3.83,0.12,81200.0,26326393.0,4.15,3.29,3.16,3.16,3.13,0.94,20.99,0.7
108,109,601668,中国建筑,6.28,3.8,0.23,1545095.0,963495007.0,2.15,6.31,6.18,6.18,6.05,0.37,4.94,0.58
109,110,601718,际华集团,3.01,3.79,0.11,326075.0,97641392.0,3.45,3.04,2.94,2.94,2.9,0.74,-224.37,0.78
110,111,000726,鲁  泰Ａ,6.57,3.79,0.24,81829.0,53859955.0,4.58,6.74,6.45,6.45,6.33,1.39,13.99,0.58
111,112,600409,三友化工,5.75,3.79,0.21,186768.0,106532969.0,2.71,5.75,5.6,5.6,5.54,0.9,22.55,0.86
112,113,000055,方大集团,4.13,3.77,0.15,95858.0,40171684.52,5.53,4.31,4.09,4.11,3.98,1.42,22.22,0.73
113,114,688298,东方生物,33.4,3.76,1.21,13311.0,43877008.0,3.95,33.46,32.19,32.54,32.19,0.66,-19.26,0.98
114,115,000042,中洲控股,5.03,3.71,0.18,60643.0,30448818.0,4.12,5.14,4.94,4.95,4.85,0.91,-4.84,0.64
115,116,600248,陕建股份,4.76,3.7,0.17,241803.0,114899829.0,1.74,4.79,4.71,4.71,4.59,0.66,4.52,0.73
116,117,601588,北辰实业,2.0,3.63,0.07,321504.0,64339048.0,4.15,2.04,1.96,1.96,1.93,1.21,-5.44,0.58
117,118,600064,南京高科,8.0,3.63,0.28,147613.0,117797600.0,2.85,8.06,7.84,7.85,7.72,0.85,5.65,0.73
118,119,000591,太阳能,5.15,3.62,0.18,445188.0,226985268.4,2.82,5.15,5.01,5.01,4.97,1.24,11.71,0.85
119,120,000967,盈峰环境,4.9,3.59,0.17,66096.0,32265110.0,2.75,4.92,4.79,4.79,4.73,0.21,19.28,0.89
120,121,600177,雅戈尔,7.84,3.57,0.27,222571.0,173058628.0,2.64,7.86,7.66,7.71,7.57,0.48,10.82,0.89
121,122,600000,浦发银行,9.88,3.56,0.34,282529.0,278646238.0,3.46,9.97,9.64,9.65,9.54,0.1,6.17,0.45
122,123,600928,西安银行,3.79,3.55,0.13,257854.0,97001337.0,1.91,3.79,3.72,3.73,3.66,0.58,6.56,0.52
123,124,600278,东方创业,7.34,3.53,0.25,70920.0,52739594.0,5.64,7.65,7.25,7.29,7.09,0.81,25.72,0.85
124,125,600596,新安股份,8.55,3.51,0.29,85285.0,72147980.0,2.54,8.55,8.34,8.34,8.26,0.66,63.17,0.91
125,126,600155,华创云信,8.06,3.47,0.27,189412.0,150639365.0,3.08,8.07,7.83,7.88,7.79,0.85,124.65,0.9
126,127,600502,安徽建工,5.08,3.46,0.17,219786.0,110788119.0,2.44,5.09,4.97,4.97,4.91,1.28,6.8,0.84
127,128,601598,中国外运,5.4,3.45,0.18,318810.0,171199480.0,2.68,5.42,5.28,5.28,5.22,0.61,10.46,1.02
128,129,600368,五洲交通,3.91,3.44,0.13,198180.0,77431616.0,2.91,3.95,3.84,3.84,3.78,1.23,8.33,0.93
129,130,600098,广州发展,6.62,3.44,0.22,188865.0,124545862.0,2.5,6.64,6.48,6.48,6.4,0.54,10.97,0.87
130,131,000498,山东路桥,6.62,3.44,0.22,97442.0,64328674.1,2.66,6.7,6.53,6.58,6.4,0.67,5.32,0.73
131,132,000882,华联股份,1.81,3.43,0.06,687137.0,125803167.0,4.57,1.87,1.79,1.8,1.75,2.51,122.93,0.72
132,133,002081,金 螳 螂,3.65,3.4,0.12,160983.0,58434563.7,2.83,3.67,3.57,3.57,3.53,0.61,15.53,0.72
133,134,600740,山西焦化,4.3,3.37,0.14,149425.0,63682454.0,2.88,4.3,4.18,4.2,4.16,0.58,32.7,0.72
134,135,000517,荣安地产,2.47,3.35,0.08,197848.0,48560734.63,2.51,2.48,2.42,2.42,2.39,0.79,18.54,1.0
135,136,601187,厦门银行,5.6,3.32,0.18,180359.0,100632785.0,2.58,5.63,5.49,5.5,5.42,1.4,5.73,0.59
136,137,002375,亚厦股份,4.07,3.3,0.13,89039.0,36297998.0,2.79,4.13,4.02,4.02,3.94,0.67,16.17,0.68
137,138,002004,华邦健康,4.72,3.28,0.15,93309.0,43583648.34,2.84,4.72,4.59,4.6,4.57,0.5,15.51,0.92
138,139,600649,城投控股,5.08,3.25,0.16,170549.0,86372958.0,3.05,5.13,4.98,4.99,4.92,0.67,-44.58,0.63
139,140,601333,广深铁路,3.5,3.24,0.11,541632.0,188814495.0,3.24,3.53,3.42,3.42,3.39,0.96,15.38,0.91
140,141,000419,通程控股,5.41,3.24,0.17,69745.0,37983629.36,3.24,5.54,5.37,5.38,5.24,1.28,15.09,0.86
141,142,600076,康欣新材,2.23,3.24,0.07,199630.0,45074918.0,5.09,2.32,2.21,2.25,2.16,1.48,-17.92,0.71
142,143,600383,金地集团,5.44,3.23,0.17,468555.0,254237909.0,2.28,5.48,5.36,5.4,5.27,1.04,-5.4,0.4
143,144,600874,创业环保,6.11,3.21,0.19,83640.0,50860864.0,2.03,6.13,6.01,6.01,5.92,0.68,10.62,1.01
144,145,601818,光大银行,3.56,3.19,0.11,1383010.0,490386220.0,3.19,3.59,3.48,3.49,3.45,0.3,4.11,0.44
145,146,600758,辽宁能源,3.56,3.19,0.11,66089.0,23372266.0,3.19,3.57,3.46,3.46,3.45,0.5,59.06,0.87
146,147,600780,通宝能源,6.18,3.17,0.19,37903.0,23149043.0,2.67,6.18,6.02,6.02,5.99,0.33,13.82,0.94
147,148,002233,塔牌集团,7.87,3.15,0.24,60764.0,47851518.85,2.88,7.96,7.74,7.75,7.63,0.51,18.47,0.8
148,149,601699,潞安环能,15.48,3.13,0.47,99265.0,152133098.0,2.47,15.48,15.11,15.16,15.01,0.33,12.41,0.99
149,150,000623,吉林敖东,18.88,3.11,0.57,130487.0,245779021.72,2.51,19.06,18.6,18.66,18.31,1.1,13.61,0.79
150,151,600231,凌钢股份,2.01,3.08,0.06,66672.0,13430943.0,3.08,2.05,1.99,1.99,1.95,0.24,-3.15,0.96
151,152,002010,传化智联,5.03,3.07,0.15,257257.0,128244922.74,2.87,5.04,4.9,4.95,4.88,0.93,44.31,0.81
152,153,601155,新城控股,14.1,3.07,0.42,65462.0,91604528.0,2.34,14.11,13.79,13.8,13.68,0.29,16.4,0.52
153,154,600657,信达地产,5.05,3.06,0.15,214356.0,108115874.0,2.45,5.1,4.98,4.99,4.9,0.75,-124.55,0.59
154,155,000627,天茂集团,4.04,3.06,0.12,480602.0,192537152.2,3.83,4.09,3.94,3.98,3.92,1.06,-44.94,0.92
155,156,600820,隧道股份,7.08,3.06,0.21,209830.0,148295855.0,1.75,7.12,7.0,7.0,6.87,0.67,11.13,0.75
156,157,002393,力生制药,17.6,3.04,0.52,14632.0,25684995.2,2.34,17.7,17.3,17.3,17.08,0.57,20.12,0.91
157,158,002091,江苏国泰,7.82,3.03,0.23,162935.0,127011542.0,1.98,7.86,7.71,7.71,7.59,1.02,10.75,0.84
158,159,002061,浙江交科,4.43,3.02,0.13,223910.0,99311792.0,2.56,4.5,4.39,4.4,4.3,0.86,10.29,0.78
159,160,300664,鹏鹞环保,5.13,3.01,0.15,74611.0,37977718.95,2.21,5.14,5.03,5.03,4.98,0.99,13.96,0.91
160,161,600308,华泰股份,3.78,3.0,0.11,91261.0,34339519.0,1.91,3.79,3.72,3.73,3.67,0.6,25.66,0.62
161,162,002029,七 匹 狼,6.22,2.98,0.18,58216.0,36445358.0,2.32,6.33,6.19,6.22,6.04,0.87,13.96,0.67
162,163,600496,精工钢构,3.12,2.97,0.09,130603.0,40624064.0,2.31,3.14,3.07,3.07,3.03,0.65,9.91,0.72
163,164,600512,腾达建设,2.43,2.97,0.07,173794.0,42315346.0,2.97,2.46,2.39,2.39,2.36,1.09,18.66,0.62
164,165,000600,建投能源,5.27,2.93,0.15,148574.0,77896594.0,2.73,5.3,5.16,5.16,5.12,1.36,16.39,0.93
165,166,600020,中原高速,4.24,2.91,0.12,112812.0,47830181.0,3.64,4.31,4.16,4.16,4.12,0.5,8.68,0.84
166,167,600533,栖霞建设,2.48,2.9,0.07,106445.0,26596163.0,4.15,2.54,2.44,2.44,2.41,1.01,-11.22,0.64
167,168,600180,瑞茂通,4.61,2.9,0.13,60271.0,27861275.0,3.57,4.71,4.55,4.56,4.48,0.55,29.98,0.64
168,169,603113,金能科技,6.07,2.88,0.17,49296.0,30087368.0,4.41,6.19,5.93,5.95,5.9,0.58,-119.03,0.61
169,170,600908,无锡银行,6.13,2.85,0.17,242640.0,149205186.0,2.35,6.22,6.08,6.08,5.96,1.21,5.71,0.65
170,171,600094,大名城,3.69,2.79,0.1,98172.0,35970710.0,2.23,3.7,3.62,3.64,3.59,0.43,29.43,0.72
171,172,601678,滨化股份,4.06,2.78,0.11,121895.0,49220900.0,2.53,4.06,3.96,3.96,3.95,0.59,33.12,0.73
172,173,603518,锦泓集团,7.79,2.77,0.21,36400.0,28568343.0,4.49,8.05,7.71,7.76,7.58,1.06,12.54,0.79
173,174,600971,恒源煤电,9.68,2.76,0.26,78176.0,75177895.0,2.12,9.68,9.48,9.48,9.42,0.65,9.22,0.92
174,175,002067,景兴纸业,3.73,2.75,0.1,282715.0,105919040.1,4.41,3.84,3.68,3.71,3.63,2.71,66.09,0.81
175,176,601669,中国电建,5.98,2.75,0.16,886739.0,529398132.0,2.41,6.05,5.91,5.98,5.82,0.68,8.77,0.76
176,177,000950,重药控股,5.62,2.74,0.15,115352.0,64857007.0,2.74,5.68,5.53,5.54,5.47,0.67,24.93,0.85
177,178,601778,晶科科技,3.02,2.72,0.08,270973.0,81776752.0,3.06,3.05,2.96,2.96,2.94,0.76,36.8,0.7
178,179,000877,天山股份,6.45,2.71,0.17,69283.0,44929133.49,3.66,6.6,6.37,6.37,6.28,0.38,-9.18,0.57
179,180,002191,劲嘉股份,4.58,2.69,0.12,91012.0,41738673.0,2.91,4.65,4.52,4.55,4.46,0.63,21.01,0.99
180,181,601988,中国银行,4.99,2.67,0.13,1555167.0,772227257.0,2.88,5.02,4.88,4.88,4.86,0.07,6.27,0.62
181,182,601003,柳钢股份,3.08,2.67,0.08,75582.0,23235255.0,2.33,3.1,3.03,3.03,3.0,0.29,-19.26,0.93
182,183,600035,楚天高速,4.26,2.65,0.11,97020.0,41266049.0,2.41,4.29,4.19,4.19,4.15,0.6,7.76,0.8
183,184,600643,爱建集团,5.85,2.63,0.15,87424.0,51166059.0,2.81,5.94,5.78,5.81,5.7,0.55,28.2,0.74
184,185,600708,光明地产,3.13,2.62,0.08,174707.0,54749709.0,4.26,3.19,3.06,3.15,3.05,0.79,-13.93,0.67
185,186,000690,宝新能源,4.7,2.62,0.12,205935.0,96347702.0,2.18,4.72,4.62,4.63,4.58,0.95,12.95,0.85
186,187,600828,茂业商业,3.15,2.61,0.08,65184.0,20726891.0,4.89,3.25,3.1,3.19,3.07,0.38,26.59,0.77
187,188,600337,美克家居,1.97,2.6,0.05,123144.0,24286727.0,5.21,2.03,1.93,1.94,1.92,0.86,-4.82,0.9
188,189,601577,长沙银行,8.67,2.6,0.22,146462.0,126788765.0,1.89,8.73,8.57,8.57,8.45,0.36,4.23,0.54
189,190,601998,中信银行,6.73,2.59,0.17,266860.0,178921061.0,2.13,6.76,6.62,6.63,6.56,0.07,5.22,0.54
190,191,002398,垒知集团,4.36,2.59,0.11,57669.0,25152538.68,3.06,4.42,4.29,4.29,4.25,1.0,23.8,0.85
191,192,600033,福建高速,3.58,2.58,0.09,207798.0,74186729.0,2.01,3.59,3.52,3.52,3.49,0.76,9.29,0.84
192,193,000785,居然之家,2.83,2.54,0.07,220820.0,62574219.0,2.9,2.87,2.79,2.79,2.76,0.37,18.24,0.88
193,194,600736,苏州高新,5.67,2.53,0.14,207921.0,118847039.0,4.88,5.85,5.58,5.68,5.53,1.81,20.66,0.87
194,195,000552,甘肃能化,2.84,2.53,0.07,348951.0,98585498.0,2.17,2.85,2.79,2.79,2.77,0.94,11.05,0.91
195,196,000619,海螺新材,5.29,2.52,0.13,38561.0,20500833.0,4.07,5.42,5.21,5.26,5.16,1.07,-66.27,0.87
196,197,600639,浦东金桥,11.42,2.51,0.28,55060.0,62834239.0,2.78,11.56,11.25,11.25,11.14,0.65,24.61,0.91
197,198,000965,天保基建,3.27,2.51,0.08,167160.0,55038792.5,3.13,3.34,3.24,3.24,3.19,1.51,3057.95,0.67
198,199,601868,中国能建,2.46,2.5,0.06,1597985.0,391963010.0,2.5,2.48,2.42,2.43,2.4,0.49,21.34,0.99
199,200,000718,苏宁环球,2.46,2.5,0.06,160284.0,39461118.14,3.33,2.5,2.42,2.43,2.4,0.7,15.82,0.77
200,201,603077,和邦生物,2.07,2.48,0.05,524385.0,108258784.0,2.48,2.09,2.04,2.04,2.02,0.59,61.95,0.97
201,202,601916,浙商银行,2.92,2.46,0.07,1075108.0,312367620.0,2.11,2.93,2.87,2.87,2.85,0.5,4.66,0.47
202,203,000401,冀东水泥,5.84,2.46,0.14,60438.0,35286036.57,2.63,5.91,5.76,5.78,5.7,0.39,-39.23,0.55
203,204,000001,平安银行,11.72,2.45,0.28,814562.0,954293600.67,1.4,11.78,11.62,11.63,11.44,0.42,4.29,0.54
204,205,002948,青岛银行,3.8,2.43,0.09,289266.0,109554691.9,2.16,3.82,3.74,3.74,3.71,0.93,4.8,0.61
205,206,601163,三角轮胎,15.25,2.42,0.36,45834.0,69464753.0,1.88,15.26,14.98,15.04,14.89,0.57,10.36,0.92
206,207,000949,新乡化纤,3.83,2.41,0.09,201151.0,77285639.0,4.55,3.93,3.76,3.76,3.74,1.37,24.51,1.0
207,208,600284,浦东建设,6.41,2.4,0.15,70287.0,45048378.0,2.56,6.51,6.35,6.36,6.26,0.72,10.1,0.8
208,209,000039,中集集团,8.65,2.37,0.2,115987.0,100171538.3,2.01,8.7,8.53,8.54,8.45,0.5,19.14,1.0
209,210,601166,兴业银行,18.47,2.33,0.42,391512.0,722454630.0,2.27,18.61,18.2,18.2,18.05,0.19,4.57,0.51
210,211,600526,菲达环保,4.84,2.33,0.11,57814.0,28134754.0,3.38,4.93,4.77,4.77,4.73,0.81,20.28,1.01
211,212,002133,广宇集团,2.64,2.33,0.06,98708.0,26152992.0,3.1,2.69,2.61,2.61,2.58,1.28,-10.08,0.54
212,213,600325,华发股份,6.67,2.3,0.15,139255.0,92429969.0,2.45,6.72,6.56,6.57,6.52,0.54,10.35,0.88
213,214,002839,张家港行,4.46,2.29,0.1,274377.0,122272024.0,1.61,4.49,4.42,4.42,4.36,1.17,5.5,0.65
214,215,002608,江苏国信,7.64,2.28,0.17,82815.0,63095906.0,2.54,7.67,7.48,7.53,7.47,0.22,7.41,0.9
215,216,601518,吉林高速,2.72,2.26,0.06,99025.0,26894961.0,2.63,2.75,2.68,2.68,2.66,0.52,9.9,0.98
216,217,600827,百联股份,9.99,2.25,0.22,59820.0,60128379.0,2.97,10.16,9.87,9.87,9.77,0.37,8.25,0.92
217,218,601328,交通银行,7.28,2.25,0.16,596627.0,432757581.0,2.11,7.31,7.16,7.16,7.12,0.15,5.9,0.57
218,219,688199,久日新材,16.4,2.24,0.36,7147.0,11656590.0,2.18,16.5,16.15,16.15,16.04,0.44,-82.19,1.02
219,220,000789,万年青,5.48,2.24,0.12,38715.0,21346669.45,4.29,5.61,5.38,5.38,5.36,0.49,469.66,0.65
220,221,000883,湖北能源,5.03,2.24,0.11,182793.0,91475325.58,2.24,5.05,4.94,4.94,4.92,0.28,9.96,0.95
221,222,600810,神马股份,7.37,2.22,0.16,48817.0,36082986.0,2.64,7.49,7.3,7.49,7.21,0.48,210.37,1.01
222,223,000507,珠海港,5.13,2.19,0.11,71185.0,36684447.16,3.19,5.22,5.06,5.06,5.02,0.79,14.82,0.9
223,224,002807,江阴银行,4.21,2.18,0.09,252881.0,106544907.92,1.46,4.24,4.18,4.19,4.12,1.03,6.89,0.59
224,225,000906,浙商中拓,6.6,2.17,0.14,122386.0,81733580.38,3.87,6.79,6.54,6.59,6.46,1.74,8.39,0.97
225,226,601169,北京银行,5.71,2.15,0.12,724292.0,412988513.0,1.97,5.75,5.64,5.65,5.59,0.34,4.39,0.45
226,227,603980,吉华集团,4.3,2.14,0.09,50727.0,22159006.0,4.75,4.46,4.26,4.26,4.21,0.75,17.03,0.75
227,228,002040,南 京 港,6.7,2.13,0.14,27241.0,18301341.4,2.9,6.8,6.61,6.66,6.56,0.56,19.84,1.01
228,229,002440,闰土股份,6.72,2.13,0.14,23781.0,15967416.79,2.28,6.8,6.65,6.66,6.58,0.25,37.53,0.81
229,230,001213,中铁特货,4.34,2.12,0.09,152067.0,66054648.0,1.41,4.37,4.31,4.31,4.25,0.34,25.25,1.02
230,231,002478,常宝股份,5.31,2.12,0.11,62635.0,33265900.3,2.31,5.35,5.23,5.25,5.2,0.87,8.73,0.88
231,232,600859,王府井,14.98,2.11,0.31,111278.0,166824197.0,2.04,15.15,14.85,14.88,14.67,1.02,29.88,0.86
232,233,601018,宁波港,3.87,2.11,0.08,265166.0,102519483.0,2.11,3.89,3.81,3.81,3.79,0.17,13.75,0.97
233,234,600984,建设机械,3.44,2.08,0.07,73204.0,25310263.0,4.45,3.53,3.38,3.44,3.37,0.58,-5.17,0.93
234,235,600693,东百集团,3.49,2.05,0.07,40339.0,14097136.0,4.39,3.57,3.42,3.42,3.42,0.46,26.64,0.86
235,236,000589,贵州轮胎,4.99,2.04,0.1,215843.0,107786720.1,2.45,5.06,4.94,4.95,4.89,1.41,10.38,0.89
236,237,000797,中国武夷,3.0,2.04,0.06,205123.0,61716056.04,3.06,3.06,2.97,2.97,2.94,1.31,75.76,0.9
237,238,000581,威孚高科,18.53,2.04,0.37,37208.0,68825471.64,1.82,18.66,18.33,18.34,18.16,0.45,10.85,0.95
238,239,600805,悦达投资,4.51,2.04,0.09,40058.0,18120727.0,2.49,4.57,4.46,4.5,4.42,0.47,114.48,0.87
239,240,600583,海油工程,5.59,2.01,0.11,153412.0,85591167.0,1.64,5.62,5.53,5.53,5.48,0.35,10.63,0.95
240,241,600638,新黄浦,5.2,1.96,0.1,35281.0,18454792.0,2.75,5.29,5.15,5.17,5.1,0.52,47.0,0.78
241,242,002589,瑞康医药,3.14,1.95,0.06,188352.0,59502967.0,4.87,3.24,3.09,3.12,3.08,1.38,91.31,0.86
242,243,601963,重庆银行,9.5,1.93,0.18,74863.0,70823806.0,1.93,9.55,9.37,9.45,9.32,0.4,5.59,0.63
243,244,000417,合百集团,5.31,1.92,0.1,56602.0,30185554.0,2.88,5.41,5.26,5.29,5.21,0.73,14.88,0.88
244,245,600173,卧龙地产,4.28,1.9,0.08,30984.0,13277035.0,2.62,4.34,4.23,4.23,4.2,0.44,20.8,0.78
245,246,600790,轻纺城,3.78,1.89,0.07,80638.0,30488336.0,2.43,3.82,3.73,3.74,3.71,0.55,18.81,0.88
246,247,601368,绿城水务,4.92,1.86,0.09,25268.0,12389731.0,1.66,4.94,4.86,4.87,4.83,0.29,24.3,0.91
247,248,603368,柳药集团,18.6,1.86,0.34,32979.0,61349089.0,2.14,18.76,18.37,18.37,18.26,0.83,7.78,0.97
248,249,601010,文峰股份,2.23,1.83,0.04,107499.0,24037426.0,3.2,2.27,2.2,2.21,2.19,0.58,44.56,0.95
249,250,603385,惠达卫浴,6.75,1.81,0.12,19195.0,13021913.0,4.07,6.93,6.66,6.73,6.63,0.5,20.62,0.69
250,251,601528,瑞丰银行,5.65,1.8,0.1,349662.0,200129555.0,3.78,5.84,5.63,5.73,5.55,2.05,5.77,0.62
251,252,600075,新疆天业,4.52,1.8,0.08,49535.0,22373467.0,1.8,4.56,4.48,4.48,4.44,0.29,573.63,0.87
252,253,601886,江河集团,5.67,1.8,0.1,36350.0,20525662.0,1.62,5.7,5.61,5.64,5.57,0.32,11.13,0.9
253,254,600467,好当家,2.31,1.76,0.04,167418.0,38602963.0,3.52,2.35,2.27,2.3,2.27,1.15,85.72,1.0
254,255,603797,联泰环保,4.11,1.73,0.07,40635.0,16813723.0,3.71,4.22,4.07,4.07,4.04,0.7,10.81,0.76
255,256,601233,桐昆股份,12.36,1.73,0.21,84601.0,104279769.0,1.89,12.42,12.19,12.2,12.15,0.35,22.2,0.82
256,257,600959,江苏有线,3.54,1.72,0.06,269414.0,96124052.0,2.87,3.61,3.51,3.55,3.48,0.54,59.73,0.79
257,258,002187,广百股份,5.31,1.72,0.09,26613.0,14171356.4,2.68,5.39,5.25,5.29,5.22,0.51,53.38,0.92
258,259,600748,上实发展,3.63,1.68,0.06,76140.0,27852308.0,4.2,3.74,3.59,3.63,3.57,0.41,-18.0,0.69
259,260,600126,杭钢股份,4.26,1.67,0.07,186052.0,79623932.0,3.58,4.35,4.2,4.25,4.19,0.55,-24.15,0.73
260,261,688184,帕瓦股份,15.47,1.64,0.25,5059.0,7790188.0,3.61,15.68,15.13,15.35,15.22,0.49,-4.68,0.99
261,262,601222,林洋能源,7.49,1.63,0.12,63686.0,47485380.0,1.22,7.5,7.41,7.41,7.37,0.31,12.72,0.98
262,263,600798,宁波海运,3.13,1.62,0.05,64810.0,20307863.0,1.95,3.16,3.1,3.11,3.08,0.54,-328.04,0.96
263,264,603012,创力集团,5.04,1.61,0.08,38697.0,19544603.0,2.62,5.11,4.98,4.98,4.96,0.6,17.23,0.89
264,265,000822,山东海化,5.67,1.61,0.09,44176.0,25095396.65,3.05,5.77,5.6,5.6,5.58,0.49,22.16,0.96
265,266,600713,南京医药,5.1,1.59,0.08,57914.0,29603528.0,1.99,5.16,5.06,5.08,5.02,0.55,11.33,0.99
266,267,002966,苏州银行,7.66,1.59,0.12,207578.0,159416551.6,1.19,7.72,7.63,7.65,7.54,0.56,5.17,0.68
267,268,002585,双星新材,5.75,1.59,0.09,72377.0,41713768.0,4.06,5.89,5.66,5.76,5.66,0.81,-21.83,0.73
268,269,002772,众兴菌业,7.16,1.56,0.11,52383.0,37671750.82,3.12,7.3,7.08,7.18,7.05,1.34,23.82,0.83
269,270,603323,苏农银行,5.33,1.52,0.08,216590.0,116140998.0,1.71,5.4,5.31,5.36,5.25,1.37,4.51,0.57
270,271,601658,邮储银行,5.33,1.52,0.08,571616.0,305072804.0,1.9,5.38,5.28,5.28,5.25,0.09,5.23,0.64
271,272,002034,旺能环境,15.33,1.52,0.23,10800.0,16508433.0,1.26,15.37,15.18,15.18,15.1,0.25,9.57,0.98
272,273,601229,上海银行,8.0,1.52,0.12,479691.0,381933702.0,2.79,8.05,7.83,7.83,7.88,0.35,4.85,0.5
273,274,601339,百隆东方,5.38,1.51,0.08,18565.0,10002871.0,2.45,5.44,5.31,5.31,5.3,0.12,14.66,0.83
274,275,002382,蓝帆医疗,5.41,1.5,0.08,42799.0,23279431.0,2.25,5.49,5.37,5.37,5.33,0.43,-18.59,0.63
275,276,603588,高能环境,5.44,1.49,0.08,127118.0,69014538.0,1.87,5.48,5.38,5.41,5.36,0.83,11.16,0.87
276,277,601288,农业银行,4.77,1.49,0.07,2046181.0,975225729.0,1.49,4.79,4.72,4.72,4.7,0.06,5.84,0.66
277,278,601398,工商银行,6.14,1.49,0.09,1911365.0,1174365278.0,1.82,6.18,6.07,6.08,6.05,0.07,6.1,0.61
278,279,600048,保利发展,10.26,1.48,0.15,355548.0,364758583.0,1.58,10.35,10.19,10.2,10.11,0.3,11.79,0.63
279,280,601077,渝农商行,5.67,1.43,0.08,334834.0,189972592.0,1.25,5.7,5.63,5.64,5.59,0.38,4.69,0.52
280,281,000531,穗恒运Ａ,5.79,1.4,0.08,24173.0,14038879.4,2.45,5.88,5.74,5.79,5.71,0.27,24.62,0.91
281,282,601825,沪农商行,7.97,1.4,0.11,84912.0,67293123.0,1.53,7.99,7.87,7.9,7.86,0.09,5.5,0.64
282,283,002022,科华生物,6.55,1.39,0.09,27415.0,17937773.0,2.79,6.63,6.45,6.5,6.46,0.53,-20.69,0.87
283,284,000553,安道麦A,6.56,1.39,0.09,33642.0,22117726.0,2.32,6.65,6.5,6.5,6.47,0.15,-6.24,0.77
284,285,600979,广安爱众,3.66,1.39,0.05,88039.0,32216983.0,2.77,3.71,3.61,3.63,3.61,0.71,14.42,1.01
285,286,300569,天能重工,5.26,1.35,0.07,72996.0,38533778.0,4.05,5.38,5.17,5.32,5.19,0.72,700.29,0.98
286,287,000672,上峰水泥,8.3,1.34,0.11,23486.0,19486803.6,1.95,8.37,8.21,8.21,8.19,0.24,14.92,0.92
287,288,600858,银座股份,4.73,1.28,0.06,25040.0,11940746.0,3.21,4.84,4.69,4.77,4.67,0.48,15.77,0.91
288,289,600028,中国石化,6.4,1.27,0.08,612365.0,391679192.0,1.74,6.43,6.32,6.33,6.32,0.06,13.2,0.95
289,290,000002,万  科Ａ,8.82,1.26,0.11,418301.0,368538307.3,1.15,8.86,8.76,8.79,8.71,0.43,-4.4,0.45
290,291,600168,武汉控股,4.86,1.25,0.06,52072.0,25458250.0,2.92,4.95,4.81,4.84,4.8,0.52,49.82,0.92
291,292,601857,中国石油,8.13,1.25,0.1,571657.0,462051273.0,1.25,8.13,8.03,8.04,8.03,0.04,8.42,1.0
292,293,600985,淮北矿业,15.46,1.24,0.19,67319.0,103916492.0,1.64,15.55,15.3,15.31,15.27,0.25,7.54,1.0
293,294,000905,厦门港务,6.53,1.24,0.08,43784.0,28734857.0,2.33,6.64,6.49,6.5,6.45,0.59,19.13,0.98
294,295,002283,天润工业,4.92,1.23,0.06,79222.0,39084177.0,2.26,4.99,4.88,4.91,4.86,0.79,15.63,0.93
295,296,000407,胜利股份,3.29,1.23,0.04,42483.0,13976501.0,1.85,3.32,3.26,3.27,3.25,0.49,19.79,0.98
296,297,000601,韶能股份,4.13,1.23,0.05,47390.0,19625838.0,1.96,4.18,4.1,4.1,4.08,0.44,17.01,1.0
297,298,600352,浙江龙盛,10.25,1.18,0.12,81628.0,83695821.0,1.48,10.3,10.15,10.2,10.13,0.25,18.48,0.98
298,299,601006,大秦铁路,6.88,1.18,0.08,382452.0,263413057.0,1.47,6.93,6.83,6.84,6.8,0.21,10.95,0.82
299,300,002391,长青股份,5.17,1.17,0.06,13122.0,6790421.84,1.96,5.22,5.12,5.14,5.11,0.28,57.45,0.76
300,301,600697,欧亚集团,12.29,1.15,0.14,8094.0,9960947.0,2.22,12.45,12.18,12.23,12.15,0.52,82.95,0.84
301,302,000617,中油资本,7.94,1.15,0.09,555297.0,441679804.0,3.57,8.1,7.82,8.02,7.85,0.44,17.34,0.98
302,303,002932,明德生物,19.04,1.12,0.21,10808.0,20692776.52,1.96,19.3,18.93,19.12,18.83,0.69,41.02,0.75
303,304,002386,天原股份,4.54,1.11,0.05,77652.0,35447364.96,3.79,4.66,4.49,4.54,4.49,0.6,-45.63,0.75
304,305,600919,江苏银行,9.09,1.11,0.1,381429.0,348397873.0,1.33,9.19,9.07,9.09,8.99,0.21,4.43,0.72
305,306,603458,勘设股份,6.46,1.1,0.07,37992.0,24616929.0,4.23,6.63,6.36,6.48,6.39,1.24,-15.84,0.62
306,307,002135,东南网架,4.63,1.09,0.05,45368.0,20987546.99,2.84,4.7,4.57,4.57,4.58,0.43,23.71,0.81
307,308,600037,歌华有线,7.43,1.09,0.08,113059.0,83811923.0,2.72,7.53,7.33,7.45,7.35,0.81,-644.49,0.81
308,309,002479,富春环保,4.67,1.08,0.05,38869.0,18214799.0,2.38,4.74,4.63,4.66,4.62,0.45,11.7,0.98
309,310,300158,振东制药,4.96,1.02,0.05,116744.0,58534221.0,4.07,5.11,4.91,4.99,4.91,1.17,93.21,0.97
310,311,601939,建设银行,8.0,1.01,0.08,470219.0,376367607.0,1.14,8.05,7.96,7.96,7.92,0.49,5.86,0.64
311,312,002443,金洲管道,6.21,0.98,0.06,24469.0,15235954.0,1.79,6.28,6.17,6.24,6.15,0.47,19.72,0.94
312,313,001218,丽臣实业,16.64,0.97,0.16,4152.0,6931216.4,2.37,16.88,16.49,16.49,16.48,0.55,21.65,1.01
313,314,002745,木林森,8.42,0.96,0.08,49929.0,41861233.0,2.28,8.49,8.3,8.4,8.34,0.47,25.82,0.97
314,315,300055,万邦达,5.35,0.94,0.05,40551.0,21864170.0,3.77,5.49,5.29,5.38,5.3,0.64,658.89,0.87
315,316,002250,联化科技,5.94,0.85,0.05,62989.0,37507180.0,2.55,6.04,5.89,5.93,5.89,0.69,124.91,0.85
316,317,002083,孚日股份,4.84,0.83,0.04,81841.0,39707540.53,2.08,4.91,4.81,4.82,4.8,0.94,9.39,0.96
317,318,600036,招商银行,38.13,0.82,0.31,178122.0,681527430.0,1.45,38.5,37.95,38.05,37.82,0.09,6.37,0.96
318,319,002614,奥佳华,6.37,0.79,0.05,26317.0,16830025.63,2.69,6.48,6.31,6.36,6.32,0.6,58.4,0.91
319,320,002144,宏达高科,10.38,0.78,0.08,14897.0,15666589.0,4.08,10.72,10.3,10.59,10.3,1.09,21.0,0.9
320,321,601838,成都银行,15.88,0.76,0.12,102151.0,162555197.0,1.21,16.0,15.81,15.93,15.76,0.27,5.03,0.84
321,322,603916,苏博特,8.01,0.75,0.06,12671.0,10181175.0,2.64,8.15,7.94,8.02,7.95,0.3,33.08,0.84
322,323,600801,华新水泥,13.4,0.68,0.09,31974.0,42774137.0,1.43,13.5,13.31,13.32,13.31,0.24,18.35,0.96
323,324,603818,曲美家居,3.01,0.67,0.02,64624.0,19630867.0,4.68,3.11,2.97,3.01,2.99,0.94,-10.7,0.94
324,325,000040,ST旭蓝,1.53,0.66,0.01,286313.0,43807842.84,5.26,1.56,1.48,1.48,1.52,2.7,-13.01,0.21
325,326,300639,凯普生物,6.28,0.64,0.04,59824.0,38048037.48,5.29,6.5,6.17,6.32,6.24,0.94,-11.63,0.9
326,327,601107,四川成渝,5.25,0.57,0.03,53078.0,27879291.0,1.53,5.29,5.21,5.25,5.22,0.25,10.73,1.0
327,328,002441,众业达,7.64,0.53,0.04,24499.0,18848543.0,3.29,7.83,7.58,7.7,7.6,0.61,22.31,0.92
328,329,300190,维尔利,3.87,0.52,0.02,106614.0,41777774.36,4.94,4.01,3.82,3.92,3.85,1.37,169.87,0.86
329,330,600926,杭州银行,14.05,0.5,0.07,90534.0,127651361.0,1.65,14.21,13.98,14.11,13.98,0.16,4.56,0.8
330,331,601009,南京银行,10.33,0.49,0.05,126922.0,131334548.0,1.17,10.41,10.29,10.35,10.28,0.13,5.0,0.74
331,332,002573,清新环境,4.23,0.48,0.02,36991.0,15661503.26,2.14,4.28,4.19,4.23,4.21,0.26,76.03,0.95
332,333,600777,ST新潮,2.2,0.46,0.01,193779.0,42982592.0,2.28,2.24,2.19,2.21,2.19,0.3,6.79,0.69
333,334,300616,尚品宅配,13.35,0.45,0.06,30333.0,40899774.88,4.89,13.75,13.1,13.47,13.29,1.94,-19.69,0.85
334,335,601996,丰林集团,2.23,0.45,0.01,102982.0,23098419.0,2.7,2.27,2.21,2.24,2.22,0.92,-75.42,0.92
335,336,002574,明牌珠宝,4.82,0.42,0.02,23840.0,11535958.0,3.33,4.92,4.76,4.83,4.8,0.45,249.41,0.83
336,337,600888,新疆众和,7.47,0.4,0.03,56178.0,41798062.0,1.34,7.49,7.39,7.44,7.44,0.41,8.83,0.97
337,338,600955,维远股份,15.15,0.4,0.06,8118.0,12328562.0,1.86,15.33,15.05,15.13,15.09,0.15,71.12,0.97
338,339,603020,爱普股份,7.64,0.39,0.03,9181.0,7029863.0,2.1,7.74,7.58,7.66,7.61,0.24,24.69,0.92
339,340,600061,国投资本,7.82,0.39,0.03,102034.0,79577757.0,2.18,7.89,7.72,7.84,7.79,0.16,18.11,0.99
340,341,300732,设研院,7.84,0.38,0.03,44313.0,35050433.0,5.38,8.14,7.72,7.98,7.81,1.37,-12.85,0.97
341,342,601665,齐鲁银行,5.32,0.38,0.02,161638.0,86582139.0,2.45,5.41,5.28,5.33,5.3,0.33,5.6,0.69
342,343,600362,江西铜业,21.88,0.37,0.08,49146.0,107165167.0,1.47,22.0,21.68,21.8,21.8,0.24,11.4,1.0
343,344,600837,海通证券,11.66,0.34,0.04,220692.0,256863166.0,1.46,11.75,11.58,11.69,11.62,0.23,-173.24,0.94
344,345,002109,兴化股份,3.25,0.31,0.01,20612.0,6742882.0,3.7,3.34,3.22,3.28,3.24,0.16,-10.06,0.91
345,346,002142,宁波银行,25.31,0.28,0.07,61599.0,156165805.8,1.9,25.58,25.1,25.41,25.24,0.09,6.05,0.85
346,347,000863,三湘印象,3.67,0.27,0.01,89890.0,33268782.0,3.83,3.76,3.62,3.71,3.66,0.77,49.79,0.96
347,348,601128,常熟银行,7.58,0.26,0.02,186195.0,142249263.0,2.25,7.72,7.55,7.66,7.56,0.62,5.76,0.85
348,349,601555,东吴证券,8.06,0.25,0.02,178397.0,143959854.0,1.99,8.15,7.99,8.1,8.04,0.36,16.4,0.99
349,350,002918,蒙娜丽莎,8.59,0.23,0.02,20002.0,17189656.0,3.03,8.72,8.46,8.58,8.57,0.91,19.04,0.87
350,351,605001,威奥股份,6.03,0.17,0.01,25496.0,15459913.0,3.32,6.17,5.97,6.1,6.02,0.65,154.97,0.89
351,352,603585,苏利股份,12.1,0.17,0.02,2652.0,3222550.0,3.31,12.37,11.97,12.15,12.08,0.15,194.45,0.94
352,353,688033,天宜上佳,6.88,0.15,0.01,49269.0,33917672.0,4.37,7.04,6.74,6.98,6.87,0.88,-4.94,0.84
353,354,600128,苏豪弘业,8.18,0.12,0.01,24549.0,20364800.0,3.55,8.41,8.12,8.38,8.17,0.99,41.54,0.95
354,355,600425,青松建化,3.99,0.0,0.0,166513.0,67501700.0,5.01,4.16,3.96,4.12,3.99,1.21,11.84,0.99
355,356,600356,恒丰纸业,,,,,,,,,,7.52,0.0,15.31,0.87
356,357,600287,ST舜天,4.07,0.0,0.0,15605.0,6398766.0,2.46,4.15,4.05,4.08,4.07,0.36,23.42,0.86
357,358,003012,东鹏控股,6.28,0.0,0.0,58286.0,36578155.0,2.71,6.38,6.21,6.3,6.28,0.5,17.9,0.96
358,359,002863,今飞凯达,4.5,0.0,0.0,42781.0,19287889.3,3.11,4.59,4.45,4.5,4.5,0.71,33.36,0.98
359,360,002641,公元股份,4.4,0.0,0.0,29782.0,13149920.0,2.05,4.47,4.38,4.42,4.4,0.26,27.45,1.0
360,361,002092,ST中泰,4.3,0.0,0.0,98752.0,42902044.0,2.09,4.38,4.29,4.37,4.3,0.38,-24.0,0.5
361,362,000525,*ST红阳,,,,,,,,,,9.07,0.0,330.12,1.68
362,363,000415,渤海租赁,4.5,0.0,0.0,1688461.0,770808222.72,6.22,4.72,4.44,4.59,4.5,3.13,13.13,0.91
363,364,002669,康达新材,9.47,-0.11,-0.01,33047.0,31730078.0,5.49,9.89,9.37,9.56,9.48,1.1,-28.18,0.99
364,365,002926,华西证券,8.44,-0.12,-0.01,74340.0,62676432.0,2.37,8.55,8.35,8.5,8.45,0.28,65.39,0.96
365,366,002360,同德化工,5.06,-0.2,-0.01,16636.0,8483071.0,2.96,5.16,5.01,5.07,5.07,0.51,38.79,0.95
366,367,000850,华茂股份,4.3,-0.23,-0.01,79592.0,34734145.0,4.18,4.43,4.25,4.35,4.31,0.84,20.01,0.93
367,368,603001,奥康国际,5.68,-0.35,-0.02,15393.0,8806911.0,4.56,5.85,5.59,5.8,5.7,0.38,-12.56,0.84
368,369,600637,东方明珠,8.33,-0.36,-0.03,136965.0,114381112.0,2.99,8.5,8.25,8.45,8.36,0.41,29.22,0.94
369,370,605287,德才股份,12.89,-0.39,-0.05,8100.0,10507115.0,3.17,13.15,12.74,13.08,12.94,0.81,17.26,0.95
370,371,603898,好莱客,8.85,-0.45,-0.04,13154.0,11810699.0,3.6,9.13,8.81,8.98,8.89,0.42,22.71,0.9
371,372,688388,嘉元科技,14.39,-0.55,-0.08,35685.0,51186957.0,5.46,14.83,14.04,14.69,14.47,0.84,-31.95,0.9
372,373,600190,ST锦港,1.75,-0.57,-0.01,153930.0,27208073.0,3.98,1.8,1.73,1.77,1.76,0.87,-1.23,0.77
373,374,000560,我爱我家,3.47,-0.57,-0.02,852270.0,297544002.24,4.58,3.57,3.41,3.46,3.49,3.78,722.34,0.86
374,375,600595,中孚实业,3.12,-0.64,-0.02,429664.0,131705476.0,4.46,3.15,3.01,3.11,3.14,1.07,12.9,0.86
375,376,688317,之江生物,17.71,-0.67,-0.12,5298.0,9476576.0,3.25,18.22,17.64,17.88,17.83,0.28,-196.19,0.9
376,377,002743,富煌钢构,5.56,-0.71,-0.04,67342.0,38065285.0,5.89,5.82,5.49,5.78,5.6,1.55,26.74,0.75
377,378,600449,宁夏建材,13.85,-0.72,-0.1,64017.0,90000250.0,5.66,14.47,13.68,14.25,13.95,1.34,29.08,0.92
378,379,002798,帝欧家居,4.1,-0.73,-0.03,32221.0,13266926.0,5.33,4.25,4.03,4.17,4.13,1.02,-8.41,0.89
379,380,000156,华数传媒,7.38,-0.81,-0.06,68520.0,50661688.0,3.76,7.58,7.3,7.52,7.44,0.4,29.16,0.93
380,381,605122,四方新材,11.62,-0.85,-0.1,7833.0,9226498.0,4.86,12.12,11.55,11.79,11.72,0.45,138.1,0.9
381,382,600711,ST盛屯,4.72,-1.05,-0.05,215983.0,102085087.0,3.35,4.82,4.66,4.8,4.77,0.7,6.43,0.95
382,383,688178,万德斯,12.73,-1.09,-0.14,4109.0,5257810.0,3.5,13.03,12.58,13.02,12.87,0.48,170.96,0.97
383,384,600373,中文传媒,12.66,-1.09,-0.14,83302.0,105506032.0,2.89,12.91,12.54,12.86,12.8,0.61,18.3,0.96
384,385,002887,绿茵生态,7.14,-1.11,-0.08,11942.0,8617079.24,3.6,7.36,7.1,7.31,7.22,0.75,31.73,0.87
385,386,603869,ST智知,5.99,-1.16,-0.07,6962.0,4200606.0,2.31,6.11,5.97,6.08,6.06,0.14,114.97,0.81
386,387,002425,ST凯文,2.29,-1.29,-0.03,185923.0,43019203.0,4.31,2.36,2.26,2.34,2.32,1.94,-17.17,0.64
387,388,600491,龙元建设,4.11,-1.44,-0.06,129680.0,53643896.0,4.56,4.26,4.07,4.25,4.17,0.85,-14.91,0.6
388,389,600831,ST广网,2.65,-1.49,-0.04,49932.0,13447171.0,4.83,2.74,2.61,2.74,2.69,0.7,-2.52,0.73
389,390,300358,楚天科技,7.48,-1.58,-0.12,46314.0,34947327.0,3.68,7.7,7.42,7.63,7.6,0.82,-17.69,0.98
390,391,300305,裕兴股份,5.99,-1.64,-0.1,23106.0,14039836.0,5.42,6.25,5.92,6.15,6.09,0.73,-10.29,0.94
391,392,600939,重庆建工,3.53,-1.67,-0.06,91779.0,32448985.0,5.01,3.64,3.46,3.58,3.59,0.48,-95.67,0.85
392,393,300057,万顺新材,5.49,-1.79,-0.1,75719.0,42040967.58,5.19,5.7,5.41,5.62,5.59,1.03,-103.57,0.92
393,394,600387,*ST海越,3.24,-1.82,-0.06,17837.0,5890938.0,4.85,3.36,3.2,3.29,3.3,0.44,521.42,0.53
394,395,600219,南山铝业,4.07,-2.4,-0.1,535564.0,217702159.0,1.68,4.1,4.03,4.1,4.17,0.46,10.24,0.96
395,396,000809,*ST和展,2.62,-2.6,-0.07,38664.0,10253359.63,3.72,2.71,2.61,2.7,2.69,0.47,-20.66,0.79
396,397,002872,ST天圣,4.61,-3.35,-0.16,23963.0,11201648.0,4.61,4.78,4.56,4.77,4.77,1.11,-30.25,0.71
397,398,603388,ST元成,2.53,-3.8,-0.1,75386.0,19235280.0,6.08,2.66,2.5,2.57,2.63,2.31,-7.45,0.76
398,399,300020,*ST银江,2.52,-3.82,-0.1,175263.0,45518479.0,8.78,2.69,2.46,2.67,2.62,2.29,-8.98,0.5
399,400,601677,明泰铝业,12.58,-4.19,-0.55,218544.0,272115636.0,3.81,12.8,12.3,12.8,13.13,1.83,8.31,0.91
400,401,002212,天融信,7.04,-4.22,-0.31,260085.0,186245272.89,7.48,7.5,6.95,7.45,7.35,2.23,-36.79,0.9
401,402,603003,*ST龙宇,5.34,-4.3,-0.24,87531.0,46622143.0,3.05,5.47,5.3,5.3,5.58,2.33,-18.34,0.56
402,403,002586,*ST围海,1.99,-4.78,-0.1,48543.0,9736548.0,5.26,2.1,1.99,2.1,2.09,0.54,-20.56,0.76
403,404,603377,ST东时,2.22,-5.13,-0.12,14181.0,3148182.0,0.0,2.22,2.22,2.22,2.34,0.2,-10.96,0.94
404,405,601908,京运通,3.11,-5.47,-0.18,343329.0,108152602.0,5.17,3.25,3.08,3.23,3.29,1.42,-4.0,0.75
