,序号,代码,名称,最新价,涨跌幅,涨跌额,成交量,成交额,振幅,最高,最低,今开,昨收,换手率,市盈率-动态,市净率
0,1,871478,巨能股份,22.1,27.16,4.72,45128,92625884.43,29.4,22.4,17.29,17.29,17.38,19.62,-234.16,6.45
1,2,430425,乐创技术,19.48,21.37,3.43,32274,58893869.62,15.58,19.5,17.0,17.0,16.05,7.94,52.83,4.11
2,3,300024,机器人,15.46,20.03,2.58,949100,1386109205.58,19.49,15.46,12.95,12.95,12.88,6.19,-182.04,5.57
3,4,300607,拓斯达,14.66,19.97,2.44,167917,239713101.38,16.45,14.66,12.65,12.65,12.22,5.88,517.64,2.71
4,5,835579,机科股份,21.5,14.3,2.69,29543,60820801.45,16.21,21.95,18.9,19.22,18.81,6.63,258.49,5.38
5,6,688165,埃夫特-U,10.17,10.78,0.99,56777,56630369.0,12.75,10.37,9.2,9.2,9.18,1.09,-37.75,3.13
6,7,002747,埃斯顿,16.13,10.03,1.47,225194,356503291.14,8.73,16.13,14.85,14.86,14.66,2.86,-157.71,5.41
7,8,603662,柯力传感,36.61,10.01,3.33,70879,255650909.0,4.84,36.61,35.0,35.0,33.28,2.52,40.57,3.96
8,9,002527,新时达,7.83,9.97,0.71,107153,83025587.55,8.01,7.83,7.26,7.32,7.12,2.02,-91.91,3.47
9,10,002689,远大智能,3.34,9.87,0.3,283841,92998433.47,9.54,3.34,3.05,3.05,3.04,2.72,-318.48,3.01
10,11,688322,奥比中光-UW,33.17,7.73,2.38,24679,80022365.0,8.28,33.35,30.8,30.98,30.79,0.96,-165.01,4.52
11,12,002184,海得控制,9.96,5.84,0.55,50046,49323427.38,7.55,10.13,9.42,9.49,9.41,2.08,-24.3,2.86
12,13,688090,瑞松科技,59.83,5.56,3.15,8801,51711549.0,8.73,60.5,55.55,55.55,56.68,0.93,992.72,6.3
13,14,300044,赛为智能,5.45,5.21,0.27,223046,119055420.0,6.76,5.48,5.13,5.13,5.18,2.92,-177.76,6.74
14,15,688686,奥普特,61.81,5.19,3.05,7151,43712229.0,6.47,62.32,58.52,58.76,58.76,0.59,42.95,2.58
15,16,002975,博杰股份,28.84,5.03,1.38,6511,18479121.0,5.46,29.0,27.5,27.57,27.46,0.95,1950.08,2.55
16,17,000584,*ST工智,2.81,4.85,0.13,235964,65974826.61,3.36,2.81,2.72,2.78,2.68,3.11,85.14,3.8
17,18,300112,万讯自控,8.7,4.82,0.4,35550,30481586.0,6.02,8.75,8.25,8.25,8.3,1.5,118.23,2.3
18,19,300486,东杰智能,6.11,4.8,0.28,72826,43813268.5,4.97,6.12,5.83,5.83,5.83,1.84,-24.25,2.0
19,20,688529,豪森智能,14.21,4.72,0.64,11432,16144722.0,5.53,14.45,13.7,13.76,13.57,0.68,232.09,1.12
20,21,300836,佰奥智能,46.19,4.57,2.02,5942,27212692.4,6.43,46.6,43.76,44.17,44.17,1.39,121.79,5.68
21,22,301312,智立方,46.38,4.44,1.97,6118,27839450.3,5.29,46.53,44.18,44.18,44.41,2.37,68.33,3.44
22,23,002957,科瑞技术,14.62,4.43,0.62,35299,51027184.36,5.29,14.66,13.92,14.0,14.0,0.86,27.33,2.05
23,24,002426,胜利精密,2.27,4.13,0.09,292198,65010300.0,4.59,2.27,2.17,2.18,2.18,0.86,-202.23,2.34
24,25,301512,智信精密,41.57,3.95,1.58,4628,19161096.0,3.13,42.05,40.8,40.86,39.99,1.87,-50.54,2.26
25,26,300789,唐源电气,15.12,3.92,0.57,10361,15454366.2,3.99,15.14,14.56,14.56,14.55,1.05,30.04,2.13
26,27,300802,矩子科技,17.08,3.89,0.64,10329,17430613.74,4.62,17.14,16.38,16.4,16.44,0.53,60.12,3.02
27,28,688557,兰剑智能,20.0,3.68,0.71,4304,8524855.0,5.13,20.09,19.1,19.1,19.29,0.42,24.13,1.82
28,29,300678,中科信息,40.11,3.62,1.4,100941,401721177.32,6.2,40.8,38.4,38.71,38.71,3.53,1440.69,13.9
29,30,301488,豪恩汽电,59.91,3.45,2.0,7161,42617079.0,5.84,60.5,57.12,57.12,57.91,3.06,59.02,4.31
30,31,001339,智微智能,35.97,3.36,1.17,16694,58611984.0,5.09,35.97,34.2,34.22,34.8,2.29,82.4,4.44
31,32,688088,虹软科技,33.52,3.36,1.09,18885,62557112.0,4.04,33.6,32.29,32.39,32.43,0.47,114.23,5.16
32,33,003028,振邦智能,32.6,3.36,1.06,4389,14148555.71,4.95,32.84,31.28,31.49,31.54,0.81,20.4,2.16
33,34,688003,天准科技,37.03,3.29,1.18,6999,25628432.0,4.63,37.2,35.54,35.55,35.85,0.36,-392.59,3.99
34,35,002362,汉王科技,20.04,3.25,0.63,37996,74487115.53,5.46,20.1,19.04,19.24,19.41,1.83,-48.98,4.15
35,36,301298,东利机械,13.78,2.99,0.4,7278,9982423.0,3.51,13.86,13.39,13.39,13.38,0.76,28.43,2.24
36,37,002917,金奥博,9.1,2.82,0.25,33233,30063527.0,3.84,9.19,8.85,8.85,8.85,1.28,22.03,2.03
37,38,301360,荣旗科技,52.37,2.79,1.42,3435,17818363.0,3.34,52.5,50.8,50.96,50.95,1.24,113.7,2.42
38,39,300018,中元股份,6.46,2.54,0.16,23011,14759255.0,2.22,6.46,6.32,6.32,6.3,0.6,35.03,2.43
39,40,300691,联合光电,20.25,2.53,0.5,62342,122446296.54,6.08,20.25,19.05,19.54,19.75,3.22,114.26,3.33
40,41,300790,宇瞳光学,16.35,2.51,0.4,27508,44563928.56,3.64,16.38,15.8,15.8,15.95,1.1,29.99,2.81
41,42,300730,科创信息,13.29,2.39,0.31,29152,38251753.52,3.08,13.31,12.91,12.99,12.98,1.48,-38.09,10.31
42,43,688213,思特威-W,67.63,2.31,1.53,11431,76715356.0,2.77,67.89,66.06,66.31,66.1,0.36,74.26,6.69
43,44,688619,罗普特,8.27,2.22,0.18,3482,2853774.0,2.97,8.3,8.06,8.17,8.09,0.19,-11.96,1.55
44,45,688115,思林杰,41.37,2.22,0.9,6705,27487116.0,5.91,41.89,39.5,40.65,40.47,1.59,419.34,2.18
45,46,300556,丝路视觉,18.45,2.22,0.4,13444,24532303.0,2.66,18.46,17.98,18.05,18.05,1.31,-7.77,3.15
46,47,301568,思泰克,36.8,2.19,0.79,12389,44436599.66,5.72,37.06,35.0,35.7,36.01,4.8,54.41,3.86
47,48,688343,云天励飞-U,29.12,2.18,0.62,14994,43183917.0,3.02,29.26,28.4,28.44,28.5,0.58,-18.24,2.57
48,49,301315,威士顿,42.66,2.06,0.86,5250,22218193.08,2.99,42.85,41.6,42.0,41.8,1.42,93.95,3.72
49,50,300479,神思电子,19.16,1.75,0.33,15151,28654838.0,3.13,19.18,18.59,18.78,18.83,0.77,-25.14,8.89
50,51,688207,格灵深瞳,14.84,1.71,0.25,20353,29874317.0,2.67,14.84,14.45,14.5,14.59,1.14,-20.94,1.8
51,52,688307,中润光学,25.17,1.66,0.41,5121,12725856.0,2.91,25.3,24.58,25.0,24.76,0.9,44.12,2.63
52,53,688327,云从科技-UW,11.08,1.65,0.18,39896,43850284.0,2.57,11.12,10.84,10.9,10.9,0.53,-16.94,8.98
53,54,688038,中科通达,13.1,1.47,0.19,10708,13855205.0,2.71,13.1,12.75,12.97,12.91,0.92,650.23,2.46
54,55,600288,大恒科技,8.46,1.32,0.11,23085,19272327.0,2.87,8.46,8.22,8.33,8.35,0.53,-432.11,1.99
55,56,688787,海天瑞声,63.08,1.32,0.82,5069,31595239.0,3.0,63.19,61.32,62.65,62.26,0.84,753.28,5.16
56,57,688610,埃科光电,34.76,1.11,0.38,1225,4179521.0,4.07,34.91,33.51,33.88,34.38,0.51,110.69,1.63
57,58,688623,双元科技,54.2,0.8,0.43,203,1097348.0,1.23,54.2,53.54,53.54,53.77,0.12,34.73,1.52
58,59,002401,中远海科,15.95,0.44,0.07,15929,25325588.6,1.39,16.03,15.81,15.89,15.88,0.43,31.32,3.52
59,60,300598,诚迈科技,56.99,0.23,0.13,36320,205564028.41,5.08,58.0,55.11,55.96,56.86,1.67,-112.76,7.84
60,61,688067,爱威科技,17.7,-0.34,-0.06,1910,3383454.0,3.72,18.12,17.46,18.12,17.76,0.28,35.92,2.41
61,62,301421,波长光电,56.49,-1.53,-0.88,41312,226851030.44,5.33,56.83,53.77,54.82,57.37,8.92,159.09,5.52
62,63,688400,凌云光,23.11,-1.78,-0.42,27991,64107830.0,2.68,23.17,22.54,23.0,23.53,1.17,71.74,2.7
63,64,000821,京山轻机,14.16,-3.48,-0.51,310754,429648221.48,7.98,14.37,13.2,13.2,14.67,5.13,15.28,2.18
64,65,000948,南天信息,19.4,-3.77,-0.76,116389,223271383.87,3.57,19.52,18.8,19.11,20.16,3.02,102.44,2.88
