,排名,板块名称,板块代码,最新价,涨跌额,涨跌幅,总市值,换手率,上涨家数,下跌家数,领涨股票,领涨股票-涨跌幅
0,1,教育,BK0740,699.66,18.28,2.68,96376477000,0.0,6,8,豆神教育,20.02
1,2,光伏设备,BK1031,1271.1,24.25,1.94,1679455168000,0.0,62,10,海泰新能,21.38
2,3,工程建设,BK0425,21571.74,352.83,1.66,1495852144000,0.0,35,20,润农节水,29.99
3,4,工程机械,BK0739,1469.11,23.78,1.65,600115568000,0.0,16,9,荣亿精密,14.09
4,5,通信服务,BK0736,1032.27,16.3,1.6,3184178304000,0.0,17,14,立昂技术,20.04
5,6,水泥建材,BK0424,24089.6,368.72,1.55,375080256000,0.0,14,3,海南瑞泽,10.16
6,7,光学光电子,BK1038,1424.43,19.05,1.36,1115536304000,0.0,54,29,福光股份,17.82
7,8,航空机场,BK0420,4680.3,62.23,1.35,663363024000,0.0,6,4,中信海直,10.01
8,9,公用事业,BK0427,8082.72,94.18,1.18,193662727000,0.0,11,7,京能热力,9.98
9,10,汽车服务,BK1016,897.28,10.44,1.18,66331979000,0.0,9,3,申华控股,9.96
10,11,风电设备,BK1032,1036.81,11.79,1.15,303780288000,0.0,24,2,泰胜风能,5.14
11,12,消费电子,BK1037,1411.18,15.54,1.11,2013432176000,0.0,51,29,格林精密,20.0
12,13,化学制品,BK0538,22373.36,239.51,1.08,1277469808000,0.0,69,57,夜光明,29.93
13,14,橡胶制品,BK1018,1329.76,13.33,1.01,278233936000,0.0,15,12,丰茂股份,14.03
14,15,电力行业,BK0428,16102.73,152.79,0.96,3070402576000,0.0,45,16,电投产融,10.01
15,16,装修装饰,BK0725,481.11,4.4,0.92,121668657000,0.0,17,12,宝鹰股份,10.2
16,17,通用设备,BK0545,28703.1,260.06,0.91,1076775024000,0.0,102,67,万通液压,29.99
17,18,农牧饲渔,BK0433,12842.97,115.68,0.91,977219168000,0.0,41,22,朗源股份,20.0
18,19,美容护理,BK1035,797.73,6.99,0.88,303713520000,0.0,12,11,力合科创,9.97
19,20,工程咨询服务,BK0726,700.87,6.06,0.87,196815311000,0.0,20,14,深城交,13.11
20,21,汽车整车,BK1029,1564.6,13.16,0.85,2098225792000,0.0,10,12,动力新科,9.94
21,22,珠宝首饰,BK0734,356.22,2.94,0.83,138686574000,0.0,8,6,萃华珠宝,10.01
22,23,电子化学品,BK1039,1514.29,11.65,0.78,269140528000,0.0,12,6,广信材料,9.86
23,24,航运港口,BK0450,9908.24,73.85,0.75,1043726560000,0.0,14,14,盛航股份,10.0
24,25,综合行业,BK0539,9667.88,70.59,0.74,197602120000,0.0,7,7,常山北明,10.01
25,26,电源设备,BK1034,1620.91,11.58,0.72,368155552000,0.0,15,7,上海电气,10.0
26,27,互联网服务,BK0447,21526.27,143.35,0.67,1584657808000,0.0,65,49,青云科技-U,18.59
27,28,软件开发,BK0737,1014.69,6.72,0.67,2186637296000,0.0,84,65,凌志软件,20.03
28,29,环保行业,BK0728,401.14,2.36,0.59,612759808000,0.0,50,44,京源环保,19.98
29,30,电子元件,BK0459,22620.81,132.97,0.59,1842083072000,0.0,68,44,三未信安,20.0
30,31,塑料制品,BK0454,11639.74,68.0,0.59,353463696000,0.0,43,34,宏裕包材,21.81
31,32,专业服务,BK1043,1127.38,6.29,0.56,200802834000,0.0,20,14,永安行,10.01
32,33,计算机设备,BK0735,1204.4,6.6,0.55,910922032000,0.0,21,18,中国长城,9.98
33,34,家用轻工,BK0440,34318.55,172.82,0.51,261266406000,0.0,13,15,泰鹏智能,30.0
34,35,通信设备,BK0448,12648.63,62.08,0.49,1520706480000,0.0,51,37,高凌信息,17.18
35,36,燃气,BK1028,1450.25,7.06,0.49,279591728000,0.0,9,13,大众公用,9.68
36,37,包装材料,BK0733,908.69,4.06,0.45,121720663000,0.0,10,8,佳合科技,14.48
37,38,化纤行业,BK0471,12601.18,50.65,0.4,430007952000,0.0,11,10,恒天海龙,9.97
38,39,汽车零部件,BK0481,31699.05,124.25,0.39,1601788544000,0.0,99,74,安徽凤凰,20.49
39,40,房地产开发,BK0451,12801.27,48.99,0.38,1164524976000,0.0,36,34,华夏幸福,10.14
40,41,小金属,BK1027,1718.16,6.45,0.38,621397776000,0.0,21,15,中钨高新,10.03
41,42,文化传媒,BK0486,9248.64,29.69,0.32,1041157472000,0.0,41,41,思美传媒,10.02
42,43,电池,BK1033,886.5,2.81,0.32,1969474768000,0.0,29,26,博力威,17.91
43,44,多元金融,BK0738,600.47,1.51,0.25,499192064000,0.0,5,8,中粮资本,9.38
44,45,铁路公路,BK0421,8263.84,20.13,0.24,420333488000,0.0,10,11,重庆路桥,5.49
45,46,玻璃玻纤,BK0546,34605.93,75.14,0.22,345937584000,0.0,10,9,宏和科技,6.37
46,47,非金属材料,BK1020,1153.78,2.41,0.21,367916640000,0.0,10,20,黄河旋风,9.9
47,48,中药,BK1040,1421.09,2.96,0.21,939347488000,0.0,19,37,启迪药业,10.01
48,49,商业百货,BK0482,14030.58,26.3,0.19,475828176000,0.0,23,25,百大集团,10.03
49,50,医疗器械,BK1041,783.29,1.42,0.18,1324039552000,0.0,40,42,浩欧博,20.0
50,51,家电行业,BK0456,18684.07,32.93,0.18,1924746720000,0.0,34,43,北鼎股份,20.04
51,52,交运设备,BK0429,8814.49,14.73,0.17,683628128000,0.0,17,19,华洋赛车,29.77
52,53,银行,BK0475,3510.41,4.54,0.13,12302241024000,0.0,19,8,华夏银行,1.28
53,54,钢铁行业,BK0479,6954.74,8.69,0.13,835684368000,0.0,12,22,酒钢宏兴,9.84
54,55,化学制药,BK0465,28679.56,32.7,0.11,1688153888000,0.0,51,50,河化股份,9.93
55,56,生物制品,BK1044,839.95,0.41,0.05,1255799872000,0.0,22,28,宣泰医药,20.0
56,57,半导体,BK1036,1297.93,0.6,0.05,4167586080000,0.0,61,60,恒烁股份,19.91
57,58,医药商业,BK1042,951.84,0.27,0.03,319467088000,0.0,5,16,合富中国,10.04
58,59,保险,BK0474,1403.49,0.35,0.02,3069277632000,0.0,2,4,中国人寿,1.39
59,60,仪器仪表,BK0458,13217.7,2.53,0.02,272437824000,0.0,25,20,灿能电力,16.55
60,61,贵金属,BK0732,1140.25,0.02,0.0,817501408000,0.0,3,6,*ST中润,5.0
61,62,化学原料,BK1019,732.33,-0.09,-0.01,826717024000,0.0,36,30,金浦钛业,9.56
62,63,煤炭行业,BK0437,10914.57,-2.03,-0.02,1893802560000,0.0,12,16,安泰集团,4.72
63,64,证券,BK0473,143576.19,-36.97,-0.03,3349811040000,0.0,17,23,第一创业,9.99
64,65,房地产服务,BK1045,1083.07,-0.34,-0.03,91287530000,0.0,1,7,皇庭国际,10.06
65,66,装修建材,BK0476,11859.13,-4.91,-0.04,445426400000,0.0,23,33,松发股份,9.99
66,67,采掘行业,BK1017,1094.96,-0.51,-0.05,305996480000,0.0,9,7,科力股份,2.34
67,68,航天航空,BK0480,44658.62,-28.39,-0.06,993465248000,0.0,13,20,光启技术,3.21
68,69,石油行业,BK0464,5164.9,-5.17,-0.1,3668750272000,0.0,9,8,和顺石油,2.91
69,70,有色金属,BK0478,15404.08,-25.77,-0.17,1073284448000,0.0,27,27,盛达资源,10.01
70,71,专用设备,BK0910,2215.46,-4.32,-0.19,1420841088000,0.0,98,94,中捷资源,10.08
71,72,造纸印刷,BK0470,8590.46,-17.17,-0.2,247176301000,0.0,13,17,集友股份,9.97
72,73,游戏,BK1046,1033.01,-2.48,-0.24,317573248000,0.0,7,11,冰川网络,19.98
73,74,电网设备,BK0457,23914.66,-58.87,-0.25,1261055152000,0.0,60,43,科汇股份,8.55
74,75,医疗服务,BK0727,976.86,-2.42,-0.25,684781152000,0.0,14,22,皓宸医疗,6.23
75,76,物流行业,BK0422,6127.23,-15.5,-0.25,1115227792000,0.0,12,29,华光源海,9.12
76,77,酿酒行业,BK0477,50981.4,-149.89,-0.29,3725110336000,0.0,12,16,兰州黄河,9.97
77,78,纺织服装,BK0436,9504.33,-30.31,-0.32,484799376000,0.0,28,46,朗姿股份,10.02
78,79,食品饮料,BK0438,22868.38,-76.68,-0.33,1539878672000,0.0,37,54,贝因美,10.07
79,80,化肥行业,BK0731,1289.89,-4.33,-0.33,359800736000,0.0,8,8,川发龙蟒,10.02
80,81,能源金属,BK1015,459.56,-1.62,-0.35,329435728000,0.0,5,5,威领股份,2.35
81,82,农药兽药,BK0730,920.31,-3.51,-0.38,258202868000,0.0,20,18,海昇药业,7.17
82,83,旅游酒店,BK0485,14171.6,-62.18,-0.44,352607952000,0.0,11,21,云南旅游,4.61
83,84,贸易行业,BK0484,9293.53,-46.01,-0.49,316812112000,0.0,13,16,建邦科技,1.58
84,85,船舶制造,BK0729,852.83,-4.53,-0.53,416686784000,0.0,1,5,亚星锚链,0.62
85,86,电机,BK1030,1568.13,-18.61,-1.17,168129632000,0.0,13,6,卧龙电驱,2.35
