,序号,代码,名称,最新价,涨跌幅,涨跌额,成交量,成交额,振幅,最高,最低,今开,昨收,换手率,市盈率-动态,市净率
0,1,830964,润农节水,12.31,29.99,2.84,,,0.0,,,,9.47,0.0,116.27,3.55
1,2,301024,霍普股份,33.7,15.61,4.55,,,0.0,,,,29.15,0.0,-27.35,4.58
2,3,836149,旭杰科技,20.77,10.89,2.04,,,0.0,,,,18.73,0.0,299.89,8.26
3,4,002542,中化岩土,4.24,10.13,0.39,,,0.0,,,,3.85,0.0,-29.8,3.81
4,5,001267,汇绿生态,8.36,10.0,0.76,,,0.0,,,,7.6,0.0,186.15,4.28
5,6,605303,园林股份,9.36,9.99,0.85,,,0.0,,,,8.51,0.0,-17.28,1.31
6,7,000628,高新发展,79.85,9.99,7.25,,,0.0,,,,72.6,0.0,175.16,12.96
7,8,603098,森特股份,10.59,9.97,0.96,,,0.0,,,,9.63,0.0,57.95,2.07
8,9,600133,东湖高新,13.5,3.85,0.5,,,0.0,,,,13.0,0.0,49.4,1.69
9,10,601133,柏诚股份,11.39,2.89,0.32,,,0.0,,,,11.07,0.0,28.39,2.13
10,11,002586,*ST围海,1.84,2.79,0.05,,,0.0,,,,1.79,0.0,-19.01,0.7
11,12,600846,同济科技,8.28,1.85,0.15,,,0.0,,,,8.13,0.0,12.65,1.3
12,13,300712,永福股份,24.78,1.68,0.41,,,0.0,,,,24.37,0.0,103.76,3.59
13,14,605598,上海港湾,19.49,1.51,0.29,,,0.0,,,,19.2,0.0,33.0,2.58
14,15,603843,正平股份,3.02,1.34,0.04,,,0.0,,,,2.98,0.0,-18.43,2.37
15,16,301058,中粮科工,12.18,1.33,0.16,,,0.0,,,,12.02,0.0,40.54,3.08
16,17,002135,东南网架,4.68,1.3,0.06,,,0.0,,,,4.62,0.0,24.7,0.85
17,18,002062,宏润建设,4.03,1.26,0.05,,,0.0,,,,3.98,0.0,13.35,1.0
18,19,603176,汇通集团,4.94,1.23,0.06,,,0.0,,,,4.88,0.0,25.49,2.09
19,20,002061,浙江交科,4.12,0.98,0.04,,,0.0,,,,4.08,0.0,9.57,0.73
20,21,600248,陕建股份,4.17,0.97,0.04,,,0.0,,,,4.13,0.0,3.96,0.64
21,22,000010,美丽生态,2.35,0.86,0.02,,,0.0,,,,2.33,0.0,-34.09,12.35
22,23,000498,山东路桥,6.19,0.81,0.05,,,0.0,,,,6.14,0.0,4.98,0.68
23,24,601117,中国化学,8.2,0.74,0.06,,,0.0,,,,8.14,0.0,9.79,0.83
24,25,002060,广东建工,3.78,0.53,0.02,,,0.0,,,,3.76,0.0,16.52,1.08
25,26,603388,ST元成,2.3,0.44,0.01,,,0.0,,,,2.29,0.0,-6.77,0.69
26,27,600512,腾达建设,2.38,0.42,0.01,,,0.0,,,,2.37,0.0,18.28,0.6
27,28,601669,中国电建,5.47,0.37,0.02,,,0.0,,,,5.45,0.0,8.02,0.69
28,29,600853,龙建股份,3.81,0.26,0.01,,,0.0,,,,3.8,0.0,12.36,1.28
29,30,601789,宁波建工,4.2,0.24,0.01,,,0.0,,,,4.19,0.0,15.59,1.04
30,31,000065,北方国际,10.06,0.2,0.02,,,0.0,,,,10.04,0.0,9.98,1.13
31,32,002941,新疆交建,11.31,0.18,0.02,,,0.0,,,,11.29,0.0,30.17,2.22
32,33,002051,中工国际,8.03,0.12,0.01,,,0.0,,,,8.02,0.0,23.04,0.87
33,34,002140,东华科技,8.23,0.12,0.01,,,0.0,,,,8.22,0.0,13.76,1.37
34,35,301098,金埔园林,8.81,0.11,0.01,,,0.0,,,,8.8,0.0,74.46,1.22
35,36,603955,大千生态,9.92,0.0,0.0,,,0.0,,,,9.92,0.0,65.92,0.87
36,37,603815,交建股份,6.94,0.0,0.0,,,0.0,,,,6.94,0.0,32.06,1.85
37,38,603163,圣晖集成,,,,,,,,,,24.3,0.0,24.6,2.27
38,39,601868,中国能建,2.33,0.0,0.0,,,0.0,,,,2.33,0.0,20.21,0.94
39,40,601618,中国中冶,3.32,0.0,0.0,,,0.0,,,,3.32,0.0,7.55,0.67
40,41,600939,重庆建工,3.95,0.0,0.0,,,0.0,,,,3.95,0.0,-107.05,0.95
41,42,600284,浦东建设,5.87,0.0,0.0,,,0.0,,,,5.87,0.0,9.25,0.73
42,43,600170,上海建工,2.47,0.0,0.0,,,0.0,,,,2.47,0.0,12.18,0.71
43,44,600039,四川路桥,7.27,0.0,0.0,,,0.0,,,,7.27,0.0,9.95,1.39
44,45,300517,海波重科,9.45,0.0,0.0,,,0.0,,,,9.45,0.0,80.17,1.82
45,46,002775,文科股份,3.35,0.0,0.0,,,0.0,,,,3.35,0.0,253.44,9.32
46,47,002761,浙江建投,8.85,0.0,0.0,,,0.0,,,,8.85,0.0,51.51,1.46
47,48,002628,成都路桥,7.15,0.0,0.0,,,0.0,,,,7.15,0.0,-196.07,1.82
48,49,002307,北新路桥,3.72,0.0,0.0,,,0.0,,,,3.72,0.0,704.8,1.37
49,50,600970,中材国际,10.24,-0.1,-0.01,,,0.0,,,,10.25,0.0,9.85,1.34
50,51,603637,镇海股份,7.13,-0.14,-0.01,,,0.0,,,,7.14,0.0,22.72,1.73
51,52,601668,中国建筑,6.0,-0.17,-0.01,,,0.0,,,,6.01,0.0,4.72,0.56
52,53,601611,中国核建,8.6,-0.35,-0.03,,,0.0,,,,8.63,0.0,13.35,1.29
53,54,601390,中国中铁,6.36,-0.47,-0.03,,,0.0,,,,6.39,0.0,5.74,0.53
54,55,601800,中国交建,10.21,-0.58,-0.06,,,0.0,,,,10.27,0.0,7.66,0.59
55,56,600820,隧道股份,6.8,-0.58,-0.04,,,0.0,,,,6.84,0.0,10.69,0.72
56,57,600502,安徽建工,4.78,-0.62,-0.03,,,0.0,,,,4.81,0.0,6.4,0.79
57,58,600667,太极实业,7.62,-0.65,-0.05,,,0.0,,,,7.67,0.0,23.46,1.94
58,59,600491,龙元建设,3.81,-0.78,-0.03,,,0.0,,,,3.84,0.0,-13.82,0.56
59,60,600769,祥龙电业,11.39,-0.87,-0.1,,,0.0,,,,11.49,0.0,277.53,42.0
60,61,300982,苏文电能,18.71,-0.9,-0.17,,,0.0,,,,18.88,0.0,53.8,1.26
61,62,002431,棕榈股份,2.17,-0.91,-0.02,,,0.0,,,,2.19,0.0,-5.03,1.48
62,63,300536,*ST农尚,7.4,-0.94,-0.07,,,0.0,,,,7.47,0.0,-30.96,3.95
63,64,601186,中国铁建,8.88,-1.0,-0.09,,,0.0,,,,8.97,0.0,5.76,0.47
64,65,603316,诚邦股份,5.9,-1.99,-0.12,,,0.0,,,,6.02,0.0,-69.97,2.13
65,66,002663,普邦股份,1.76,-2.22,-0.04,,,0.0,,,,1.8,0.0,-101.6,1.05
66,67,301038,深水规院,20.45,-2.34,-0.49,,,0.0,,,,20.94,0.0,-673.37,4.19
67,68,603007,*ST花王,10.51,-2.5,-0.27,,,0.0,,,,10.78,0.0,-36.41,12.0
68,69,601068,中铝国际,4.7,-3.89,-0.19,,,0.0,,,,4.89,0.0,41.9,5.71
