,序号,代码,名称,最新价,涨跌幅,涨跌额,成交量,成交额,振幅,最高,最低,今开,昨收,换手率,市盈率-动态,市净率
0,1,300981,中红医疗,14.62,13.33,1.72,107064.0,155182312.62,16.2,15.47,13.38,13.38,12.9,3.0,83.8,1.02
1,2,002936,郑州银行,2.26,10.24,0.21,2083128.0,456656923.9,8.78,2.26,2.08,2.09,2.05,3.11,6.87,0.46
2,3,000717,中南股份,2.93,10.15,0.27,434518.0,126167750.43,5.64,2.93,2.78,2.83,2.66,1.79,-6.26,0.86
3,4,002110,三钢闽光,3.91,10.14,0.36,297795.0,114833041.37,6.76,3.91,3.67,3.67,3.55,1.23,-5.41,0.5
4,5,000402,金 融 街,3.93,10.08,0.36,982561.0,383481630.15,6.16,3.93,3.71,3.72,3.57,3.29,-3.37,0.35
5,6,600787,中储股份,6.88,10.08,0.63,228157.0,156971947.0,0.0,6.88,6.88,6.88,6.25,1.05,29.17,1.09
6,7,600104,上汽集团,19.0,10.02,1.73,1089514.0,2068994990.0,1.97,19.0,18.66,19.0,17.27,0.94,23.88,0.75
7,8,000990,诚志股份,8.79,10.01,0.8,189189.0,164266750.7,5.13,8.79,8.38,8.38,7.99,1.56,36.67,0.6
8,9,000926,福星股份,2.97,10.0,0.27,915696.0,268562568.76,6.3,2.97,2.8,2.81,2.7,5.82,213.36,0.39
9,10,002462,嘉事堂,14.21,9.98,1.29,100863.0,140922125.0,7.2,14.21,13.28,13.28,12.92,3.46,13.46,0.94
10,11,600676,交运股份,5.51,9.98,0.5,102864.0,56678174.0,0.0,5.51,5.51,5.51,5.01,1.0,-18.89,1.07
11,12,601828,美凯龙,3.64,9.97,0.33,202275.0,73628246.0,0.0,3.64,3.64,3.64,3.31,0.56,-6.3,0.33
12,13,000608,阳光股份,2.65,9.96,0.24,300317.0,78248598.96,7.88,2.65,2.46,2.46,2.41,4.03,-74.14,0.82
13,14,002344,海宁皮城,4.76,9.93,0.43,33292.0,15847210.96,0.0,4.76,4.76,4.76,4.33,0.26,63.49,0.73
14,15,000900,现代投资,4.55,9.9,0.41,375931.0,168974680.1,6.76,4.55,4.27,4.27,4.14,2.48,12.75,0.63
15,16,603808,歌力思,8.24,9.72,0.73,161074.0,129428692.0,8.66,8.26,7.61,7.81,7.51,4.36,105.97,1.07
16,17,600157,永泰能源,1.7,9.68,0.15,11450954.0,1907613823.0,8.39,1.71,1.58,1.59,1.55,5.15,19.35,0.8
17,18,600704,物产中大,5.71,9.39,0.49,1445941.0,817889934.0,7.47,5.74,5.35,5.39,5.22,2.81,9.54,0.81
18,19,600884,杉杉股份,9.35,9.36,0.8,441347.0,410391213.0,8.42,9.41,8.69,8.7,8.55,2.51,680.74,0.96
19,20,000709,河钢股份,2.37,9.22,0.2,1508141.0,351543889.09,7.83,2.39,2.22,2.22,2.17,1.46,32.31,0.48
20,21,002392,北京利尔,4.39,9.2,0.37,644380.0,283857977.65,2.74,4.42,4.31,4.42,4.02,7.71,12.65,0.96
21,22,600606,绿地控股,2.45,8.89,0.2,1929482.0,471272644.0,8.0,2.48,2.3,2.3,2.25,1.37,109.15,0.42
22,23,300070,碧水源,6.29,8.82,0.51,987771.0,621723534.54,5.88,6.49,6.15,6.15,5.78,2.88,-398.12,0.84
23,24,600682,南京新百,7.06,8.78,0.57,334039.0,234809578.0,7.7,7.14,6.64,6.71,6.49,2.87,32.17,0.55
24,25,300195,长荣股份,6.09,8.75,0.49,125052.0,73146697.0,8.39,6.11,5.64,5.7,5.6,3.98,571.92,0.97
25,26,002958,青农商行,3.37,8.71,0.27,1439679.0,476659405.52,7.74,3.41,3.17,3.17,3.1,2.92,4.38,0.53
26,27,002582,好想你,6.58,8.58,0.52,242470.0,160016443.66,6.77,6.67,6.26,6.26,6.06,7.06,-36.84,0.83
27,28,688068,热景生物,34.8,8.11,2.61,48714.0,172802036.0,10.38,36.67,33.33,33.69,32.19,5.27,-59.39,0.99
28,29,000069,华侨城Ａ,3.07,8.1,0.23,1094906.0,335838125.6,6.69,3.12,2.93,2.94,2.84,1.59,-7.87,0.44
29,30,600508,上海能源,14.37,7.88,1.05,126088.0,178978492.0,5.03,14.4,13.73,13.77,13.32,1.74,12.45,0.81
30,31,600969,郴电国际,7.08,7.76,0.51,188622.0,135177199.0,6.39,7.23,6.81,6.81,6.57,5.1,32.5,0.72
31,32,600658,电子城,4.93,7.64,0.35,171976.0,83037796.0,5.68,4.96,4.7,4.7,4.58,1.54,-8.43,0.81
32,33,000898,鞍钢股份,2.54,7.63,0.18,554082.0,138406367.07,5.93,2.54,2.4,2.4,2.36,0.7,-3.52,0.48
33,34,600510,黑牡丹,5.08,6.95,0.33,322657.0,167014940.0,4.42,5.23,5.02,5.1,4.75,3.13,49.54,0.52
34,35,002394,联发股份,7.93,6.87,0.51,149688.0,120835764.3,4.04,8.16,7.86,7.97,7.42,4.63,14.75,0.64
35,36,600739,辽宁成大,12.23,6.81,0.78,221466.0,270098058.0,4.98,12.45,11.88,11.9,11.45,1.45,19.72,0.63
36,37,601618,中国中冶,3.6,6.51,0.22,1027738.0,363394251.0,3.25,3.6,3.49,3.49,3.38,0.58,8.19,0.73
37,38,688075,安旭生物,40.21,6.49,2.45,7833.0,31463730.0,7.28,40.99,38.24,38.24,37.76,0.62,28.23,0.99
38,39,600390,五矿资本,7.91,6.46,0.48,1367749.0,1092034870.0,6.19,8.17,7.71,7.8,7.43,3.04,21.92,0.83
39,40,600153,建发股份,10.06,6.46,0.61,403262.0,405062273.0,5.19,10.21,9.72,9.73,9.45,1.39,10.8,0.54
40,41,601186,中国铁建,9.97,6.4,0.6,983055.0,969066201.0,3.09,10.0,9.71,9.86,9.37,0.85,6.47,0.52
41,42,833819,颖泰生物,4.34,6.37,0.26,169351.0,74811905.75,10.54,4.65,4.22,4.4,4.08,1.4,-20.13,0.98
42,43,600067,冠城大通,3.4,6.25,0.2,348590.0,117849795.0,7.81,3.49,3.24,3.27,3.2,2.5,-49.1,0.74
43,44,000050,深天马Ａ,9.69,6.25,0.57,611179.0,602073607.98,6.25,10.03,9.46,9.59,9.12,2.49,-37.79,0.87
44,45,002048,宁波华翔,13.79,6.16,0.8,121351.0,164070964.48,5.0,13.8,13.15,13.15,12.99,2.32,11.75,0.99
45,46,600694,大商股份,19.99,6.05,1.14,38472.0,76266485.0,4.03,20.14,19.38,19.49,18.85,1.23,8.83,0.72
46,47,002146,荣盛发展,2.11,6.03,0.12,1843139.0,390436662.98,7.04,2.19,2.05,2.05,1.99,4.73,-4.83,0.41
47,48,601005,重庆钢铁,1.62,5.88,0.09,1222166.0,196051480.0,4.58,1.63,1.56,1.56,1.53,1.46,-8.03,0.78
48,49,601992,金隅集团,1.99,5.85,0.11,521068.0,103255100.0,5.85,2.02,1.91,1.91,1.88,0.63,-36.51,0.48
49,50,000059,华锦股份,5.37,5.5,0.28,177383.0,95346942.4,6.29,5.5,5.18,5.18,5.09,1.11,-3.41,0.69
50,51,600123,兰花科创,9.09,5.45,0.47,258132.0,232670319.0,3.36,9.16,8.87,8.88,8.62,1.74,14.33,0.83
51,52,600623,华谊集团,7.26,5.37,0.37,265656.0,191417837.0,3.77,7.32,7.06,7.06,6.89,1.42,19.25,0.68
52,53,600376,首开股份,2.95,5.36,0.15,195955.0,57060927.0,3.57,2.95,2.85,2.85,2.8,0.76,-1.33,0.56
53,54,600335,国机汽车,6.77,5.29,0.34,272872.0,186331245.0,4.67,7.0,6.7,6.7,6.43,1.82,24.76,0.91
54,55,600782,新钢股份,4.01,5.25,0.2,215137.0,85688436.0,2.89,4.03,3.92,3.94,3.81,0.68,-16.35,0.49
55,56,002314,南山控股,2.62,5.22,0.13,207594.0,53739048.0,4.02,2.63,2.53,2.54,2.49,1.55,-15.27,0.72
56,57,001227,兰州银行,2.65,5.16,0.13,1198668.0,314292030.73,4.76,2.67,2.55,2.56,2.52,4.33,7.57,0.51
57,58,000501,武商集团,8.81,5.13,0.43,90107.0,78752617.5,3.46,8.86,8.57,8.59,8.38,1.17,40.93,0.61
58,59,601800,中国交建,11.5,5.12,0.56,639058.0,730816633.0,3.11,11.6,11.26,11.48,10.94,0.54,8.63,0.66
59,60,002277,友阿股份,3.29,5.11,0.16,768555.0,260291960.0,5.43,3.44,3.27,3.29,3.13,5.51,30.08,0.67
60,61,600170,上海建工,2.7,5.06,0.13,1379292.0,371792750.0,5.06,2.75,2.62,2.62,2.57,1.55,13.32,0.78
61,62,600585,海螺水泥,26.94,4.95,1.27,104689.0,279461493.0,3.93,27.03,26.02,26.02,25.67,0.26,20.6,0.77
62,63,601512,中新集团,7.89,4.92,0.37,52899.0,41306635.0,5.05,7.98,7.6,7.62,7.52,0.35,13.19,0.82
63,64,600051,宁波联合,6.83,4.92,0.32,53998.0,37145818.0,3.99,6.98,6.72,6.72,6.51,1.74,28.93,0.64
64,65,000028,国药一致,31.96,4.89,1.49,45253.0,143535129.0,4.33,32.23,30.91,30.91,30.47,0.95,12.52,0.98
65,66,600716,凤凰股份,3.44,4.88,0.16,113526.0,38818030.0,3.96,3.47,3.34,3.34,3.28,1.21,-84.35,0.61
66,67,000778,新兴铸管,4.09,4.87,0.19,489355.0,199371820.0,3.33,4.12,3.99,3.99,3.9,1.26,25.32,0.63
67,68,601390,中国中铁,6.89,4.87,0.32,1021494.0,701340365.0,3.04,6.98,6.78,6.86,6.57,0.5,6.22,0.57
68,69,600017,日照港,3.26,4.82,0.15,325533.0,105086617.0,3.54,3.26,3.15,3.15,3.11,1.06,11.84,0.73
69,70,600208,衢州发展,3.05,4.81,0.14,837286.0,255234530.0,4.12,3.1,2.98,2.99,2.91,0.98,9.82,0.59
70,71,600016,民生银行,3.95,4.77,0.18,2302730.0,900065670.0,3.71,3.96,3.82,3.83,3.77,0.65,4.25,0.32
71,72,000090,天健集团,4.43,4.73,0.2,204958.0,90227926.69,2.6,4.44,4.33,4.35,4.23,1.1,18.9,0.74
72,73,002051,中工国际,9.53,4.73,0.43,394480.0,381437826.31,7.69,10.01,9.31,10.01,9.1,3.19,27.35,1.03
73,74,000825,太钢不锈,3.78,4.71,0.17,272292.0,101961940.66,3.88,3.79,3.65,3.67,3.61,0.48,-29.19,0.65
74,75,600022,山东钢铁,1.56,4.7,0.07,893320.0,137332918.0,4.03,1.56,1.5,1.51,1.49,0.83,-8.63,0.85
75,76,601997,贵阳银行,6.29,4.66,0.28,584338.0,365285928.0,3.16,6.33,6.14,6.15,6.01,1.6,4.34,0.38
76,77,600755,厦门国贸,7.0,4.63,0.31,284043.0,199102306.0,3.89,7.13,6.87,6.87,6.69,1.33,15.98,0.74
77,78,601011,宝泰隆,2.51,4.58,0.11,281425.0,69956066.0,4.58,2.52,2.41,2.41,2.4,1.47,-13.21,0.81
78,79,600717,天津港,5.26,4.57,0.23,433713.0,228797963.0,5.17,5.4,5.14,5.14,5.03,1.5,12.79,0.79
79,80,600019,宝钢股份,6.88,4.56,0.3,665205.0,452852435.0,3.65,6.89,6.65,6.65,6.58,0.3,19.29,0.76
80,81,600269,赣粤高速,5.35,4.49,0.23,181023.0,95761644.0,3.52,5.35,5.17,5.18,5.12,0.78,8.13,0.67
81,82,600339,中油工程,3.74,4.47,0.16,330992.0,123325827.0,1.96,3.75,3.68,3.68,3.58,0.59,24.77,0.79
82,83,000959,首钢股份,3.29,4.44,0.14,320447.0,104877187.81,3.49,3.31,3.2,3.21,3.15,0.49,94.18,0.52
83,84,601880,辽港股份,1.65,4.43,0.07,1008692.0,164407925.0,4.43,1.66,1.59,1.59,1.58,0.54,31.29,0.99
84,85,603359,东珠生态,4.98,4.4,0.21,134954.0,68133496.0,5.45,5.2,4.94,5.0,4.77,3.03,127.27,0.67
85,86,600567,山鹰国际,1.9,4.4,0.08,1226027.0,231383343.0,3.3,1.91,1.85,1.86,1.82,2.29,111.46,0.67
86,87,000910,大亚圣象,7.7,4.34,0.32,29822.0,22876158.2,3.52,7.77,7.51,7.51,7.38,0.55,23.58,0.63
87,88,601238,广汽集团,9.15,4.33,0.38,299043.0,275985210.0,5.7,9.49,8.99,9.0,8.77,0.41,592.27,0.83
88,89,600742,一汽富维,9.8,4.26,0.4,137185.0,135998301.0,4.79,10.14,9.69,9.75,9.4,1.85,13.62,0.86
89,90,688186,广大特材,14.35,4.21,0.58,25124.0,36052311.0,5.45,14.7,13.95,13.95,13.77,1.17,29.07,0.92
90,91,600811,东方集团,2.97,4.21,0.12,1376628.0,410112200.0,6.67,3.09,2.9,2.99,2.85,3.76,62.1,0.65
91,92,600997,开滦股份,7.18,4.21,0.29,85838.0,60838234.0,3.92,7.19,6.92,6.94,6.89,0.54,13.2,0.8
92,93,600655,豫园股份,6.21,4.19,0.25,117618.0,72521249.0,3.36,6.23,6.03,6.04,5.96,0.3,15.64,0.66
93,94,601117,中国化学,8.82,4.13,0.35,605887.0,530664225.0,4.25,8.98,8.62,8.8,8.47,1.0,10.53,0.89
94,95,600015,华夏银行,7.37,4.1,0.29,442189.0,323986046.0,3.25,7.43,7.2,7.2,7.08,0.29,4.75,0.4
95,96,000488,晨鸣纸业,3.82,4.09,0.15,179354.0,67565527.5,3.81,3.83,3.69,3.7,3.67,1.07,-11.93,0.71
96,97,600960,渤海汽车,3.57,4.08,0.14,136761.0,49318503.0,5.83,3.7,3.5,3.5,3.43,1.44,-13.42,0.75
97,98,002258,利尔化学,8.68,4.08,0.34,84867.0,73183028.42,3.72,8.74,8.43,8.44,8.34,1.06,39.51,0.91
98,99,600266,城建发展,5.88,4.07,0.23,183798.0,106646460.0,3.72,5.9,5.69,5.73,5.65,0.89,16.78,0.6
99,100,001872,招商港口,21.37,4.04,0.83,93771.0,201713223.27,3.99,21.9,21.08,21.5,20.54,0.54,10.73,0.87
100,101,600741,华域汽车,17.6,4.02,0.68,175653.0,310319887.0,4.2,17.94,17.23,17.23,16.92,0.56,9.3,0.92
101,102,000932,华菱钢铁,4.66,4.02,0.18,587575.0,274327950.56,2.9,4.73,4.6,4.6,4.48,0.85,13.63,0.6
102,103,000726,鲁  泰Ａ,6.58,3.95,0.25,82427.0,54253438.0,4.58,6.74,6.45,6.45,6.33,1.4,14.01,0.58
103,104,600808,马钢股份,2.39,3.91,0.09,258358.0,61177652.0,3.04,2.39,2.32,2.32,2.3,0.43,-5.48,0.73
104,105,601860,紫金银行,2.95,3.87,0.11,763462.0,223547553.0,3.52,2.97,2.87,2.87,2.84,2.16,5.99,0.56
105,106,600668,尖峰集团,10.51,3.85,0.39,39540.0,41880973.0,4.84,10.84,10.35,10.37,10.12,1.15,38.44,0.71
106,107,600665,天地源,3.25,3.83,0.12,81361.0,26378717.0,4.15,3.29,3.16,3.16,3.13,0.94,20.99,0.7
107,108,600528,中铁工业,8.69,3.82,0.32,175763.0,151831346.0,1.67,8.7,8.56,8.6,8.37,0.79,10.98,0.82
108,109,601718,际华集团,3.01,3.79,0.11,326478.0,97762690.0,3.45,3.04,2.94,2.94,2.9,0.74,-224.37,0.78
109,110,600409,三友化工,5.75,3.79,0.21,186901.0,106609433.0,2.71,5.75,5.6,5.6,5.54,0.91,22.55,0.86
110,111,000685,中山公用,9.06,3.78,0.33,141227.0,127457912.8,2.41,9.09,8.88,8.88,8.73,1.13,9.81,0.78
111,112,000055,方大集团,4.13,3.77,0.15,95988.0,40225494.52,5.53,4.31,4.09,4.11,3.98,1.42,22.22,0.73
112,113,600248,陕建股份,4.76,3.7,0.17,243392.0,115657770.0,1.74,4.79,4.71,4.71,4.59,0.66,4.52,0.73
113,114,600076,康欣新材,2.24,3.7,0.08,199786.0,45109860.0,5.09,2.32,2.21,2.25,2.16,1.49,-18.0,0.71
114,115,002081,金 螳 螂,3.66,3.68,0.13,161734.0,58709429.7,2.83,3.67,3.57,3.57,3.53,0.61,15.57,0.72
115,116,601668,中国建筑,6.27,3.64,0.22,1562181.0,974216111.0,2.15,6.31,6.18,6.18,6.05,0.38,4.93,0.58
116,117,600064,南京高科,8.0,3.63,0.28,148024.0,118126400.0,2.85,8.06,7.84,7.85,7.72,0.86,5.65,0.73
117,118,000591,太阳能,5.15,3.62,0.18,452260.0,230627264.4,2.82,5.15,5.01,5.01,4.97,1.26,11.71,0.85
118,119,600383,金地集团,5.46,3.61,0.19,472949.0,256632734.0,2.28,5.48,5.36,5.4,5.27,1.05,-5.42,0.4
119,120,600098,广州发展,6.63,3.59,0.23,189067.0,124679759.0,2.5,6.64,6.48,6.48,6.4,0.54,10.99,0.87
120,121,600177,雅戈尔,7.84,3.57,0.27,223228.0,173573890.0,2.64,7.86,7.66,7.71,7.57,0.48,10.82,0.89
121,122,600928,西安银行,3.79,3.55,0.13,258337.0,97184329.0,1.91,3.79,3.72,3.73,3.66,0.58,6.56,0.52
122,123,600596,新安股份,8.55,3.51,0.29,86770.0,73416316.0,2.54,8.55,8.34,8.34,8.26,0.67,63.17,0.91
123,124,688298,东方生物,33.32,3.51,1.13,13326.0,43927472.0,3.95,33.46,32.19,32.54,32.19,0.66,-19.22,0.98
124,125,000042,中洲控股,5.02,3.51,0.17,60685.0,30469943.0,4.12,5.14,4.94,4.95,4.85,0.91,-4.83,0.64
125,126,600155,华创云信,8.06,3.47,0.27,196464.0,156327868.0,3.08,8.07,7.83,7.88,7.79,0.88,124.65,0.9
126,127,600502,安徽建工,5.08,3.46,0.17,219986.0,110889872.0,2.44,5.09,4.97,4.97,4.91,1.28,6.8,0.84
127,128,600000,浦发银行,9.87,3.46,0.33,285400.0,281482681.0,3.46,9.97,9.64,9.65,9.54,0.1,6.17,0.45
128,129,601598,中国外运,5.4,3.45,0.18,319800.0,171734076.0,2.68,5.42,5.28,5.28,5.22,0.61,10.46,1.02
129,130,000498,山东路桥,6.62,3.44,0.22,98159.0,64803196.1,2.66,6.7,6.53,6.58,6.4,0.67,5.32,0.73
130,131,000882,华联股份,1.81,3.43,0.06,693047.0,126872363.0,4.57,1.87,1.79,1.8,1.75,2.53,122.93,0.72
131,132,000967,盈峰环境,4.89,3.38,0.16,66782.0,32600745.0,2.75,4.92,4.79,4.79,4.73,0.21,19.24,0.89
132,133,000517,荣安地产,2.47,3.35,0.08,198564.0,48737586.63,2.51,2.48,2.42,2.42,2.39,0.8,18.54,1.0
133,134,601187,厦门银行,5.6,3.32,0.18,180749.0,100851066.0,2.58,5.63,5.49,5.5,5.42,1.41,5.73,0.59
134,135,002375,亚厦股份,4.07,3.3,0.13,89055.0,36304510.0,2.79,4.13,4.02,4.02,3.94,0.67,16.17,0.68
135,136,002004,华邦健康,4.72,3.28,0.15,93806.0,43818045.34,2.84,4.72,4.59,4.6,4.57,0.5,15.51,0.92
136,137,002010,传化智联,5.04,3.28,0.16,258773.0,129008354.74,2.87,5.04,4.9,4.95,4.88,0.93,44.4,0.81
137,138,000623,吉林敖东,18.91,3.28,0.6,131191.0,247109179.72,2.51,19.06,18.6,18.66,18.31,1.1,13.63,0.79
138,139,002061,浙江交科,4.44,3.26,0.14,224547.0,99594620.0,2.56,4.5,4.39,4.4,4.3,0.86,10.32,0.78
139,140,600649,城投控股,5.08,3.25,0.16,170904.0,86553284.0,3.05,5.13,4.98,4.99,4.92,0.68,-44.58,0.63
140,141,601333,广深铁路,3.5,3.24,0.11,542050.0,188960758.0,3.24,3.53,3.42,3.42,3.39,0.96,15.38,0.91
141,142,000419,通程控股,5.41,3.24,0.17,69825.0,38026909.36,3.24,5.54,5.37,5.38,5.24,1.28,15.09,0.86
142,143,600278,东方创业,7.32,3.24,0.23,71020.0,52812883.0,5.64,7.65,7.25,7.29,7.09,0.81,25.65,0.85
143,144,601155,新城控股,14.12,3.22,0.44,65968.0,92318683.0,2.49,14.13,13.79,13.8,13.68,0.29,16.42,0.52
144,145,600874,创业环保,6.11,3.21,0.19,83982.0,51069826.0,2.03,6.13,6.01,6.01,5.92,0.68,10.62,1.01
145,146,600820,隧道股份,7.09,3.2,0.22,211263.0,149311554.0,1.75,7.12,7.0,7.0,6.87,0.67,11.15,0.75
146,147,601818,光大银行,3.56,3.19,0.11,1385733.0,491355694.0,3.19,3.59,3.48,3.49,3.45,0.3,4.11,0.44
147,148,600368,五洲交通,3.9,3.17,0.12,198185.0,77433566.0,2.91,3.95,3.84,3.84,3.78,1.23,8.31,0.93
148,149,600020,中原高速,4.25,3.16,0.13,113589.0,48159856.0,3.64,4.31,4.16,4.16,4.12,0.51,8.7,0.84
149,150,002233,塔牌集团,7.87,3.15,0.24,60839.0,47910539.85,2.88,7.96,7.74,7.75,7.63,0.51,18.47,0.8
150,151,601699,潞安环能,15.48,3.13,0.47,100548.0,154118789.0,2.47,15.48,15.11,15.16,15.01,0.34,12.41,0.99
151,152,600740,山西焦化,4.29,3.13,0.13,149816.0,63850583.0,2.88,4.3,4.18,4.2,4.16,0.58,32.62,0.72
152,153,601588,北辰实业,1.99,3.11,0.06,321562.0,64350598.0,4.15,2.04,1.96,1.96,1.93,1.21,-5.41,0.58
153,154,600231,凌钢股份,2.01,3.08,0.06,66692.0,13434963.0,3.08,2.05,1.99,1.99,1.95,0.24,-3.15,0.96
154,155,601778,晶科科技,3.03,3.06,0.09,273471.0,82533646.0,3.06,3.05,2.96,2.96,2.94,0.77,36.92,0.71
155,156,600657,信达地产,5.05,3.06,0.15,215962.0,108926870.0,2.45,5.1,4.98,4.99,4.9,0.76,-124.55,0.59
156,157,000627,天茂集团,4.04,3.06,0.12,491871.0,197084465.2,3.83,4.09,3.94,3.98,3.92,1.08,-44.94,0.92
157,158,002393,力生制药,17.6,3.04,0.52,14632.0,25684995.2,2.34,17.7,17.3,17.3,17.08,0.57,20.12,0.91
158,159,002067,景兴纸业,3.74,3.03,0.11,284942.0,106752000.9,4.41,3.84,3.68,3.71,3.63,2.73,66.27,0.81
159,160,300664,鹏鹞环保,5.13,3.01,0.15,74767.0,38057746.95,2.21,5.14,5.03,5.03,4.98,0.99,13.96,0.91
160,161,600780,通宝能源,6.17,3.01,0.18,38065.0,23248998.0,2.67,6.18,6.02,6.02,5.99,0.33,13.8,0.94
161,162,600308,华泰股份,3.78,3.0,0.11,91310.0,34358041.0,1.91,3.79,3.72,3.73,3.67,0.6,25.66,0.62
162,163,002029,七 匹 狼,6.22,2.98,0.18,58217.0,36445980.0,2.32,6.33,6.19,6.22,6.04,0.87,13.96,0.67
163,164,600496,精工钢构,3.12,2.97,0.09,130605.0,40624688.0,2.31,3.14,3.07,3.07,3.03,0.65,9.91,0.72
164,165,600512,腾达建设,2.43,2.97,0.07,173797.0,42316075.0,2.97,2.46,2.39,2.39,2.36,1.09,18.66,0.62
165,166,600828,茂业商业,3.16,2.93,0.09,65551.0,20842831.0,4.89,3.25,3.1,3.19,3.07,0.38,26.67,0.77
166,167,000600,建投能源,5.27,2.93,0.15,148629.0,77925584.0,2.73,5.3,5.16,5.16,5.12,1.36,16.39,0.93
167,168,000718,苏宁环球,2.47,2.92,0.07,160325.0,39471245.14,3.33,2.5,2.42,2.43,2.4,0.7,15.88,0.77
168,169,600533,栖霞建设,2.48,2.9,0.07,106655.0,26648249.0,4.15,2.54,2.44,2.44,2.41,1.02,-11.22,0.64
169,170,603518,锦泓集团,7.8,2.9,0.22,36420.0,28583943.0,4.49,8.05,7.71,7.76,7.58,1.06,12.56,0.79
170,171,600180,瑞茂通,4.61,2.9,0.13,60495.0,27964538.0,3.57,4.71,4.55,4.56,4.48,0.56,29.98,0.64
171,172,600758,辽宁能源,3.55,2.9,0.1,66243.0,23426936.0,3.19,3.57,3.46,3.46,3.45,0.5,58.89,0.86
172,173,600033,福建高速,3.59,2.87,0.1,208078.0,74287244.0,2.01,3.59,3.52,3.52,3.49,0.76,9.32,0.84
173,174,600908,无锡银行,6.13,2.85,0.17,243089.0,149480505.0,2.35,6.22,6.08,6.08,5.96,1.22,5.71,0.65
174,175,600643,爱建集团,5.86,2.81,0.16,87823.0,51399662.0,2.81,5.94,5.78,5.81,5.7,0.55,28.25,0.74
175,176,600094,大名城,3.69,2.79,0.1,100840.0,36955218.0,2.23,3.7,3.62,3.64,3.59,0.44,29.43,0.72
176,177,002091,江苏国泰,7.8,2.77,0.21,163743.0,127642587.0,1.98,7.86,7.71,7.71,7.59,1.03,10.72,0.84
177,178,600971,恒源煤电,9.68,2.76,0.26,78365.0,75360842.0,2.12,9.68,9.48,9.48,9.42,0.65,9.22,0.92
178,179,601669,中国电建,5.98,2.75,0.16,891382.0,532175014.0,2.41,6.05,5.91,5.98,5.82,0.68,8.77,0.76
179,180,000950,重药控股,5.62,2.74,0.15,115517.0,64949753.0,2.74,5.68,5.53,5.54,5.47,0.67,24.93,0.85
180,181,601577,长沙银行,8.68,2.72,0.23,146657.0,126958025.0,1.89,8.73,8.57,8.57,8.45,0.36,4.23,0.54
181,182,603113,金能科技,6.06,2.71,0.16,49427.0,30166859.0,4.41,6.19,5.93,5.95,5.9,0.58,-118.84,0.61
182,183,000877,天山股份,6.45,2.71,0.17,69783.0,45251563.49,3.66,6.6,6.37,6.37,6.28,0.38,-9.18,0.57
183,184,002191,劲嘉股份,4.58,2.69,0.12,92062.0,42219733.0,2.91,4.65,4.52,4.55,4.46,0.64,21.01,0.99
184,185,601988,中国银行,4.99,2.67,0.13,1560814.0,775043786.0,2.88,5.02,4.88,4.88,4.86,0.07,6.27,0.62
185,186,000949,新乡化纤,3.84,2.67,0.1,202185.0,77682763.0,4.55,3.93,3.76,3.76,3.74,1.38,24.57,1.0
186,187,601003,柳钢股份,3.08,2.67,0.08,75596.0,23239567.0,2.33,3.1,3.03,3.03,3.0,0.29,-19.26,0.93
187,188,600035,楚天高速,4.26,2.65,0.11,97150.0,41321443.0,2.41,4.29,4.19,4.19,4.15,0.6,7.76,0.8
188,189,600708,光明地产,3.13,2.62,0.08,175901.0,55123440.0,4.26,3.19,3.06,3.15,3.05,0.79,-13.93,0.67
189,190,000690,宝新能源,4.7,2.62,0.12,206297.0,96517542.0,2.18,4.72,4.62,4.63,4.58,0.95,12.95,0.85
190,191,600337,美克家居,1.97,2.6,0.05,123205.0,24298744.0,5.21,2.03,1.93,1.94,1.92,0.86,-4.82,0.9
191,192,601998,中信银行,6.73,2.59,0.17,269699.0,180831922.0,2.13,6.76,6.62,6.63,6.56,0.07,5.22,0.54
192,193,000785,居然之家,2.83,2.54,0.07,222736.0,63116447.0,2.9,2.87,2.79,2.79,2.76,0.37,18.24,0.88
193,194,601678,滨化股份,4.05,2.53,0.1,123259.0,49773324.0,2.53,4.06,3.96,3.96,3.95,0.6,33.04,0.73
194,195,000552,甘肃能化,2.84,2.53,0.07,349636.0,98779662.0,2.17,2.85,2.79,2.79,2.77,0.94,11.05,0.91
195,196,000619,海螺新材,5.29,2.52,0.13,38666.0,20556474.0,4.07,5.42,5.21,5.26,5.16,1.07,-66.27,0.87
196,197,600639,浦东金桥,11.42,2.51,0.28,55383.0,63203088.0,2.78,11.56,11.25,11.25,11.14,0.65,24.61,0.91
197,198,000965,天保基建,3.27,2.51,0.08,167457.0,55135911.5,3.13,3.34,3.24,3.24,3.19,1.51,3057.95,0.67
198,199,601868,中国能建,2.46,2.5,0.06,1599769.0,392401011.0,2.5,2.48,2.42,2.43,2.4,0.49,21.34,0.99
199,200,002478,常宝股份,5.33,2.5,0.13,63058.0,33491071.3,2.31,5.35,5.23,5.25,5.2,0.88,8.76,0.89
200,201,603077,和邦生物,2.07,2.48,0.05,525644.0,108519397.0,2.48,2.09,2.04,2.04,2.02,0.6,61.95,0.97
201,202,601916,浙商银行,2.92,2.46,0.07,1076385.0,312740102.0,2.11,2.93,2.87,2.87,2.85,0.5,4.66,0.47
202,203,000401,冀东水泥,5.84,2.46,0.14,60473.0,35306457.57,2.63,5.91,5.76,5.78,5.7,0.39,-39.23,0.55
203,204,000001,平安银行,11.72,2.45,0.28,817321.0,957529419.81,1.4,11.78,11.62,11.63,11.44,0.42,4.29,0.54
204,205,601166,兴业银行,18.49,2.44,0.44,392080.0,723504517.0,2.27,18.61,18.2,18.2,18.05,0.19,4.57,0.51
205,206,002807,江阴银行,4.22,2.43,0.1,253057.0,106619119.92,1.46,4.24,4.18,4.19,4.12,1.03,6.91,0.59
206,207,002948,青岛银行,3.8,2.43,0.09,289619.0,109688498.9,2.16,3.82,3.74,3.74,3.71,0.93,4.8,0.61
207,208,601163,三角轮胎,15.25,2.42,0.36,46154.0,69953051.0,1.95,15.27,14.98,15.04,14.89,0.58,10.36,0.92
208,209,600284,浦东建设,6.41,2.4,0.15,70287.0,45048378.0,2.56,6.51,6.35,6.36,6.26,0.72,10.1,0.8
209,210,603980,吉华集团,4.31,2.38,0.1,50998.0,22275771.0,4.75,4.46,4.26,4.26,4.21,0.75,17.07,0.75
210,211,601018,宁波港,3.88,2.37,0.09,265357.0,102593591.0,2.11,3.89,3.81,3.81,3.79,0.17,13.78,0.97
211,212,000039,中集集团,8.65,2.37,0.2,116423.0,100548654.3,2.01,8.7,8.53,8.54,8.45,0.51,19.14,1.0
212,213,600827,百联股份,10.0,2.35,0.23,59936.0,60244379.0,2.97,10.16,9.87,9.87,9.77,0.37,8.26,0.92
213,214,002398,垒知集团,4.35,2.35,0.1,57728.0,25178261.68,3.06,4.42,4.29,4.29,4.25,1.0,23.74,0.85
214,215,600736,苏州高新,5.66,2.35,0.13,208352.0,119091220.0,4.88,5.85,5.58,5.68,5.53,1.81,20.62,0.87
215,216,600526,菲达环保,4.84,2.33,0.11,57830.0,28142498.0,3.38,4.93,4.77,4.77,4.73,0.81,20.28,1.01
216,217,002133,广宇集团,2.64,2.33,0.06,99242.0,26293938.0,3.1,2.69,2.61,2.61,2.58,1.29,-10.08,0.54
217,218,000906,浙商中拓,6.61,2.32,0.15,123019.0,82151770.38,3.87,6.79,6.54,6.59,6.46,1.75,8.4,0.97
218,219,002839,张家港行,4.46,2.29,0.1,274905.0,122507521.0,1.61,4.49,4.42,4.42,4.36,1.17,5.5,0.65
219,220,002608,江苏国信,7.64,2.28,0.17,83215.0,63401572.0,2.54,7.67,7.48,7.53,7.47,0.22,7.41,0.9
220,221,601518,吉林高速,2.72,2.26,0.06,99036.0,26897953.0,2.63,2.75,2.68,2.68,2.66,0.52,9.9,0.98
221,222,601963,重庆银行,9.53,2.25,0.21,75356.0,71293080.0,1.93,9.55,9.37,9.45,9.32,0.4,5.61,0.63
222,223,601328,交通银行,7.28,2.25,0.16,598161.0,433873903.0,2.11,7.31,7.16,7.16,7.12,0.15,5.9,0.57
223,224,688199,久日新材,16.4,2.24,0.36,7147.0,11656590.0,2.18,16.5,16.15,16.15,16.04,0.44,-82.19,1.02
224,225,000789,万年青,5.48,2.24,0.12,38827.0,21408045.45,4.29,5.61,5.38,5.38,5.36,0.49,469.66,0.65
225,226,000883,湖北能源,5.03,2.24,0.11,182885.0,91521594.58,2.24,5.05,4.94,4.94,4.92,0.28,9.96,0.95
226,227,600810,神马股份,7.37,2.22,0.16,48939.0,36172901.0,2.64,7.49,7.3,7.49,7.21,0.48,210.37,1.01
227,228,000507,珠海港,5.13,2.19,0.11,71283.0,36734747.16,3.19,5.22,5.06,5.06,5.02,0.79,14.82,0.9
228,229,600859,王府井,14.99,2.18,0.32,111765.0,167554056.0,2.04,15.15,14.85,14.88,14.67,1.02,29.9,0.86
229,230,600325,华发股份,6.66,2.15,0.14,139475.0,92576730.0,2.45,6.72,6.56,6.57,6.52,0.54,10.33,0.87
230,231,601169,北京银行,5.71,2.15,0.12,726848.0,414447840.0,1.97,5.75,5.64,5.65,5.59,0.34,4.39,0.45
231,232,002440,闰土股份,6.72,2.13,0.14,23822.0,15995008.79,2.28,6.8,6.65,6.66,6.58,0.25,37.53,0.81
232,233,001213,中铁特货,4.34,2.12,0.09,154166.0,66965614.0,1.41,4.37,4.31,4.31,4.25,0.35,25.25,1.02
233,234,600984,建设机械,3.44,2.08,0.07,73963.0,25571320.0,4.45,3.53,3.38,3.44,3.37,0.59,-5.17,0.93
234,235,600693,东百集团,3.49,2.05,0.07,40639.0,14201836.0,4.39,3.57,3.42,3.42,3.42,0.47,26.64,0.86
235,236,000589,贵州轮胎,4.99,2.04,0.1,216683.0,108205301.1,2.45,5.06,4.94,4.95,4.89,1.42,10.38,0.89
236,237,000797,中国武夷,3.0,2.04,0.06,205244.0,61752352.04,3.06,3.06,2.97,2.97,2.94,1.31,75.76,0.9
237,238,000581,威孚高科,18.53,2.04,0.37,37256.0,68914438.64,1.82,18.66,18.33,18.34,18.16,0.45,10.85,0.95
238,239,600805,悦达投资,4.51,2.04,0.09,40058.0,18120727.0,2.49,4.57,4.46,4.5,4.42,0.47,114.48,0.87
239,240,600583,海油工程,5.59,2.01,0.11,154049.0,85947087.0,1.64,5.62,5.53,5.53,5.48,0.35,10.63,0.95
240,241,601528,瑞丰银行,5.66,1.98,0.11,350205.0,200436497.0,3.78,5.84,5.63,5.73,5.55,2.05,5.78,0.62
241,242,600748,上实发展,3.64,1.96,0.07,76177.0,27865771.0,4.2,3.74,3.59,3.63,3.57,0.41,-18.05,0.69
242,243,600638,新黄浦,5.2,1.96,0.1,35507.0,18572226.0,2.75,5.29,5.15,5.17,5.1,0.53,47.0,0.78
243,244,002589,瑞康医药,3.14,1.95,0.06,189472.0,59854647.0,4.87,3.24,3.09,3.12,3.08,1.39,91.31,0.86
244,245,000417,合百集团,5.31,1.92,0.1,56709.0,30242271.0,2.88,5.41,5.26,5.29,5.21,0.73,14.88,0.88
245,246,600173,卧龙地产,4.28,1.9,0.08,31077.0,13316839.0,2.62,4.34,4.23,4.23,4.2,0.44,20.8,0.78
246,247,600790,轻纺城,3.78,1.89,0.07,80643.0,30490226.0,2.43,3.82,3.73,3.74,3.71,0.55,18.81,0.88
247,248,603368,柳药集团,18.6,1.86,0.34,33030.0,61443958.0,2.14,18.76,18.37,18.37,18.26,0.83,7.78,0.97
248,249,603012,创力集团,5.05,1.81,0.09,39027.0,19711023.0,2.62,5.11,4.98,4.98,4.96,0.6,17.26,0.89
249,250,601233,桐昆股份,12.37,1.81,0.22,85875.0,105856043.0,1.89,12.42,12.19,12.2,12.15,0.36,22.22,0.82
250,251,603385,惠达卫浴,6.75,1.81,0.12,19227.0,13043513.0,4.07,6.93,6.66,6.73,6.63,0.51,20.62,0.69
251,252,600075,新疆天业,4.52,1.8,0.08,49747.0,22469350.0,1.8,4.56,4.48,4.48,4.44,0.29,573.63,0.87
252,253,000822,山东海化,5.68,1.79,0.1,44204.0,25111275.65,3.05,5.77,5.6,5.6,5.58,0.49,22.2,0.97
253,254,600467,好当家,2.31,1.76,0.04,167907.0,38715838.0,3.52,2.35,2.27,2.3,2.27,1.15,85.72,1.0
254,255,300569,天能重工,5.28,1.73,0.09,74021.0,39075023.0,4.05,5.38,5.17,5.32,5.19,0.73,702.95,0.99
255,256,603797,联泰环保,4.11,1.73,0.07,41001.0,16963912.0,3.71,4.22,4.07,4.07,4.04,0.7,10.81,0.76
256,257,600959,江苏有线,3.54,1.72,0.06,269673.0,96215738.0,2.87,3.61,3.51,3.55,3.48,0.54,59.73,0.79
257,258,002187,广百股份,5.31,1.72,0.09,26620.0,14175073.4,2.68,5.39,5.25,5.29,5.22,0.51,53.38,0.92
258,259,601288,农业银行,4.78,1.7,0.08,2084788.0,993676462.0,1.49,4.79,4.72,4.72,4.7,0.07,5.85,0.66
259,260,002382,蓝帆医疗,5.42,1.69,0.09,42857.0,23310866.0,2.25,5.49,5.37,5.37,5.33,0.43,-18.62,0.63
260,261,002040,南 京 港,6.67,1.68,0.11,27617.0,18553114.4,2.9,6.8,6.61,6.66,6.56,0.57,19.75,1.01
261,262,600126,杭钢股份,4.26,1.67,0.07,186984.0,80020465.0,3.58,4.35,4.2,4.25,4.19,0.55,-24.15,0.73
262,263,601368,绿城水务,4.91,1.66,0.08,25346.0,12428029.0,1.66,4.94,4.86,4.87,4.83,0.29,24.26,0.91
263,264,601398,工商银行,6.15,1.65,0.1,1916698.0,1177642952.0,1.82,6.18,6.07,6.08,6.05,0.07,6.11,0.61
264,265,601222,林洋能源,7.49,1.63,0.12,63828.0,47591775.0,1.22,7.5,7.41,7.41,7.37,0.31,12.72,0.98
265,266,600798,宁波海运,3.13,1.62,0.05,65022.0,20374219.0,1.95,3.16,3.1,3.11,3.08,0.54,-328.04,0.96
266,267,601886,江河集团,5.66,1.62,0.09,36353.0,20527360.0,1.62,5.7,5.61,5.64,5.57,0.32,11.11,0.9
267,268,600713,南京医药,5.1,1.59,0.08,58351.0,29826398.0,1.99,5.16,5.06,5.08,5.02,0.56,11.33,0.99
268,269,002966,苏州银行,7.66,1.59,0.12,207862.0,159634095.6,1.19,7.72,7.63,7.65,7.54,0.56,5.17,0.68
269,270,002585,双星新材,5.75,1.59,0.09,72796.0,41954692.0,4.06,5.89,5.66,5.76,5.66,0.82,-21.83,0.73
270,271,600048,保利发展,10.27,1.58,0.16,356645.0,365885247.0,1.58,10.35,10.19,10.2,10.11,0.3,11.8,0.63
271,272,002772,众兴菌业,7.16,1.56,0.11,52394.0,37679626.82,3.12,7.3,7.08,7.18,7.05,1.34,23.82,0.83
272,273,601825,沪农商行,7.98,1.53,0.12,85800.0,68001556.0,1.53,7.99,7.87,7.9,7.86,0.09,5.51,0.64
273,274,603323,苏农银行,5.33,1.52,0.08,216803.0,116254539.0,1.71,5.4,5.31,5.36,5.25,1.38,4.51,0.57
274,275,601658,邮储银行,5.33,1.52,0.08,572224.0,305396695.0,1.9,5.38,5.28,5.28,5.25,0.09,5.23,0.64
275,276,002034,旺能环境,15.33,1.52,0.23,10802.0,16511499.0,1.26,15.37,15.18,15.18,15.1,0.25,9.57,0.98
276,277,601229,上海银行,8.0,1.52,0.12,480103.0,382263548.0,2.79,8.05,7.83,7.83,7.88,0.35,4.85,0.5
277,278,601339,百隆东方,5.38,1.51,0.08,18565.0,10002871.0,2.45,5.44,5.31,5.31,5.3,0.12,14.66,0.83
278,279,603588,高能环境,5.44,1.49,0.08,128641.0,69843028.0,1.87,5.48,5.38,5.41,5.36,0.84,11.16,0.87
279,280,000672,上峰水泥,8.31,1.47,0.12,23497.0,19495939.6,1.95,8.37,8.21,8.21,8.19,0.24,14.94,0.92
280,281,601077,渝农商行,5.67,1.43,0.08,335944.0,190601902.0,1.25,5.7,5.63,5.64,5.59,0.38,4.69,0.52
281,282,000531,穗恒运Ａ,5.79,1.4,0.08,24184.0,14045248.4,2.45,5.88,5.74,5.79,5.71,0.27,24.62,0.91
282,283,000553,安道麦A,6.56,1.39,0.09,33742.0,22183346.0,2.32,6.65,6.5,6.5,6.47,0.15,-6.24,0.77
283,284,688184,帕瓦股份,15.43,1.38,0.21,5061.0,7793274.0,3.61,15.68,15.13,15.35,15.22,0.49,-4.66,0.99
284,285,000002,万  科Ａ,8.83,1.38,0.12,419116.0,369257125.3,1.15,8.86,8.76,8.79,8.71,0.43,-4.4,0.45
285,286,601010,文峰股份,2.22,1.37,0.03,107549.0,24048574.0,3.2,2.27,2.2,2.21,2.19,0.58,44.36,0.94
286,287,000040,ST旭蓝,1.54,1.32,0.02,290518.0,44454848.84,5.26,1.56,1.48,1.48,1.52,2.74,-13.1,0.21
287,288,600985,淮北矿业,15.47,1.31,0.2,67916.0,104839290.0,1.64,15.55,15.3,15.31,15.27,0.25,7.55,1.0
288,289,600858,银座股份,4.73,1.28,0.06,25200.0,12016426.0,3.21,4.84,4.69,4.77,4.67,0.49,15.77,0.91
289,290,600352,浙江龙盛,10.26,1.28,0.13,82361.0,84447877.0,1.48,10.3,10.15,10.2,10.13,0.25,18.5,0.98
290,291,002932,明德生物,19.07,1.27,0.24,11177.0,21395365.52,1.96,19.3,18.93,19.12,18.83,0.72,41.09,0.75
291,292,600028,中国石化,6.4,1.27,0.08,613849.0,392630093.0,1.74,6.43,6.32,6.33,6.32,0.06,13.2,0.95
292,293,600168,武汉控股,4.86,1.25,0.06,52214.0,25527262.0,2.92,4.95,4.81,4.84,4.8,0.53,49.82,0.92
293,294,000905,厦门港务,6.53,1.24,0.08,43784.0,28734857.0,2.33,6.64,6.49,6.5,6.45,0.59,19.13,0.98
294,295,002022,科华生物,6.54,1.24,0.08,27424.0,17943657.0,2.79,6.63,6.45,6.5,6.46,0.53,-20.65,0.87
295,296,002283,天润工业,4.92,1.23,0.06,79732.0,39335097.0,2.26,4.99,4.88,4.91,4.86,0.8,15.63,0.93
296,297,000407,胜利股份,3.29,1.23,0.04,42492.0,13979462.0,1.85,3.32,3.26,3.27,3.25,0.49,19.79,0.98
297,298,000601,韶能股份,4.13,1.23,0.05,47396.0,19628316.0,1.96,4.18,4.1,4.1,4.08,0.44,17.01,1.0
298,299,600919,江苏银行,9.1,1.22,0.11,382105.0,349012846.0,1.33,9.19,9.07,9.09,8.99,0.21,4.44,0.72
299,300,601006,大秦铁路,6.88,1.18,0.08,385050.0,265201800.0,1.47,6.93,6.83,6.84,6.8,0.21,10.95,0.82
300,301,002391,长青股份,5.17,1.17,0.06,13317.0,6891236.84,1.96,5.22,5.12,5.14,5.11,0.29,57.45,0.76
301,302,600697,欧亚集团,12.29,1.15,0.14,8220.0,10115404.0,2.22,12.45,12.18,12.23,12.15,0.53,82.95,0.84
302,303,300055,万邦达,5.36,1.13,0.06,40732.0,21961292.0,3.77,5.49,5.29,5.38,5.3,0.64,660.12,0.87
303,304,601857,中国石油,8.12,1.12,0.09,573354.0,463430820.0,1.25,8.13,8.03,8.04,8.03,0.04,8.41,1.0
304,305,002386,天原股份,4.54,1.11,0.05,77794.0,35511935.96,3.79,4.66,4.49,4.54,4.49,0.6,-45.63,0.75
305,306,600979,广安爱众,3.65,1.11,0.04,88386.0,32343638.0,2.77,3.71,3.61,3.63,3.61,0.72,14.38,1.01
306,307,603458,勘设股份,6.46,1.1,0.07,38045.0,24651190.0,4.23,6.63,6.36,6.48,6.39,1.24,-15.84,0.62
307,308,002135,东南网架,4.63,1.09,0.05,45442.0,21021808.99,2.84,4.7,4.57,4.57,4.58,0.44,23.71,0.81
308,309,600037,歌华有线,7.43,1.09,0.08,113923.0,84453939.0,2.72,7.53,7.33,7.45,7.35,0.82,-644.49,0.81
309,310,002479,富春环保,4.67,1.08,0.05,38873.0,18216667.0,2.38,4.74,4.63,4.66,4.62,0.45,11.7,0.98
310,311,000617,中油资本,7.93,1.02,0.08,557155.0,443154614.0,3.57,8.1,7.82,8.02,7.85,0.44,17.32,0.98
311,312,002250,联化科技,5.95,1.02,0.06,62992.0,37508965.0,2.55,6.04,5.89,5.93,5.89,0.69,125.12,0.85
312,313,300158,振东制药,4.96,1.02,0.05,117562.0,58939842.0,4.07,5.11,4.91,4.99,4.91,1.17,93.21,0.97
313,314,002443,金洲管道,6.21,0.98,0.06,24519.0,15267004.0,1.79,6.28,6.17,6.24,6.15,0.47,19.72,0.94
314,315,001218,丽臣实业,16.64,0.97,0.16,4152.0,6931216.4,2.37,16.88,16.49,16.49,16.48,0.55,21.65,1.01
315,316,002745,木林森,8.42,0.96,0.08,50266.0,42144985.0,2.28,8.49,8.3,8.4,8.34,0.47,25.82,0.97
316,317,002614,奥佳华,6.38,0.95,0.06,26393.0,16878513.63,2.69,6.48,6.31,6.36,6.32,0.6,58.49,0.91
317,318,601939,建设银行,7.99,0.88,0.07,470998.0,376990784.0,1.14,8.05,7.96,7.96,7.92,0.49,5.86,0.64
318,319,600036,招商银行,38.12,0.79,0.3,178647.0,683529435.0,1.45,38.5,37.95,38.05,37.82,0.09,6.37,0.96
319,320,601838,成都银行,15.88,0.76,0.12,102309.0,162806191.0,1.21,16.0,15.81,15.93,15.76,0.27,5.03,0.84
320,321,603916,苏博特,8.01,0.75,0.06,12671.0,10181175.0,2.64,8.15,7.94,8.02,7.95,0.3,33.08,0.84
321,322,002144,宏达高科,10.37,0.68,0.07,14898.0,15667626.0,4.08,10.72,10.3,10.59,10.3,1.09,20.98,0.9
322,323,600801,华新水泥,13.4,0.68,0.09,32021.0,42837117.0,1.43,13.5,13.31,13.32,13.31,0.24,18.35,0.96
323,324,603818,曲美家居,3.01,0.67,0.02,64624.0,19630867.0,4.68,3.11,2.97,3.01,2.99,0.94,-10.7,0.94
324,325,002441,众业达,7.65,0.66,0.05,24589.0,18917390.0,3.29,7.83,7.58,7.7,7.6,0.62,22.34,0.92
325,326,300732,设研院,7.86,0.64,0.05,44499.0,35196627.0,5.38,8.14,7.72,7.98,7.81,1.37,-12.89,0.97
326,327,002083,孚日股份,4.83,0.63,0.03,81910.0,39740890.53,2.08,4.91,4.81,4.82,4.8,0.94,9.37,0.96
327,328,600888,新疆众和,7.48,0.54,0.04,56231.0,41837706.0,1.34,7.49,7.39,7.44,7.44,0.41,8.85,0.98
328,329,300190,维尔利,3.87,0.52,0.02,106699.0,41810669.36,4.94,4.01,3.82,3.92,3.85,1.37,169.87,0.86
329,330,600926,杭州银行,14.05,0.5,0.07,90827.0,128063276.0,1.65,14.21,13.98,14.11,13.98,0.17,4.56,0.8
330,331,601009,南京银行,10.33,0.49,0.05,127084.0,131501889.0,1.17,10.41,10.29,10.35,10.28,0.13,5.0,0.74
331,332,002573,清新环境,4.23,0.48,0.02,36991.0,15661503.26,2.14,4.28,4.19,4.23,4.21,0.26,76.03,0.95
332,333,600777,ST新潮,2.2,0.46,0.01,194124.0,43058592.0,2.28,2.24,2.19,2.21,2.19,0.3,6.79,0.69
333,334,300616,尚品宅配,13.35,0.45,0.06,30432.0,41032004.88,4.89,13.75,13.1,13.47,13.29,1.95,-19.69,0.85
334,335,601996,丰林集团,2.23,0.45,0.01,103012.0,23105109.0,2.7,2.27,2.21,2.24,2.22,0.92,-75.42,0.92
335,336,002574,明牌珠宝,4.82,0.42,0.02,23861.0,11546080.0,3.33,4.92,4.76,4.83,4.8,0.45,249.41,0.83
336,337,600955,维远股份,15.15,0.4,0.06,8121.0,12333107.0,1.86,15.33,15.05,15.13,15.09,0.15,71.12,0.97
337,338,601128,常熟银行,7.59,0.4,0.03,186878.0,142767143.0,2.25,7.72,7.55,7.66,7.56,0.62,5.77,0.85
338,339,603020,爱普股份,7.64,0.39,0.03,9204.0,7047434.0,2.1,7.74,7.58,7.66,7.61,0.24,24.69,0.92
339,340,600061,国投资本,7.82,0.39,0.03,103514.0,80734252.0,2.18,7.89,7.72,7.84,7.79,0.16,18.11,0.99
340,341,601107,四川成渝,5.24,0.38,0.02,53083.0,27881915.0,1.53,5.29,5.21,5.25,5.22,0.25,10.71,1.0
341,342,601665,齐鲁银行,5.32,0.38,0.02,162065.0,86809180.0,2.45,5.41,5.28,5.33,5.3,0.34,5.6,0.69
342,343,002918,蒙娜丽莎,8.6,0.35,0.03,20015.0,17200835.0,3.03,8.72,8.46,8.58,8.57,0.91,19.06,0.87
343,344,300639,凯普生物,6.26,0.32,0.02,60437.0,38433088.48,5.29,6.5,6.17,6.32,6.24,0.95,-11.59,0.9
344,345,002109,兴化股份,3.25,0.31,0.01,20813.0,6808207.0,3.7,3.34,3.22,3.28,3.24,0.16,-10.06,0.91
345,346,600362,江西铜业,21.86,0.28,0.06,49281.0,107460270.0,1.47,22.0,21.68,21.8,21.8,0.24,11.39,1.0
346,347,600837,海通证券,11.65,0.26,0.03,222345.0,258789176.0,1.46,11.75,11.58,11.69,11.62,0.23,-173.1,0.94
347,348,600425,青松建化,4.0,0.25,0.01,167060.0,67720470.0,5.01,4.16,3.96,4.12,3.99,1.21,11.87,1.0
348,349,600287,ST舜天,4.08,0.25,0.01,15666.0,6423654.0,2.46,4.15,4.05,4.08,4.07,0.36,23.47,0.86
349,350,600128,苏豪弘业,8.19,0.24,0.02,24589.0,20397530.0,3.55,8.41,8.12,8.38,8.17,1.0,41.59,0.95
350,351,002092,ST中泰,4.31,0.23,0.01,98782.0,42914974.0,2.09,4.38,4.29,4.37,4.3,0.38,-24.05,0.5
351,352,002641,公元股份,4.41,0.23,0.01,30170.0,13320711.0,2.05,4.47,4.38,4.42,4.4,0.27,27.52,1.0
352,353,000415,渤海租赁,4.51,0.22,0.01,1696589.0,774467315.72,6.22,4.72,4.44,4.59,4.5,3.15,13.16,0.92
353,354,002142,宁波银行,25.29,0.2,0.05,62271.0,157865210.8,1.9,25.58,25.1,25.41,25.24,0.1,6.05,0.85
354,355,605001,威奥股份,6.03,0.17,0.01,25500.0,15462328.0,3.32,6.17,5.97,6.1,6.02,0.65,154.97,0.89
355,356,603585,苏利股份,12.1,0.17,0.02,2708.0,3290298.0,3.31,12.37,11.97,12.15,12.08,0.15,194.45,0.94
356,357,003012,东鹏控股,6.29,0.16,0.01,58312.0,36594509.0,2.71,6.38,6.21,6.3,6.28,0.5,17.93,0.97
357,358,688033,天宜上佳,6.88,0.15,0.01,49313.0,33947710.0,4.37,7.04,6.74,6.98,6.87,0.88,-4.94,0.84
358,359,601555,东吴证券,8.05,0.12,0.01,179273.0,144665408.0,1.99,8.15,7.99,8.1,8.04,0.36,16.38,0.99
359,360,600356,恒丰纸业,,,,,,,,,,7.52,0.0,15.31,0.87
360,361,002863,今飞凯达,4.5,0.0,0.0,43095.0,19429203.3,3.11,4.59,4.45,4.5,4.5,0.72,33.36,0.98
361,362,002669,康达新材,9.48,0.0,0.0,33080.0,31761362.0,5.49,9.89,9.37,9.56,9.48,1.1,-28.21,0.99
362,363,002360,同德化工,5.07,0.0,0.0,16637.0,8483578.0,2.96,5.16,5.01,5.07,5.07,0.51,38.87,0.96
363,364,000863,三湘印象,3.66,0.0,0.0,89902.0,33273184.0,3.83,3.76,3.62,3.71,3.66,0.77,49.65,0.95
364,365,000850,华茂股份,4.31,0.0,0.0,79683.0,34773365.0,4.18,4.43,4.25,4.35,4.31,0.84,20.06,0.94
365,366,000525,*ST红阳,,,,,,,,,,9.07,0.0,330.12,1.68
366,367,002926,华西证券,8.43,-0.24,-0.02,74404.0,62730337.0,2.37,8.55,8.35,8.5,8.45,0.28,65.31,0.96
367,368,600637,东方明珠,8.33,-0.36,-0.03,137282.0,114645410.0,2.99,8.5,8.25,8.45,8.36,0.41,29.22,0.94
368,369,605287,德才股份,12.89,-0.39,-0.05,8107.0,10516138.0,3.17,13.15,12.74,13.08,12.94,0.81,17.26,0.95
369,370,688317,之江生物,17.75,-0.45,-0.08,5303.0,9485451.0,3.25,18.22,17.64,17.88,17.83,0.28,-196.63,0.9
370,371,603898,好莱客,8.85,-0.45,-0.04,13154.0,11810699.0,3.6,9.13,8.81,8.98,8.89,0.42,22.71,0.9
371,372,603001,奥康国际,5.67,-0.53,-0.03,15394.0,8807478.0,4.56,5.85,5.59,5.8,5.7,0.38,-12.54,0.83
372,373,605122,四方新材,11.65,-0.6,-0.07,7867.0,9266106.0,4.86,12.12,11.55,11.79,11.72,0.46,138.46,0.9
373,374,688388,嘉元科技,14.38,-0.62,-0.09,35769.0,51307449.0,5.46,14.83,14.04,14.69,14.47,0.84,-31.92,0.9
374,375,600595,中孚实业,3.12,-0.64,-0.02,431462.0,132266187.0,4.46,3.15,3.01,3.11,3.14,1.08,12.9,0.86
375,376,600449,宁夏建材,13.86,-0.65,-0.09,64031.0,90019653.0,5.66,14.47,13.68,14.25,13.95,1.34,29.1,0.92
376,377,002743,富煌钢构,5.56,-0.71,-0.04,67391.0,38092527.0,5.89,5.82,5.49,5.78,5.6,1.55,26.74,0.75
377,378,002887,绿茵生态,7.16,-0.83,-0.06,11950.0,8622804.24,3.6,7.36,7.1,7.31,7.22,0.75,31.82,0.88
378,379,000560,我爱我家,3.46,-0.86,-0.03,856357.0,298959076.24,4.58,3.57,3.41,3.46,3.49,3.8,720.25,0.86
379,380,000156,华数传媒,7.37,-0.94,-0.07,68769.0,50845201.0,3.76,7.58,7.3,7.52,7.44,0.4,29.12,0.93
380,381,002798,帝欧家居,4.09,-0.97,-0.04,32225.0,13268562.0,5.33,4.25,4.03,4.17,4.13,1.02,-8.39,0.89
381,382,600711,ST盛屯,4.72,-1.05,-0.05,216992.0,102561323.0,3.35,4.82,4.66,4.8,4.77,0.7,6.43,0.95
382,383,688178,万德斯,12.73,-1.09,-0.14,4109.0,5257810.0,3.5,13.03,12.58,13.02,12.87,0.48,170.96,0.97
383,384,600373,中文传媒,12.66,-1.09,-0.14,83411.0,105644025.0,2.89,12.91,12.54,12.86,12.8,0.62,18.3,0.96
384,385,600939,重庆建工,3.55,-1.11,-0.04,91817.0,32462468.0,5.01,3.64,3.46,3.58,3.59,0.48,-96.21,0.85
385,386,600190,ST锦港,1.74,-1.14,-0.02,154281.0,27269153.0,3.98,1.8,1.73,1.77,1.76,0.87,-1.23,0.76
386,387,603869,ST智知,5.99,-1.16,-0.07,7084.0,4273684.0,2.31,6.11,5.97,6.08,6.06,0.14,114.97,0.81
387,388,002425,ST凯文,2.29,-1.29,-0.03,187701.0,43425971.0,4.31,2.36,2.26,2.34,2.32,1.96,-17.17,0.64
388,389,300358,楚天科技,7.49,-1.45,-0.11,46576.0,35143561.0,3.68,7.7,7.42,7.63,7.6,0.82,-17.71,0.98
389,390,600831,ST广网,2.65,-1.49,-0.04,50032.0,13473671.0,4.83,2.74,2.61,2.74,2.69,0.7,-2.52,0.73
390,391,300305,裕兴股份,5.99,-1.64,-0.1,23349.0,14185393.0,5.42,6.25,5.92,6.15,6.09,0.73,-10.29,0.94
391,392,600491,龙元建设,4.1,-1.68,-0.07,129806.0,53695586.0,4.56,4.26,4.07,4.25,4.17,0.85,-14.87,0.6
392,393,300057,万顺新材,5.49,-1.79,-0.1,76075.0,42236411.58,5.19,5.7,5.41,5.62,5.59,1.03,-103.57,0.92
393,394,600387,*ST海越,3.24,-1.82,-0.06,17837.0,5890938.0,4.85,3.36,3.2,3.29,3.3,0.44,521.42,0.53
394,395,600219,南山铝业,4.08,-2.16,-0.09,536671.0,218153248.0,1.68,4.1,4.03,4.1,4.17,0.46,10.27,0.96
395,396,000809,*ST和展,2.62,-2.6,-0.07,38664.0,10253359.63,3.72,2.71,2.61,2.7,2.69,0.47,-20.66,0.79
396,397,002872,ST天圣,4.61,-3.35,-0.16,24255.0,11336421.0,4.61,4.78,4.56,4.77,4.77,1.13,-30.25,0.71
397,398,300020,*ST银江,2.53,-3.44,-0.09,176243.0,45765734.0,8.78,2.69,2.46,2.67,2.62,2.3,-9.02,0.5
398,399,603388,ST元成,2.53,-3.8,-0.1,76590.0,19538316.0,6.08,2.66,2.5,2.57,2.63,2.35,-7.45,0.76
399,400,002212,天融信,7.05,-4.08,-0.3,261656.0,187351201.89,7.48,7.5,6.95,7.45,7.35,2.24,-36.84,0.9
400,401,601677,明泰铝业,12.57,-4.27,-0.56,220409.0,274461552.0,3.81,12.8,12.3,12.8,13.13,1.85,8.31,0.91
401,402,603003,*ST龙宇,5.33,-4.48,-0.25,87656.0,46688744.0,3.05,5.47,5.3,5.3,5.58,2.33,-18.31,0.56
402,403,002586,*ST围海,1.99,-4.78,-0.1,48543.0,9736548.0,5.26,2.1,1.99,2.1,2.09,0.54,-20.56,0.76
403,404,603377,ST东时,2.22,-5.13,-0.12,14181.0,3148182.0,0.0,2.22,2.22,2.22,2.34,0.2,-10.96,0.94
404,405,601908,京运通,3.12,-5.17,-0.17,343559.0,108224359.0,5.17,3.25,3.08,3.23,3.29,1.42,-4.01,0.76
