,序号,代码,名称,最新价,涨跌幅,涨跌额,成交量,成交额,振幅,最高,最低,今开,昨收,换手率,市盈率-动态,市净率
0,1,830964,润农节水,12.3,29.88,2.83,569926,696640994.73,9.4,12.31,11.42,12.3,9.47,31.77,116.18,3.55
1,2,836149,旭杰科技,21.4,14.26,2.67,41961,85568487.52,12.01,21.85,19.6,19.83,18.73,8.57,308.99,8.51
2,3,002542,中化岩土,4.24,10.13,0.39,73321,31088061.6,0.0,4.24,4.24,4.24,3.85,0.46,-29.8,3.81
3,4,603098,森特股份,10.59,9.97,0.96,30069,31843071.0,0.0,10.59,10.59,10.59,9.63,0.56,57.95,2.07
4,5,000010,美丽生态,2.56,9.87,0.23,152433,38329293.4,7.3,2.56,2.39,2.39,2.33,2.9,-37.14,13.45
5,6,600248,陕建股份,4.48,8.47,0.35,273177,119823929.0,5.81,4.49,4.25,4.26,4.13,0.74,4.26,0.69
6,7,001267,汇绿生态,8.17,7.5,0.57,439985,358437391.62,8.29,8.36,7.73,8.36,7.6,12.12,181.92,4.19
7,8,002628,成都路桥,7.54,5.45,0.39,394388,293651784.36,6.99,7.65,7.15,7.15,7.15,5.22,-206.76,1.92
8,9,600769,祥龙电业,12.07,5.05,0.58,63919,76068349.0,8.09,12.23,11.3,11.3,11.49,1.7,294.09,44.51
9,10,002663,普邦股份,1.89,5.0,0.09,224147,41070056.68,8.89,1.91,1.75,1.76,1.8,1.61,-109.11,1.13
10,11,300536,*ST农尚,7.83,4.82,0.36,42502,32661659.0,5.35,7.84,7.44,7.44,7.47,1.45,-32.76,4.18
11,12,603388,ST元成,2.4,4.8,0.11,83737,19942075.0,2.62,2.4,2.34,2.36,2.29,2.57,-7.07,0.72
12,13,603007,*ST花王,11.19,3.8,0.41,40969,45283516.0,3.62,11.19,10.8,11.09,10.78,1.01,-38.76,12.77
13,14,002140,东华科技,8.47,3.04,0.25,19308,16292909.0,2.43,8.53,8.33,8.33,8.22,0.36,14.17,1.41
14,15,300712,永福股份,25.07,2.87,0.7,6475,16261848.0,2.05,25.3,24.8,24.92,24.37,0.35,104.97,3.63
15,16,002775,文科股份,3.43,2.39,0.08,18891,6434983.0,3.28,3.45,3.34,3.35,3.35,0.42,259.49,9.54
16,17,301024,霍普股份,29.77,2.13,0.62,7705,23449180.0,4.36,31.0,29.73,30.0,29.15,4.34,-24.16,4.05
17,18,603843,正平股份,3.04,2.01,0.06,23468,7071745.0,2.35,3.04,2.97,2.99,2.98,0.34,-18.55,2.39
18,19,000065,北方国际,10.24,1.99,0.2,26816,27442530.16,1.89,10.3,10.11,10.11,10.04,0.3,10.16,1.15
19,20,600284,浦东建设,5.98,1.87,0.11,33740,20095340.0,1.19,5.99,5.92,5.92,5.87,0.35,9.42,0.75
20,21,002431,棕榈股份,2.23,1.83,0.04,96310,21206320.0,4.11,2.24,2.15,2.15,2.19,0.53,-5.17,1.53
21,22,002135,东南网架,4.7,1.73,0.08,24960,11741199.0,2.6,4.74,4.62,4.67,4.62,0.23,24.81,0.85
22,23,601669,中国电建,5.54,1.65,0.09,271556,149832663.0,2.2,5.56,5.44,5.47,5.45,0.21,8.13,0.7
23,24,600170,上海建工,2.51,1.62,0.04,281201,70027014.0,2.02,2.51,2.46,2.46,2.47,0.32,12.38,0.72
24,25,002307,北新路桥,3.78,1.61,0.06,62688,23599840.0,3.23,3.82,3.7,3.72,3.72,0.57,716.17,1.39
25,26,002761,浙江建投,8.99,1.58,0.14,62009,55830819.0,2.82,9.1,8.85,8.85,8.85,0.57,52.33,1.49
26,27,600853,龙建股份,3.86,1.58,0.06,32080,12356514.0,1.84,3.88,3.81,3.81,3.8,0.32,12.53,1.3
27,28,002061,浙江交科,4.14,1.47,0.06,79170,32869740.43,1.47,4.18,4.12,4.13,4.08,0.3,9.62,0.73
28,29,000498,山东路桥,6.22,1.3,0.08,19084,11838337.48,1.14,6.23,6.16,6.18,6.14,0.13,5.0,0.69
29,30,600039,四川路桥,7.36,1.24,0.09,102437,75476603.0,2.2,7.43,7.27,7.27,7.27,0.15,10.08,1.41
30,31,601133,柏诚股份,11.2,1.17,0.13,8005,9032027.0,1.81,11.39,11.19,11.33,11.07,0.54,27.91,2.09
31,32,002941,新疆交建,11.41,1.06,0.12,25361,28924521.0,1.68,11.49,11.3,11.32,11.29,0.4,30.44,2.24
32,33,603316,诚邦股份,6.08,1.0,0.06,17477,10427526.0,3.16,6.09,5.9,5.91,6.02,0.66,-72.1,2.2
33,34,601789,宁波建工,4.23,0.95,0.04,38294,16185781.0,1.67,4.26,4.19,4.21,4.19,0.35,15.7,1.05
34,35,600512,腾达建设,2.39,0.84,0.02,37464,8920446.0,2.11,2.4,2.35,2.37,2.37,0.24,18.35,0.6
35,36,600502,安徽建工,4.85,0.83,0.04,40673,19685366.0,1.46,4.87,4.8,4.8,4.81,0.24,6.49,0.8
36,37,301038,深水规院,21.11,0.81,0.17,3820,8057155.0,2.15,21.25,20.8,20.89,20.94,0.22,-695.1,4.33
37,38,002060,广东建工,3.79,0.8,0.03,38490,14588039.0,1.86,3.82,3.75,3.77,3.76,0.25,16.56,1.09
38,39,002062,宏润建设,4.01,0.75,0.03,8911,3581200.0,1.01,4.04,4.0,4.03,3.98,0.09,13.28,1.0
39,40,603176,汇通集团,4.91,0.61,0.03,4155,2037717.0,1.64,4.94,4.86,4.91,4.88,0.28,25.33,2.07
40,41,301098,金埔园林,8.85,0.57,0.05,4949,4373477.0,1.82,8.91,8.75,8.76,8.8,0.37,74.8,1.23
41,42,603955,大千生态,9.97,0.5,0.05,6277,6266551.0,4.33,10.13,9.7,9.82,9.92,0.46,66.25,0.87
42,43,600846,同济科技,8.17,0.49,0.04,8458,6910346.0,0.86,8.2,8.13,8.17,8.13,0.14,12.48,1.28
43,44,601868,中国能建,2.34,0.43,0.01,665761,155573280.0,1.29,2.35,2.32,2.33,2.33,0.21,20.3,0.95
44,45,603637,镇海股份,7.17,0.42,0.03,2343,1680431.0,1.26,7.22,7.13,7.13,7.14,0.1,22.85,1.74
45,46,601068,中铝国际,4.91,0.41,0.02,11545,5654008.0,1.84,4.93,4.84,4.84,4.89,0.05,43.77,5.97
46,47,300982,苏文电能,18.94,0.32,0.06,5872,11160956.08,0.85,19.08,18.92,18.92,18.88,0.3,54.46,1.27
47,48,601618,中国中冶,3.33,0.3,0.01,119908,39975859.0,1.2,3.35,3.31,3.32,3.32,0.07,7.58,0.68
48,49,300517,海波重科,9.47,0.21,0.02,4819,4567028.9,2.54,9.58,9.34,9.42,9.45,0.39,80.34,1.83
49,50,601800,中国交建,10.29,0.19,0.02,59859,61550706.0,2.63,10.45,10.18,10.19,10.27,0.05,7.72,0.59
50,51,603163,圣晖集成,24.34,0.16,0.04,537,1304916.0,0.62,24.39,24.24,24.37,24.3,0.15,24.64,2.27
51,52,600820,隧道股份,6.85,0.15,0.01,19913,13653986.0,1.02,6.88,6.81,6.81,6.84,0.06,10.77,0.73
52,53,002051,中工国际,8.03,0.12,0.01,13835,11100140.39,1.12,8.06,7.97,8.01,8.02,0.11,23.04,0.87
53,54,601117,中国化学,8.15,0.12,0.01,37834,30961134.0,0.86,8.22,8.15,8.18,8.14,0.06,9.73,0.82
54,55,601390,中国中铁,6.39,0.0,0.0,94504,60334012.0,1.1,6.42,6.35,6.36,6.39,0.05,5.77,0.53
55,56,600491,龙元建设,3.84,0.0,0.0,29830,11381575.0,2.34,3.86,3.77,3.81,3.84,0.19,-13.93,0.56
56,57,601611,中国核建,8.62,-0.12,-0.01,20725,17904506.0,0.93,8.68,8.6,8.6,8.63,0.07,13.38,1.29
57,58,601668,中国建筑,6.0,-0.17,-0.01,144105,86621401.0,0.83,6.04,5.99,6.0,6.01,0.03,4.72,0.56
58,59,601186,中国铁建,8.95,-0.22,-0.02,94889,84750804.0,1.56,9.01,8.87,8.87,8.97,0.08,5.81,0.47
59,60,600970,中材国际,10.22,-0.29,-0.03,11653,11967825.0,1.27,10.33,10.2,10.25,10.25,0.05,9.83,1.33
60,61,600133,东湖高新,12.93,-0.54,-0.07,158830,205559658.0,2.38,13.11,12.8,13.1,13.0,1.49,47.31,1.62
61,62,600939,重庆建工,3.92,-0.76,-0.03,105360,41262709.0,3.29,3.97,3.84,3.94,3.95,0.55,-106.24,0.94
62,63,600667,太极实业,7.6,-0.91,-0.07,126537,96555003.0,1.56,7.7,7.58,7.63,7.67,0.6,23.4,1.93
63,64,301058,中粮科工,11.9,-1.0,-0.12,24001,28569195.4,1.75,12.02,11.81,12.02,12.02,0.47,39.61,3.01
64,65,000628,高新发展,71.51,-1.5,-1.09,149088,1102312939.44,5.23,75.3,71.5,73.91,72.6,7.76,156.86,11.61
65,66,605598,上海港湾,18.84,-1.88,-0.36,2346,4474415.0,2.55,19.29,18.8,19.19,19.2,0.1,31.9,2.5
66,67,605303,园林股份,8.32,-2.23,-0.19,28422,23910262.0,2.35,8.5,8.3,8.5,8.51,1.76,-15.36,1.16
67,68,603815,交建股份,6.71,-3.31,-0.23,22372,15196279.0,3.31,6.92,6.69,6.89,6.94,0.36,31.0,1.79
68,69,002586,*ST围海,1.72,-3.91,-0.07,63744,10987531.0,3.35,1.76,1.7,1.76,1.79,0.71,-17.77,0.66
