,序号,代码,名称,最新价,涨跌幅,涨跌额,成交量,成交额,振幅,最高,最低,今开,昨收,换手率,市盈率-动态,市净率
0,1,834021,流金科技,10.72,29.94,2.47,,,0.0,,,,8.25,0.0,807.58,5.0
1,2,300063,天龙集团,10.54,20.05,1.76,,,0.0,,,,8.78,0.0,125.41,5.02
2,3,300364,中文在线,40.39,19.99,6.73,,,0.0,,,,33.66,0.0,-98.22,26.79
3,4,301231,荣信文化,22.38,11.07,2.23,,,0.0,,,,20.15,0.0,-77.13,2.11
4,5,000793,华闻集团,2.19,10.05,0.2,,,0.0,,,,1.99,0.0,-36.09,4.99
5,6,603721,中广天择,34.5,10.01,3.14,,,0.0,,,,31.36,0.0,-341.74,8.83
6,7,600825,新华传媒,6.84,9.97,0.62,,,0.0,,,,6.22,0.0,120.74,2.87
7,8,600088,中视传媒,18.7,9.61,1.64,,,0.0,,,,17.06,0.0,-201.71,6.1
8,9,300027,华谊兄弟,3.05,4.45,0.13,,,0.0,,,,2.92,0.0,171.18,11.98
9,10,603533,掌阅科技,20.75,4.38,0.87,,,0.0,,,,19.88,0.0,-95.45,3.69
10,11,600640,国脉文化,12.97,4.18,0.52,,,0.0,,,,12.45,0.0,440.64,2.6
11,12,603825,华扬联众,11.6,3.85,0.43,,,0.0,,,,11.17,0.0,-14.31,3.43
12,13,002400,省广集团,6.15,3.71,0.22,,,0.0,,,,5.93,0.0,90.8,2.19
13,14,301262,海看股份,29.55,3.68,1.05,,,0.0,,,,28.5,0.0,27.77,3.45
14,15,600831,ST广网,2.37,3.49,0.08,,,0.0,,,,2.29,0.0,-2.32,0.61
15,16,300528,幸福蓝海,9.12,3.05,0.27,,,0.0,,,,8.85,0.0,-57.06,4.89
16,17,301025,读客文化,11.76,2.98,0.34,,,0.0,,,,11.42,0.0,234.34,7.54
17,18,300805,电声股份,9.1,2.94,0.26,,,0.0,,,,8.84,0.0,181.05,2.54
18,19,603230,内蒙新华,11.98,2.83,0.33,,,0.0,,,,11.65,0.0,17.4,1.67
19,20,002712,思美传媒,4.72,2.83,0.13,,,0.0,,,,4.59,0.0,1108.63,1.81
20,21,300242,佳云科技,4.11,2.75,0.11,,,0.0,,,,4.0,0.0,-41.17,6.98
21,22,603598,引力传媒,16.34,2.64,0.42,,,0.0,,,,15.92,0.0,122.85,20.06
22,23,300860,锋尚文化,27.48,2.61,0.7,,,0.0,,,,26.78,0.0,129.5,1.65
23,24,300654,世纪天鸿,11.16,2.39,0.26,,,0.0,,,,10.9,0.0,97.32,4.85
24,25,300426,唐德影视,11.2,2.38,0.26,,,0.0,,,,10.94,0.0,-49.9,48.87
25,26,300058,蓝色光标,7.9,2.2,0.17,,,0.0,,,,7.73,0.0,54.5,2.49
26,27,300071,福石控股,4.08,2.0,0.08,,,0.0,,,,4.0,0.0,471.95,13.75
27,28,600229,城市传媒,7.74,1.98,0.15,,,0.0,,,,7.59,0.0,16.54,1.6
28,29,603000,人民网,25.0,1.87,0.46,,,0.0,,,,24.54,0.0,864.75,7.78
29,30,300291,百纳千成,5.4,1.69,0.09,,,0.0,,,,5.31,0.0,-86.13,1.44
30,31,600936,广西广电,2.8,1.45,0.04,,,0.0,,,,2.76,0.0,-6.18,4.04
31,32,000719,中原传媒,11.8,1.29,0.15,,,0.0,,,,11.65,0.0,17.07,1.11
32,33,601900,南方传媒,14.87,1.16,0.17,,,0.0,,,,14.7,0.0,22.27,1.71
33,34,600996,贵广网络,8.87,1.14,0.1,,,0.0,,,,8.77,0.0,-12.81,3.04
34,35,601949,中国出版,7.02,1.01,0.07,,,0.0,,,,6.95,0.0,42.81,1.42
35,36,300182,捷成股份,5.98,0.84,0.05,,,0.0,,,,5.93,0.0,33.0,1.92
36,37,300795,米奥会展,16.47,0.8,0.13,,,0.0,,,,16.34,0.0,46.57,6.8
37,38,600637,东方明珠,7.29,0.69,0.05,,,0.0,,,,7.24,0.0,28.95,0.83
38,39,601811,新华文轩,15.3,0.66,0.1,,,0.0,,,,15.2,0.0,13.19,1.39
39,40,000681,视觉中国,13.4,0.6,0.08,,,0.0,,,,13.32,0.0,92.31,2.69
40,41,600037,歌华有线,6.84,0.59,0.04,,,0.0,,,,6.8,0.0,-106.31,0.75
41,42,601921,浙版传媒,8.53,0.47,0.04,,,0.0,,,,8.49,0.0,18.72,1.46
42,43,600986,浙文互联,5.06,0.4,0.02,,,0.0,,,,5.04,0.0,60.44,1.48
43,44,300280,紫天科技,19.06,0.37,0.07,,,0.0,,,,18.99,0.0,129.37,2.51
44,45,605577,龙版传媒,14.5,0.35,0.05,,,0.0,,,,14.45,0.0,31.44,1.74
45,46,600959,江苏有线,3.19,0.31,0.01,,,0.0,,,,3.18,0.0,53.23,0.72
46,47,000892,欢瑞世纪,3.26,0.31,0.01,,,0.0,,,,3.25,0.0,99.68,2.81
47,48,000607,华媒控股,3.67,0.27,0.01,,,0.0,,,,3.66,0.0,85.47,2.28
48,49,600158,中体产业,7.75,0.26,0.02,,,0.0,,,,7.73,0.0,163.68,2.84
49,50,603729,龙韵股份,14.99,0.2,0.03,,,0.0,,,,14.96,0.0,398.4,3.82
50,51,603103,横店影视,12.38,0.16,0.02,,,0.0,,,,12.36,0.0,44.39,5.81
51,52,000156,华数传媒,7.2,0.14,0.01,,,0.0,,,,7.19,0.0,27.48,0.89
52,53,002027,分众传媒,7.27,0.14,0.01,,,0.0,,,,7.26,0.0,21.05,6.66
53,54,603466,风语筑,8.44,0.12,0.01,,,0.0,,,,8.43,0.0,-18.69,2.31
54,55,301102,兆讯传媒,10.88,0.09,0.01,,,0.0,,,,10.87,0.0,53.96,1.47
55,56,002803,吉宏股份,12.74,0.08,0.01,,,0.0,,,,12.73,0.0,33.88,2.27
56,57,600373,中文传媒,15.13,0.07,0.01,,,0.0,,,,15.12,0.0,16.72,1.14
57,58,002995,天地在线,18.57,0.05,0.01,,,0.0,,,,18.56,0.0,-73.63,3.37
58,59,605168,三人行,30.98,0.0,0.0,,,0.0,,,,30.98,0.0,25.3,2.36
59,60,601929,吉视传媒,1.7,0.0,0.0,,,0.0,,,,1.7,0.0,-13.07,0.94
60,61,601858,中国科传,22.3,0.0,0.0,,,0.0,,,,22.3,0.0,63.05,3.34
61,62,601019,山东出版,11.43,0.0,0.0,,,0.0,,,,11.43,0.0,15.81,1.66
62,63,600556,天下秀,4.52,0.0,0.0,,,0.0,,,,4.52,0.0,90.66,2.13
63,64,600551,时代出版,8.62,0.0,0.0,,,0.0,,,,8.62,0.0,17.04,1.04
64,65,600136,ST明诚,1.47,0.0,0.0,,,0.0,,,,1.47,0.0,-69.31,8.52
65,66,301551,无线传媒,90.78,0.0,0.0,,,0.0,,,,90.78,0.0,144.3,15.37
66,67,300781,因赛集团,,,,,,,,,,66.52,0.0,183.57,10.49
67,68,002905,金逸影视,6.6,0.0,0.0,,,0.0,,,,6.6,0.0,-17.93,28.79
68,69,002654,万润科技,11.25,0.0,0.0,,,0.0,,,,11.25,0.0,165.05,6.33
69,70,002343,慈文传媒,6.71,0.0,0.0,,,0.0,,,,6.71,0.0,111.91,3.25
70,71,002238,天威视讯,8.88,0.0,0.0,,,0.0,,,,8.88,0.0,237.29,3.12
71,72,002181,粤 传 媒,3.95,0.0,0.0,,,0.0,,,,3.95,0.0,-47.84,1.11
72,73,001330,博纳影业,5.19,0.0,0.0,,,0.0,,,,5.19,0.0,-25.75,1.18
73,74,000802,北京文化,5.97,0.0,0.0,,,0.0,,,,5.97,0.0,-65.25,3.51
74,75,000665,湖北广电,3.92,0.0,0.0,,,0.0,,,,3.92,0.0,-10.75,0.89
75,76,601098,中南传媒,12.92,-0.08,-0.01,,,0.0,,,,12.93,0.0,14.99,1.55
76,77,603888,新华网,25.08,-0.08,-0.02,,,0.0,,,,25.1,0.0,55.0,3.79
77,78,002878,元隆雅图,11.92,-0.08,-0.01,,,0.0,,,,11.93,0.0,60.32,2.02
78,79,603096,新经典,17.88,-0.11,-0.02,,,0.0,,,,17.9,0.0,15.15,1.47
79,80,601801,皖新传媒,7.19,-0.14,-0.01,,,0.0,,,,7.2,0.0,12.17,1.22
80,81,000917,电广传媒,6.39,-0.16,-0.01,,,0.0,,,,6.4,0.0,64.72,0.88
81,82,600977,中国电影,11.37,-0.18,-0.02,,,0.0,,,,11.39,0.0,51.96,1.9
82,83,300770,新媒股份,41.9,-0.19,-0.08,,,0.0,,,,41.98,0.0,17.27,2.72
83,84,601999,出版传媒,6.3,-0.32,-0.02,,,0.0,,,,6.32,0.0,128.33,1.36
84,85,600757,长江传媒,8.7,-0.34,-0.03,,,0.0,,,,8.73,0.0,9.92,1.16
85,86,002858,力盛体育,11.07,-0.45,-0.05,,,0.0,,,,11.12,0.0,66.3,3.14
86,87,300612,宣亚国际,17.19,-0.64,-0.11,,,0.0,,,,17.3,0.0,-127.96,6.0
87,88,300413,芒果超媒,26.2,-0.72,-0.19,,,0.0,,,,26.39,0.0,23.01,2.2
88,89,601928,凤凰传媒,10.93,-0.73,-0.08,,,0.0,,,,11.01,0.0,11.36,1.46
89,90,300251,光线传媒,8.6,-0.92,-0.08,,,0.0,,,,8.68,0.0,26.68,2.83
90,91,002739,万达电影,11.37,-1.04,-0.12,,,0.0,,,,11.49,0.0,109.27,3.07
91,92,002292,奥飞娱乐,7.2,-1.1,-0.08,,,0.0,,,,7.28,0.0,96.78,3.14
92,93,300133,华策影视,7.8,-1.27,-0.1,,,0.0,,,,7.9,0.0,104.13,2.11
93,94,300061,旗天科技,14.11,-2.08,-0.3,,,0.0,,,,14.41,0.0,-315.03,12.35
94,95,300788,中信出版,32.5,-2.46,-0.82,,,0.0,,,,33.32,0.0,33.27,2.89
95,96,603999,读者传媒,5.73,-2.55,-0.15,,,0.0,,,,5.88,0.0,48.16,1.69
96,97,301052,果麦文化,31.55,-2.62,-0.85,,,0.0,,,,32.4,0.0,497.23,4.62
97,98,300987,川网传媒,16.78,-3.17,-0.55,,,0.0,,,,17.33,0.0,254.96,3.7
98,99,601595,上海电影,26.04,-3.63,-0.98,,,0.0,,,,27.02,0.0,84.47,7.0
