,序号,代码,名称,最新价,涨跌幅,涨跌额,成交量,成交额,振幅,最高,最低,今开,昨收,换手率,市盈率-动态,市净率
0,1,301281,科源制药,42.06,20.0,7.01,11273,47412723.84,0.0,42.06,42.06,42.06,35.05,1.64,63.1,3.42
1,2,301297,富乐德,62.18,19.99,10.36,118773,738532130.68,0.0,62.18,62.18,62.18,51.82,8.58,210.36,14.49
2,3,000958,电投产融,6.0,10.09,0.55,7122,4273200.0,0.0,6.0,6.0,6.0,5.45,0.01,30.47,1.66
3,4,000626,远大控股,6.78,10.06,0.62,15416,10452325.98,0.0,6.78,6.78,6.78,6.16,0.31,-42.75,1.33
4,5,603117,万林物流,7.22,10.06,0.66,111329,80379394.0,0.0,7.22,7.22,7.22,6.56,1.86,133.17,3.7
5,6,603656,泰禾智能,17.44,10.03,1.59,2780,4848320.0,0.0,17.44,17.44,17.44,15.85,0.15,243.77,2.52
6,7,603268,松发股份,25.43,9.99,2.31,305,775615.0,0.0,25.43,25.43,25.43,23.12,0.02,-39.27,211.93
7,8,002685,华东重机,8.15,9.99,0.74,55420,45167626.0,0.0,8.15,8.15,8.15,7.41,0.55,151.15,5.64
8,9,603021,山东华鹏,5.18,9.98,0.47,65198,33772771.0,0.0,5.18,5.18,5.18,4.71,2.04,-12.76,12.08
9,10,600292,远达环保,7.94,9.97,0.72,7001,5558794.0,0.0,7.94,7.94,7.94,7.22,0.09,52.62,1.19
10,11,002628,成都路桥,5.96,9.96,0.54,114630,68319480.0,0.0,5.96,5.96,5.96,5.42,1.52,-80.92,1.52
11,12,600811,东方集团,2.1,9.95,0.19,95152,19982008.0,0.0,2.1,2.1,2.1,1.91,0.26,41.87,0.46
12,13,002676,顺威股份,6.08,9.95,0.55,98205,59708640.0,0.0,6.08,6.08,6.08,5.53,1.36,53.63,3.58
13,14,002583,海能达,17.5,9.92,1.58,159379,278913250.0,0.0,17.5,17.5,17.5,15.92,1.24,97.97,5.29
14,15,002086,东方海洋,2.6,9.24,0.22,71966,18711160.0,0.0,2.6,2.6,2.6,2.38,0.81,-61.4,3.23
15,16,600981,汇鸿集团,3.0,9.09,0.25,119704,35911200.0,0.0,3.0,3.0,3.0,2.75,0.53,-10.18,1.5
16,17,603188,亚邦股份,4.41,8.62,0.35,96623,42610743.0,0.0,4.41,4.41,4.41,4.06,1.69,158.44,2.46
17,18,603206,嘉环科技,22.98,7.74,1.65,8751,20109798.0,0.0,22.98,22.98,22.98,21.33,1.0,57.13,3.18
18,19,002272,川润股份,11.29,7.63,0.8,95197,107477413.0,0.0,11.29,11.29,11.29,10.49,2.51,-48.36,3.43
19,20,002094,青岛金王,5.7,7.34,0.39,92498,52723860.0,0.0,5.7,5.7,5.7,5.31,1.34,48.52,2.66
20,21,002529,海源复材,7.96,5.43,0.41,30054,23922984.0,0.0,7.96,7.96,7.96,7.55,1.16,-20.62,5.17
21,22,600289,*ST信通,1.79,5.29,0.09,6205,1110695.0,0.0,1.79,1.79,1.79,1.7,0.11,69.41,1.61
22,23,603828,ST柯利达,2.68,5.1,0.13,1095,293350.0,0.0,2.68,2.68,2.68,2.55,0.02,57.03,2.13
23,24,000796,ST凯撒,4.6,5.02,0.22,2786,1281560.0,0.0,4.6,4.6,4.6,4.38,0.03,-218.72,8.51
24,25,002197,ST证通,5.27,4.98,0.25,7683,4048941.0,0.0,5.27,5.27,5.27,5.02,0.14,-41.52,1.33
25,26,603023,*ST威帝,2.54,4.96,0.12,26274,6673629.0,0.0,2.54,2.54,2.54,2.42,0.47,143.55,1.83
26,27,002650,ST加加,2.77,4.92,0.13,4560,1263120.0,0.0,2.77,2.77,2.77,2.64,0.04,-54.71,1.55
27,28,000506,*ST中润,2.14,4.9,0.1,1661,355454.0,0.0,2.14,2.14,2.14,2.04,0.02,-18.1,3.13
28,29,002742,ST三圣,4.05,4.65,0.18,11296,4574880.0,0.0,4.05,4.05,4.05,3.87,0.26,-13.16,6.23
29,30,603388,ST元成,2.16,4.35,0.09,19251,4158216.0,0.0,2.16,2.16,2.16,2.07,0.59,-5.4,0.64
30,31,600696,岩石股份,13.85,4.06,0.54,14802,20500770.0,0.0,13.85,13.85,13.85,13.31,0.44,-29.93,8.77
31,32,000070,ST特信,5.31,3.91,0.2,41124,21836844.0,0.0,5.31,5.31,5.31,5.11,0.46,-922.99,2.51
32,33,000980,众泰汽车,2.27,3.18,0.07,184149,41801823.0,0.0,2.27,2.27,2.27,2.2,0.38,-22.53,9.2
33,34,601727,上海电气,6.1,1.33,0.08,617190,376485900.0,0.0,6.1,6.1,6.1,6.02,0.49,78.97,1.78
34,35,603007,*ST花王,9.2,0.99,0.09,3355,3086600.0,0.0,9.2,9.2,9.2,9.11,0.08,-29.83,9.8
35,36,000793,华闻集团,2.2,0.46,0.01,111466,24522520.0,0.0,2.2,2.2,2.2,2.19,0.57,-36.25,5.01
36,37,000676,智度股份,12.0,0.42,0.05,268385,322062000.0,0.0,12.0,12.0,12.0,11.95,2.12,74.73,3.88
37,38,600839,四川长虹,10.79,0.0,0.0,412393,444971820.0,0.0,10.79,10.79,10.79,10.79,0.89,88.8,3.46
38,39,000908,*ST景峰,4.55,0.0,0.0,12191,5546905.0,0.0,4.55,4.55,4.55,4.55,0.15,-84.11,-54.6
39,40,002851,麦格米特,44.8,-0.62,-0.28,25779,115489920.0,0.0,44.8,44.8,44.8,45.08,0.62,35.89,4.89
40,41,603168,莎普爱思,8.4,-1.18,-0.1,9473,7957320.0,0.0,8.4,8.4,8.4,8.5,0.29,-64.43,1.88
41,42,300063,天龙集团,10.4,-1.33,-0.14,148061,153983440.0,0.0,10.4,10.4,10.4,10.54,2.37,123.74,4.95
42,43,002531,天顺风能,9.3,-3.13,-0.3,39776,36991680.0,0.0,9.3,9.3,9.3,9.6,0.22,38.69,1.86
43,44,002134,天津普林,16.6,-3.66,-0.63,5924,9833840.0,0.0,16.6,16.6,16.6,17.23,0.24,98.64,8.78
44,45,300489,光智科技,94.0,-4.05,-3.97,11658,109585952.0,0.0,94.0,94.0,94.0,97.97,0.85,-182.73,22.63
45,46,603038,华立股份,17.53,-10.01,-1.95,62355,109308157.0,0.0,17.53,17.53,17.53,19.48,2.32,128.07,3.48
