,序号,代码,名称,最新价,涨跌幅,涨跌额,成交量,成交额,振幅,最高,最低,今开,昨收,换手率,市盈率-动态,市净率
0,1,300261,雅本化学,7.73,13.18,0.9,19201,14842373.0,0.0,7.73,7.73,7.73,6.83,0.21,-98.46,3.3
1,2,000553,安道麦A,7.26,10.0,0.66,65816,47782416.0,0.0,7.26,7.26,7.26,6.6,0.3,-9.45,0.81
2,3,002496,辉丰股份,2.25,2.27,0.05,32810,7382250.0,0.0,2.25,2.25,2.25,2.2,0.28,48.79,2.21
3,4,200553,安道麦B,2.47,1.65,0.04,20,4940.0,0.0,2.47,2.47,2.47,2.43,0.0,-2.93,0.25
4,5,002250,联化科技,5.64,0.71,0.04,1426,804264.0,0.0,5.64,5.64,5.64,5.6,0.02,183.92,0.82
5,6,603718,海利生物,7.3,0.69,0.05,21308,15554840.0,0.0,7.3,7.3,7.3,7.25,0.33,158.77,3.82
6,7,003042,中农联合,14.4,0.49,0.07,563,810720.0,0.0,14.4,14.4,14.4,14.33,0.04,-31.49,1.42
7,8,300796,贝斯美,10.57,0.48,0.05,152,160664.0,0.0,10.57,10.57,10.57,10.52,0.0,115.32,2.31
8,9,002868,绿康生化,16.24,0.31,0.05,172,279328.0,0.0,16.24,16.24,16.24,16.19,0.01,-14.49,7.74
9,10,833819,颖泰生物,3.62,0.28,0.01,1517,549172.1,0.0,3.62,3.62,3.62,3.61,0.01,-27.95,0.8
10,11,605033,美邦股份,12.13,0.25,0.03,33,40029.0,0.0,12.13,12.13,12.13,12.1,0.0,17.29,1.44
11,12,838275,驱动力,4.8,0.21,0.01,155,74400.0,0.0,4.8,4.8,4.8,4.79,0.02,68.59,3.34
12,13,600486,扬农化工,58.75,0.19,0.11,52,305500.0,0.0,58.75,58.75,58.75,58.64,0.0,15.66,2.36
13,14,301035,润丰股份,47.23,0.17,0.08,39,184197.0,0.0,47.23,47.23,47.23,47.15,0.0,36.2,2.04
14,15,600201,生物股份,6.7,0.15,0.01,638,427460.0,0.0,6.7,6.7,6.7,6.69,0.01,30.53,1.39
15,16,603810,丰山集团,9.29,0.11,0.01,322,299138.0,0.0,9.29,9.29,9.29,9.28,0.02,-34.29,1.05
16,17,603639,海利尔,12.16,0.08,0.01,80,97280.0,0.0,12.16,12.16,12.16,12.15,0.0,12.75,1.16
17,18,300119,瑞普生物,14.32,0.07,0.01,179,256328.0,0.0,14.32,14.32,14.32,14.31,0.01,20.96,1.49
18,19,001231,农心科技,16.11,0.06,0.01,62,99882.0,0.0,16.11,16.11,16.11,16.1,0.02,18.86,1.69
19,20,600226,亨通股份,2.21,0.0,0.0,983,217243.0,0.0,2.21,2.21,2.21,2.21,0.0,29.0,1.98
20,21,002942,新农股份,13.76,0.0,0.0,126,173376.0,0.0,13.76,13.76,13.76,13.76,0.01,21.64,1.83
21,22,002391,长青股份,4.95,0.0,0.0,151,74745.0,0.0,4.95,4.95,4.95,4.95,0.0,82.81,0.73
22,23,688526,科前生物,13.76,-0.15,-0.02,73,100572.0,0.0,13.76,13.76,13.76,13.78,0.0,21.01,1.7
23,24,600195,中牧股份,6.82,-0.15,-0.01,1139,776798.0,0.0,6.82,6.82,6.82,6.83,0.01,55.44,1.25
24,25,002513,蓝丰生化,4.15,-0.24,-0.01,1606,666490.0,0.0,4.15,4.15,4.15,4.16,0.06,-5.59,-22.07
25,26,002215,诺 普 信,9.08,-0.33,-0.03,967,878036.0,0.0,9.08,9.08,9.08,9.11,0.01,8.26,2.33
26,27,002258,利尔化学,8.17,-0.37,-0.03,429,350493.0,0.0,8.17,8.17,8.17,8.2,0.01,35.19,0.86
27,28,600731,湖南海利,5.33,-0.37,-0.02,447,238251.0,0.0,5.33,5.33,5.33,5.35,0.01,14.72,0.99
28,29,002004,华邦健康,4.52,-0.44,-0.02,275,124300.0,0.0,4.52,4.52,4.52,4.54,0.0,14.27,0.9
29,30,002688,金河生物,4.37,-0.46,-0.02,445,194465.0,0.0,4.37,4.37,4.37,4.39,0.01,18.52,1.52
30,31,603086,先达股份,4.26,-0.47,-0.02,26,11076.0,0.0,4.26,4.26,4.26,4.28,0.0,181.2,0.92
31,32,600538,国发股份,3.88,-0.51,-0.02,2321,900548.0,0.0,3.88,3.88,3.88,3.9,0.04,-63.13,2.38
32,33,870656,海昇药业,17.02,-0.53,-0.09,154,261563.36,0.0,17.02,17.02,17.02,17.11,0.08,29.03,2.18
33,34,002749,国光股份,12.98,-0.54,-0.07,404,524392.0,0.0,12.98,12.98,12.98,13.05,0.01,13.98,2.9
34,35,600596,新安股份,8.2,-0.61,-0.05,1578,1293960.0,0.0,8.2,8.2,8.2,8.25,0.01,42.17,0.87
35,36,000525,*ST红阳,9.8,-0.61,-0.06,1867,1829660.0,0.0,9.8,9.8,9.8,9.86,0.03,134.03,6.3
36,37,603566,普莱柯,12.83,-0.7,-0.09,43,55169.0,0.0,12.83,12.83,12.83,12.92,0.0,30.02,1.69
37,38,603599,广信股份,10.98,-0.72,-0.08,362,397476.0,0.0,10.98,10.98,10.98,11.06,0.0,12.12,1.07
38,39,300804,广康生化,24.03,-0.74,-0.18,53,127359.0,0.0,24.03,24.03,24.03,24.21,0.02,40.49,1.36
39,40,300871,回盛生物,10.38,-0.76,-0.08,3,3114.0,0.0,10.38,10.38,10.38,10.46,0.0,-16.58,1.19
40,41,300575,中旗股份,6.48,-0.77,-0.05,277,179496.0,0.0,6.48,6.48,6.48,6.53,0.01,35.07,1.4
41,42,002734,利民股份,7.65,-0.78,-0.06,68,52020.0,0.0,7.65,7.65,7.65,7.71,0.0,44.22,1.16
42,43,603970,中农立华,13.87,-0.79,-0.11,80,110960.0,0.0,13.87,13.87,13.87,13.98,0.0,11.79,2.52
43,44,603585,苏利股份,11.3,-0.79,-0.09,133,150290.0,0.0,11.3,11.3,11.3,11.39,0.01,159.91,0.87
44,45,688098,申联生物,4.89,-0.81,-0.04,281,137350.0,0.0,4.89,4.89,4.89,4.93,0.01,-29.1,1.39
45,46,600389,江山股份,14.09,-1.33,-0.19,527,742543.0,0.0,14.09,14.09,14.09,14.28,0.01,17.76,1.65
46,47,870866,绿亨科技,7.19,-1.64,-0.12,468,336837.12,0.0,7.19,7.19,7.19,7.31,0.05,33.2,1.76
47,48,603360,百傲化学,19.12,-2.2,-0.43,3544,6775401.0,0.0,19.12,19.12,19.12,19.55,0.07,29.31,6.03
