,序号,代码,名称,最新价,涨跌幅,涨跌额,成交量,成交额,振幅,最高,最低,今开,昨收,换手率,市盈率-动态,市净率
0,1,300391,长药控股,7.02,6.36,0.42,390907,271586397.43,12.73,7.29,6.45,6.45,6.6,11.16,-8.06,57.8
1,2,833266,生物谷,11.05,4.84,0.51,19271,21331808.75,5.41,11.26,10.69,10.9,10.54,2.48,142.68,1.36
2,3,000790,华神科技,4.07,4.63,0.18,220003,90509331.67,5.91,4.18,3.95,3.95,3.89,3.53,139.34,2.41
3,4,002317,众生药业,13.38,4.37,0.56,241091,323212546.15,3.04,13.59,13.2,13.2,12.82,3.17,65.17,2.66
4,5,002728,特一药业,8.7,4.19,0.35,117637,102043640.48,5.87,8.87,8.38,8.38,8.35,3.14,826.02,2.43
5,6,836433,大唐药业,7.54,4.14,0.3,62161,46354865.29,10.91,7.8,7.01,7.01,7.24,3.68,187.67,4.08
6,7,002873,新天药业,10.57,3.53,0.36,91302,96020665.24,3.04,10.67,10.36,10.38,10.21,4.15,39.27,2.39
7,8,300108,*ST吉药,2.29,2.69,0.06,111343,25589670.52,4.04,2.34,2.25,2.26,2.23,1.7,-5.5,-3.64
8,9,603963,*ST大药,2.95,2.43,0.07,18573,5490732.0,4.51,3.0,2.87,2.88,2.88,0.85,-26.66,1.76
9,10,603139,康惠制药,14.11,2.17,0.3,6913,9754860.0,3.11,14.27,13.84,13.85,13.81,0.69,-80.98,1.5
10,11,002750,*ST龙津,2.15,1.9,0.04,37258,7943004.0,4.27,2.18,2.09,2.11,2.11,0.93,-101.93,1.7
11,12,600479,千金药业,11.36,1.79,0.2,20141,22789458.0,2.6,11.45,11.16,11.17,11.16,0.48,20.46,2.04
12,13,002424,ST百灵,3.74,1.63,0.06,168664,62866323.5,5.71,3.83,3.62,3.65,3.68,1.39,29.88,1.5
13,14,002907,华森制药,13.68,1.41,0.19,9191,12557349.0,2.59,13.78,13.43,13.43,13.49,0.3,60.5,3.47
14,15,002412,汉森制药,6.06,1.34,0.08,24393,14784182.0,1.51,6.09,6.0,6.05,5.98,0.49,15.17,1.47
15,16,002644,佛慈制药,7.65,1.32,0.1,16948,12921345.0,2.12,7.67,7.51,7.53,7.55,0.33,54.11,2.21
16,17,002349,精华制药,7.82,1.3,0.1,93406,73139181.0,1.94,7.9,7.75,7.8,7.72,1.15,23.51,2.54
17,18,002166,莱茵生物,8.09,1.25,0.1,57329,46355310.77,1.13,8.12,8.03,8.03,7.99,1.12,46.25,2.0
18,19,300026,红日药业,4.08,1.24,0.05,199429,81280126.0,2.23,4.1,4.01,4.02,4.03,0.74,41.34,1.4
19,20,600594,益佰制药,3.68,1.1,0.04,34901,12848405.0,2.75,3.72,3.62,3.64,3.64,0.44,-13.68,1.07
20,21,002107,沃华医药,4.77,1.06,0.05,9030,4299956.4,1.91,4.8,4.71,4.73,4.72,0.16,124.23,4.1
21,22,000919,金陵药业,6.8,1.04,0.07,12848,8725787.0,2.08,6.85,6.71,6.74,6.73,0.25,41.27,1.13
22,23,600222,太龙药业,5.15,0.98,0.05,35653,18385821.0,1.76,5.18,5.09,5.09,5.1,0.62,55.52,1.9
23,24,600129,太极集团,25.71,0.94,0.24,32065,82358699.0,1.81,25.8,25.34,25.4,25.47,0.58,14.47,3.62
24,25,600993,马应龙,25.26,0.92,0.23,13920,35063861.0,1.56,25.32,24.93,24.93,25.03,0.32,17.45,2.82
25,26,300039,上海凯宝,6.67,0.91,0.06,96720,64564921.84,2.57,6.72,6.55,6.56,6.61,1.05,24.54,1.99
26,27,002566,益盛药业,7.0,0.86,0.06,6511,4546646.0,1.73,7.02,6.9,6.9,6.94,0.28,34.75,1.05
27,28,301111,粤万年青,17.58,0.86,0.15,8500,14996736.0,3.1,17.84,17.3,17.35,17.43,1.21,93.12,3.63
28,29,300878,维康药业,17.62,0.86,0.15,3784,6681447.0,2.4,17.78,17.36,17.45,17.47,0.68,89.88,1.93
29,30,000999,华润三九,48.78,0.83,0.4,13376,64943885.7,1.45,48.8,48.1,48.37,48.38,0.1,13.06,3.14
30,31,600771,广誉远,20.48,0.79,0.16,13470,27501938.0,1.67,20.54,20.2,20.36,20.32,0.28,84.1,6.44
31,32,600080,金花股份,6.47,0.78,0.05,9040,5876384.0,2.34,6.56,6.41,6.43,6.42,0.24,127.61,1.61
32,33,000590,启迪药业,6.58,0.77,0.05,8463,5569090.0,2.6,6.65,6.48,6.49,6.53,0.35,-33.68,2.25
33,34,002603,以岭药业,17.5,0.75,0.13,43716,76785579.79,1.61,17.69,17.41,17.41,17.37,0.32,27.56,2.55
34,35,002275,桂林三金,15.13,0.73,0.11,5802,8784764.0,2.0,15.25,14.95,14.95,15.02,0.1,14.77,3.03
35,36,002198,嘉应制药,6.22,0.65,0.04,27544,17084584.0,1.29,6.24,6.16,6.18,6.18,0.54,278.48,4.25
36,37,603567,珍宝岛,11.94,0.59,0.07,8037,9572995.0,1.6,11.98,11.79,11.8,11.87,0.09,14.3,1.42
37,38,603439,贵州三力,14.07,0.57,0.08,11166,15660704.0,1.93,14.13,13.86,13.9,13.99,0.27,24.63,3.78
38,39,000989,ST九芝,7.17,0.56,0.04,19906,14241378.1,1.4,7.2,7.1,7.12,7.13,0.29,15.0,1.64
39,40,603998,方盛制药,12.7,0.55,0.07,12677,16174032.0,1.74,12.85,12.63,12.66,12.63,0.29,20.38,3.74
40,41,002737,葵花药业,20.18,0.5,0.1,25717,51841403.0,1.34,20.27,20.0,20.05,20.08,0.44,12.12,2.69
41,42,600422,昆药集团,14.38,0.49,0.07,26155,37635800.0,1.96,14.48,14.2,14.21,14.31,0.35,23.72,2.03
42,43,002826,易明医药,9.35,0.43,0.04,10754,10087423.0,2.15,9.46,9.26,9.26,9.31,0.61,22.48,2.44
43,44,600572,康恩贝,4.68,0.43,0.02,70223,32806443.0,1.5,4.7,4.63,4.64,4.66,0.27,15.73,1.8
44,45,600557,康缘药业,14.34,0.42,0.06,24845,35681660.0,1.82,14.45,14.19,14.21,14.28,0.43,15.72,1.62
45,46,600436,片仔癀,240.16,0.42,1.0,3613,86501934.0,1.19,240.72,237.88,239.1,239.16,0.06,40.45,10.33
46,47,603858,步长制药,17.13,0.41,0.07,12456,21373562.0,1.41,17.26,17.02,17.03,17.06,0.11,40.94,1.68
47,48,600535,天士力,15.37,0.39,0.06,22497,34590656.0,1.57,15.47,15.23,15.3,15.31,0.15,17.33,1.89
48,49,002287,奇正藏药,23.86,0.34,0.08,2962,7093251.92,1.43,24.06,23.72,23.79,23.78,0.06,19.42,3.44
49,50,600351,亚宝药业,6.09,0.33,0.02,30830,18752571.0,1.48,6.12,6.03,6.05,6.07,0.43,12.2,1.52
50,51,002864,盘龙药业,28.38,0.32,0.09,6430,18318460.62,2.33,28.66,28.0,28.0,28.29,0.87,25.28,1.91
51,52,300181,佐力药业,16.15,0.31,0.05,35729,57967197.88,2.11,16.34,16.0,16.0,16.1,0.59,19.13,4.23
52,53,600976,健民集团,45.16,0.29,0.13,3969,17937513.0,1.38,45.42,44.8,44.85,45.03,0.26,16.15,2.89
53,54,600285,羚锐制药,24.95,0.28,0.07,7974,19900089.0,1.37,25.14,24.8,24.89,24.88,0.14,17.13,5.23
54,55,603896,寿仙谷,22.6,0.22,0.05,5636,12753858.0,1.64,22.73,22.36,22.46,22.55,0.28,22.21,2.1
55,56,600566,济川药业,30.68,0.13,0.04,6898,21156551.0,1.7,30.82,30.3,30.46,30.64,0.08,10.56,2.09
56,57,600329,达仁堂,34.9,0.11,0.04,5461,19030222.0,1.15,35.0,34.6,34.6,34.86,0.1,20.43,4.28
57,58,300534,陇神戎发,9.37,0.11,0.01,29072,27355396.0,2.88,9.5,9.23,9.23,9.36,0.96,86.07,4.4
58,59,600085,同仁堂,39.46,0.05,0.02,16975,66982624.0,1.57,39.7,39.08,39.3,39.44,0.12,26.5,4.28
59,60,600332,白云山,28.96,0.03,0.01,13750,39887283.0,0.93,29.11,28.84,28.91,28.95,0.1,9.23,1.3
60,61,600671,ST目药,8.41,0.0,0.0,521,436092.0,1.07,8.41,8.32,8.38,8.41,0.04,-27.68,54.95
61,62,600252,中恒集团,2.3,0.0,0.0,62293,14306428.0,1.74,2.31,2.27,2.29,2.3,0.18,181.17,1.26
62,63,002390,信邦制药,3.48,0.0,0.0,53491,18683955.0,1.72,3.52,3.46,3.47,3.48,0.29,29.44,1.01
63,64,000650,仁和药业,5.95,0.0,0.0,91557,54471961.61,1.01,5.97,5.91,5.93,5.95,0.69,12.35,1.32
64,65,600750,江中药业,22.93,-0.09,-0.02,12239,28101690.0,1.18,23.09,22.82,22.95,22.95,0.2,14.76,4.04
65,66,605199,葫芦娃,13.58,-0.37,-0.05,38510,52667379.0,3.89,13.95,13.42,13.68,13.63,0.96,34.5,4.73
66,67,000538,云南白药,57.82,-0.38,-0.22,20376,118176372.57,1.03,58.3,57.7,57.93,58.04,0.12,16.18,2.62
67,68,000423,东阿阿胶,60.21,-0.58,-0.35,5243,31640466.44,1.16,60.75,60.05,60.2,60.56,0.08,26.25,3.79
68,69,300519,新光药业,14.84,-0.8,-0.12,10583,15733823.0,2.27,15.0,14.66,14.72,14.96,0.93,47.13,2.9
69,70,301331,恩威医药,27.63,-0.86,-0.24,2877,7975235.16,2.73,28.06,27.3,27.8,27.87,0.87,96.82,2.78
70,71,600518,康美药业,1.92,-1.03,-0.02,623644,119871062.0,1.55,1.94,1.91,1.93,1.94,0.46,844.48,3.77
71,72,300147,香雪制药,10.0,-2.63,-0.27,336972,348171620.0,9.15,10.82,9.88,10.45,10.27,5.13,-24.45,3.7
