,序号,代码,名称,最新价,涨跌幅,涨跌额,成交量,成交额,振幅,最高,最低,今开,昨收,换手率,市盈率-动态,市净率
0,1,301281,科源制药,42.03,19.91,6.98,152130,634963546.97,6.9,42.06,39.64,42.06,35.05,22.1,63.05,3.42
1,2,836547,无锡晶海,20.65,12.47,2.29,24519,50260454.22,11.66,21.19,19.05,19.2,18.36,10.25,28.98,2.51
2,3,300381,溢多利,8.11,11.4,0.83,207029,166202948.24,12.77,8.54,7.61,7.61,7.28,4.24,69.65,1.52
3,4,830946,森萱医药,11.85,9.72,1.05,52845,60113913.82,12.5,11.88,10.53,10.63,10.8,1.24,36.3,4.44
4,5,873167,新赣江,15.87,8.25,1.21,20161,31531481.37,12.35,16.48,14.67,14.7,14.66,4.83,36.08,2.35
5,6,000813,德展健康,3.11,7.61,0.22,424737,128995211.08,4.84,3.11,2.97,2.97,2.89,1.96,331.59,1.28
6,7,300630,普利制药,11.27,7.44,0.78,188617,208288734.68,8.39,11.31,10.43,10.49,10.49,5.58,-44.81,1.83
7,8,300584,海辰药业,24.33,7.42,1.68,48810,116979814.5,8.21,24.76,22.9,22.9,22.65,5.94,59.01,2.9
8,9,300158,振东制药,4.75,6.74,0.3,390879,185134797.3,7.19,4.88,4.56,4.6,4.45,3.9,89.26,0.93
9,10,300267,尔康制药,3.03,6.69,0.19,404009,121473905.48,7.39,3.09,2.88,2.88,2.84,2.84,496.0,1.3
10,11,000566,海南海药,4.74,4.87,0.22,794720,377374342.6,6.42,4.88,4.59,4.7,4.52,6.82,-15.35,3.3
11,12,000908,*ST景峰,4.77,4.84,0.22,260347,122719517.0,5.71,4.78,4.52,4.55,4.55,3.3,-88.18,-57.24
12,13,832735,德源药业,32.26,4.74,1.46,6158,19786320.15,5.06,32.66,31.1,31.11,30.8,0.89,15.74,2.52
13,14,600789,鲁抗医药,8.65,4.72,0.39,492480,422010340.0,3.51,8.67,8.38,8.38,8.26,5.48,12.96,2.01
14,15,832566,梓橦宫,10.53,4.67,0.47,29872,31194127.03,7.95,10.77,9.97,10.06,10.06,2.67,19.54,2.1
15,16,300016,北陆药业,6.69,4.53,0.29,110972,73585720.1,6.09,6.76,6.37,6.37,6.4,2.26,84.21,2.11
16,17,301258,富士莱,28.15,4.45,1.2,28191,80061618.0,5.05,29.0,27.64,27.64,26.95,8.33,139.8,1.36
17,18,430017,星昊医药,16.09,4.28,0.66,20033,32246315.55,6.16,16.4,15.45,15.64,15.43,1.65,16.32,1.31
18,19,002793,罗欣药业,4.96,3.98,0.19,101753,49951688.9,4.61,4.99,4.77,4.79,4.77,0.94,-30.4,2.36
19,20,430478,峆一药业,20.02,3.73,0.72,21414,43377832.31,5.65,20.89,19.8,20.0,19.3,6.26,19.32,2.4
20,21,301277,新天地,15.35,2.88,0.43,29644,45271772.6,4.16,15.48,14.86,14.93,14.92,4.11,22.74,2.85
21,22,300401,花园生物,15.18,2.78,0.41,123530,186417395.5,2.37,15.18,14.83,14.83,14.77,2.31,25.62,2.86
22,23,300254,仟源医药,10.0,2.67,0.26,68241,67796182.0,4.21,10.04,9.63,9.7,9.74,3.03,42.24,3.83
23,24,300725,药石科技,39.07,2.28,0.87,41741,162207498.57,2.77,39.27,38.21,38.21,38.2,2.48,39.52,2.84
24,25,300434,金石亚药,9.01,2.15,0.19,49856,45106447.74,3.17,9.17,8.89,8.89,8.82,1.46,46.7,1.5
25,26,605116,奥锐特,23.8,2.1,0.49,7398,17461410.0,3.43,23.87,23.07,23.32,23.31,0.19,25.63,4.65
26,27,300199,翰宇药业,12.15,2.02,0.24,100591,121864145.0,2.85,12.25,11.91,11.91,11.91,1.42,-517.98,14.23
27,28,300233,金城医药,14.01,1.74,0.24,34270,48072079.0,2.25,14.17,13.86,13.88,13.77,0.93,20.59,1.46
28,29,688321,微芯生物,22.73,1.7,0.38,14650,33133653.0,2.6,22.78,22.2,22.45,22.35,0.36,-113.02,6.06
29,30,600488,津药药业,4.24,1.68,0.07,19632,8273199.0,1.92,4.24,4.16,4.17,4.17,0.18,16.33,1.54
30,31,301089,拓新药业,34.43,1.65,0.56,13884,47859444.0,2.98,34.71,33.7,33.74,33.87,1.76,-1224.32,2.78
31,32,300723,一品红,16.55,1.6,0.26,15801,26027563.0,1.96,16.6,16.28,16.4,16.29,0.37,80.45,3.02
32,33,002102,能特科技,2.6,1.56,0.04,189454,49105312.0,3.52,2.63,2.54,2.56,2.56,0.81,60.19,1.65
33,34,301507,民生健康,13.75,1.55,0.21,22462,30790074.0,2.44,13.85,13.52,13.54,13.54,2.03,31.72,3.24
34,35,300436,广生堂,31.76,1.47,0.46,39573,127020985.7,5.69,32.8,31.02,31.02,31.3,2.89,-70.18,10.53
35,36,600267,海正药业,8.44,1.44,0.12,55677,46704826.0,1.92,8.44,8.28,8.28,8.32,0.46,11.71,1.26
36,37,000952,广济药业,5.73,1.42,0.08,24330,13924359.2,2.83,5.76,5.6,5.65,5.65,0.71,-9.4,1.6
37,38,000953,河化股份,4.33,1.41,0.06,61053,26437265.0,3.51,4.38,4.23,4.23,4.27,1.67,300.61,22.66
38,39,301130,西点药业,26.75,1.4,0.37,3477,9268117.0,3.11,26.93,26.11,26.29,26.38,0.6,44.2,2.42
39,40,688189,南新制药,7.29,1.39,0.1,10553,7683814.0,3.06,7.34,7.12,7.19,7.19,0.38,-224.89,1.53
40,41,300558,贝达药业,46.51,1.37,0.63,15689,72539071.0,2.4,46.61,45.51,45.89,45.88,0.38,43.46,3.56
41,42,603222,济民健康,6.71,1.36,0.09,21958,14655201.0,2.11,6.72,6.58,6.6,6.62,0.42,69.23,2.24
42,43,603811,诚意药业,7.74,1.31,0.1,21638,16727036.0,2.36,7.79,7.61,7.63,7.64,0.66,16.57,2.11
43,44,600200,江苏吴中,10.17,1.29,0.13,69874,71037397.0,3.29,10.28,9.95,9.96,10.04,0.98,120.5,4.03
44,45,688670,金迪克,13.31,1.29,0.17,3851,5116564.0,3.35,13.45,13.01,13.15,13.14,0.31,-20.06,1.23
45,46,002370,亚太药业,3.19,1.27,0.04,64928,20720314.0,2.86,3.22,3.13,3.15,3.15,1.04,182.14,4.02
46,47,002019,亿帆医药,12.18,1.25,0.15,29112,35460800.27,2.16,12.29,12.03,12.07,12.03,0.35,29.25,1.77
47,48,000756,新华制药,16.25,1.18,0.19,42092,68396859.0,2.24,16.36,16.0,16.04,16.06,0.94,20.89,2.33
48,49,002099,海翔药业,6.02,1.18,0.07,19708,11854331.0,1.68,6.05,5.95,5.98,5.95,0.12,127.87,1.77
49,50,000739,普洛药业,16.44,1.17,0.19,56357,92662021.17,1.72,16.56,16.28,16.29,16.25,0.48,16.58,2.92
50,51,605177,东亚药业,18.7,1.14,0.21,3495,6522253.0,1.41,18.75,18.49,18.49,18.49,0.3,33.04,1.13
51,52,603538,美诺华,12.5,1.13,0.14,14087,17594906.0,1.94,12.59,12.35,12.53,12.36,0.66,72.18,1.33
52,53,688221,前沿生物-U,6.28,1.13,0.07,9003,5646157.0,1.61,6.3,6.2,6.21,6.21,0.24,-7.33,1.99
53,54,300966,共同药业,18.84,1.13,0.21,11082,20838075.0,3.65,19.05,18.37,18.46,18.63,1.48,-115.02,2.58
54,55,300110,华仁药业,3.65,1.11,0.04,64615,23523240.0,2.77,3.68,3.58,3.6,3.61,0.55,29.47,1.57
55,56,600664,哈药股份,3.73,1.08,0.04,82123,30595692.0,1.9,3.75,3.68,3.69,3.69,0.33,13.68,1.86
56,57,603676,卫信康,8.83,1.03,0.09,10131,8949540.0,1.6,8.88,8.74,8.76,8.74,0.23,11.75,2.74
57,58,603207,小方制药,26.97,1.01,0.27,7962,21473621.0,1.72,27.14,26.68,26.78,26.7,2.03,18.16,3.76
58,59,301211,亨迪药业,17.11,1.0,0.17,11518,19672054.0,2.72,17.2,16.74,16.74,16.94,1.6,35.97,2.15
59,60,300086,康芝药业,5.07,1.0,0.05,45735,23195483.0,2.39,5.13,5.01,5.02,5.02,1.04,-11.44,1.82
60,61,688131,皓元医药,37.2,0.95,0.35,12421,46838754.0,4.61,38.54,36.84,37.61,36.85,0.6,55.72,2.98
61,62,002020,京新药业,12.88,0.94,0.12,17301,22235547.0,1.41,12.9,12.72,12.78,12.76,0.24,13.79,1.96
62,63,600812,华北制药,5.43,0.93,0.05,35636,19405384.0,2.23,5.49,5.37,5.39,5.38,0.21,64.71,1.75
63,64,301246,宏源药业,14.31,0.92,0.13,16960,24213184.0,2.61,14.4,14.03,14.1,14.18,1.05,79.92,1.32
64,65,601089,福元医药,16.69,0.91,0.15,6585,10962934.0,2.12,16.75,16.4,16.4,16.54,0.32,13.78,2.37
65,66,002773,康弘药业,20.51,0.89,0.18,24106,49534332.0,1.82,20.74,20.37,20.37,20.33,0.35,13.63,2.31
66,67,603367,辰欣药业,13.7,0.88,0.12,10246,13992622.0,1.84,13.76,13.51,13.53,13.58,0.23,11.47,1.07
67,68,002437,誉衡药业,2.29,0.88,0.02,177941,40717612.0,3.08,2.32,2.25,2.25,2.27,0.81,20.9,2.7
68,69,002332,仙琚制药,12.69,0.87,0.11,14823,18735973.0,1.59,12.73,12.53,12.56,12.58,0.15,18.48,2.17
69,70,000788,北大医药,6.11,0.83,0.05,26690,16322106.0,1.65,6.15,6.05,6.05,6.06,0.45,20.97,2.44
70,71,300194,福安药业,4.92,0.82,0.04,88945,43784673.0,2.66,4.96,4.83,4.84,4.88,0.92,13.52,1.36
71,72,301075,多瑞医药,22.15,0.82,0.18,4337,9637169.0,2.28,22.39,21.89,21.89,21.97,0.54,-270.42,2.4
72,73,300497,富祥药业,11.24,0.81,0.09,40035,45109554.0,3.32,11.47,11.1,11.1,11.15,0.89,-74.69,2.59
73,74,688505,复旦张江,8.97,0.79,0.07,9621,8615384.0,3.82,9.06,8.72,8.9,8.9,0.14,65.97,3.95
74,75,300583,赛托生物,24.44,0.78,0.19,21989,54213126.0,5.4,25.3,23.99,24.48,24.25,1.18,175.47,2.39
75,76,300702,天宇股份,17.03,0.77,0.13,7336,12489727.0,2.43,17.16,16.75,16.76,16.9,0.35,55.68,1.69
76,77,002675,东诚药业,13.24,0.76,0.1,13543,17917523.0,2.28,13.32,13.02,13.13,13.14,0.18,48.83,2.46
77,78,600513,联环药业,9.29,0.76,0.07,18799,17512474.0,1.74,9.4,9.24,9.26,9.22,0.66,21.08,1.93
78,79,002365,永安药业,7.99,0.76,0.06,6268,5001961.0,1.64,8.02,7.89,7.89,7.93,0.26,22.43,1.18
79,80,300006,莱美药业,4.03,0.75,0.03,61690,24905807.0,3.0,4.08,3.96,3.97,4.0,0.58,-120.81,2.07
80,81,002422,科伦药业,32.14,0.72,0.23,21087,67704048.0,1.57,32.3,31.8,31.8,31.91,0.16,14.3,2.31
81,82,002294,信立泰,33.55,0.72,0.24,11161,37377290.0,1.86,33.66,33.04,33.2,33.31,0.1,55.03,4.35
82,83,300942,易瑞生物,8.55,0.71,0.06,19253,16506797.0,3.53,8.67,8.37,8.43,8.49,0.48,-1098.88,4.4
83,84,300573,兴齐眼药,99.41,0.67,0.66,20905,205614718.2,2.97,99.88,96.95,97.0,98.75,1.56,51.2,12.24
84,85,002755,奥赛康,13.72,0.66,0.09,12075,16541577.6,1.91,13.78,13.52,13.52,13.63,0.13,84.23,4.34
85,86,002940,昂利康,13.75,0.66,0.09,21160,29121354.46,1.68,13.88,13.65,13.69,13.66,1.14,20.37,1.73
86,87,603456,九洲药业,15.37,0.65,0.1,52556,80987199.0,2.03,15.56,15.25,15.25,15.27,0.59,14.55,1.65
87,88,603669,灵康药业,4.63,0.65,0.03,21030,9701351.0,2.17,4.65,4.55,4.56,4.6,0.29,-41.33,4.2
88,89,300111,向日葵,3.09,0.65,0.02,40516,12539844.0,1.95,3.12,3.06,3.07,3.07,0.31,1102.12,5.85
89,90,000153,丰原药业,6.24,0.65,0.04,50430,31623583.86,1.94,6.33,6.21,6.23,6.2,1.11,14.47,1.49
90,91,688192,迪哲医药-U,44.4,0.63,0.28,4719,21017466.0,2.67,45.08,43.9,44.0,44.12,0.38,-26.77,30.3
91,92,002900,哈三联,9.59,0.63,0.06,8334,7997068.0,2.83,9.7,9.43,9.49,9.53,0.48,57.75,1.44
92,93,600062,华润双鹤,24.19,0.62,0.15,10675,25805537.0,1.96,24.32,23.85,23.88,24.04,0.1,12.01,2.53
93,94,002550,千红制药,6.48,0.62,0.04,74275,48119907.2,2.8,6.54,6.36,6.4,6.44,0.82,20.09,3.35
94,95,001367,海森药业,32.69,0.58,0.19,1924,6307990.12,1.94,33.14,32.51,32.51,32.5,0.74,28.38,2.52
95,96,688091,上海谊众,35.6,0.56,0.2,3360,11964747.0,2.37,35.9,35.06,35.3,35.4,0.16,106.13,5.02
96,97,002653,海思科,36.6,0.55,0.2,6241,22959977.0,2.47,37.11,36.21,36.24,36.4,0.12,124.42,10.11
97,98,688578,艾力斯,56.84,0.55,0.31,9785,55701315.0,2.48,57.42,56.02,56.53,56.53,0.22,19.49,5.67
98,99,600196,复星医药,25.95,0.54,0.14,46503,120701664.0,1.32,26.07,25.73,25.83,25.81,0.22,28.3,1.48
99,100,300705,九典制药,24.48,0.53,0.13,9637,23565653.0,2.71,24.66,24.0,24.03,24.35,0.27,21.09,5.56
100,101,600851,海欣股份,5.75,0.52,0.03,11120,6394870.0,1.92,5.8,5.69,5.72,5.72,0.15,34.1,1.79
101,102,003020,立方制药,18.89,0.48,0.09,2376,4482126.6,1.6,18.97,18.67,18.67,18.8,0.17,23.37,2.14
102,103,600521,华海药业,19.21,0.47,0.09,17703,34009123.0,1.52,19.32,19.03,19.12,19.12,0.12,18.82,3.29
103,104,688690,纳微科技,21.3,0.42,0.09,7309,15601463.0,2.12,21.5,21.05,21.16,21.21,0.18,95.46,5.07
104,105,688266,泽璟制药-U,66.63,0.42,0.28,3039,20186651.0,2.05,67.06,65.7,66.38,66.35,0.11,-132.54,11.26
105,106,600420,国药现代,12.27,0.41,0.05,34596,42454615.0,1.23,12.32,12.17,12.21,12.22,0.26,11.45,1.27
106,107,002393,力生制药,17.44,0.4,0.07,3583,6256281.2,1.21,17.56,17.35,17.48,17.37,0.14,21.98,0.92
107,108,002262,恩华药业,27.53,0.4,0.11,3622,9966737.0,1.35,27.64,27.27,27.35,27.42,0.04,22.24,4.09
108,109,603520,司太立,9.15,0.33,0.03,13443,12290970.0,1.86,9.22,9.05,9.19,9.12,0.39,87.59,1.48
109,110,688566,吉贝尔,24.89,0.32,0.08,1981,4934601.0,1.85,25.07,24.61,24.61,24.81,0.1,20.34,2.25
110,111,300363,博腾股份,15.89,0.32,0.05,29338,46828097.0,2.34,16.1,15.73,15.84,15.84,0.59,-25.49,1.63
111,112,000931,中 关 村,4.81,0.21,0.01,13058,6287436.56,1.46,4.85,4.78,4.78,4.8,0.17,49.77,2.3
112,113,000963,华东医药,33.96,0.18,0.06,11564,39173709.0,1.24,34.05,33.63,33.7,33.9,0.07,17.56,2.74
113,114,002898,赛隆药业,10.51,0.1,0.01,7926,8362254.3,2.29,10.63,10.39,10.41,10.5,0.78,524.11,3.46
114,115,688553,汇宇制药-W,12.63,0.08,0.01,5826,7378514.0,0.87,12.71,12.6,12.64,12.62,0.2,41.02,1.44
115,116,603707,健友股份,14.81,0.07,0.01,14241,21195497.0,1.35,14.96,14.76,14.77,14.8,0.09,29.54,3.97
116,117,000766,通化金马,15.68,0.06,0.01,26183,41026853.0,1.72,15.78,15.51,15.6,15.67,0.27,475.09,6.47
117,118,000623,吉林敖东,16.95,0.06,0.01,26762,45280992.0,1.06,17.0,16.82,16.85,16.94,0.22,18.86,0.71
118,119,688658,悦康药业,22.82,0.04,0.01,2816,6432561.0,2.02,23.08,22.62,22.81,22.81,0.06,43.31,2.87
119,120,600380,健康元,11.01,-0.09,-0.01,45243,49942920.0,0.91,11.08,10.98,11.0,11.02,0.24,13.29,1.43
120,121,000915,华特达因,31.0,-0.16,-0.05,5430,16840682.0,0.93,31.12,30.83,30.97,31.05,0.23,10.94,2.66
121,122,605507,国邦医药,20.28,-0.25,-0.05,4040,8223752.0,0.89,20.43,20.25,20.31,20.33,0.13,14.68,1.45
122,123,002399,海普瑞,11.25,-0.27,-0.03,9583,10821572.0,1.86,11.37,11.16,11.23,11.28,0.08,12.44,1.36
123,124,688513,苑东生物,37.07,-0.35,-0.13,2319,8649220.0,2.18,37.62,36.81,36.96,37.2,0.13,22.34,2.45
124,125,900917,海欣Ｂ股,0.272,-0.37,-0.001,2729,73531.0,2.2,0.273,0.267,0.273,0.273,0.06,11.49,0.6
125,126,603229,奥翔药业,9.0,-0.44,-0.04,22731,20492942.0,1.55,9.09,8.95,9.0,9.04,0.27,20.78,3.22
126,127,688356,键凯科技,60.38,-0.45,-0.27,618,3731808.0,2.47,61.0,59.5,60.35,60.65,0.1,65.48,2.9
127,128,300452,山河药辅,12.45,-0.48,-0.06,13707,17135678.5,1.6,12.58,12.38,12.48,12.51,0.73,17.88,3.34
128,129,900904,神奇B股,0.584,-0.51,-0.003,281,16486.0,2.04,0.592,0.58,0.58,0.587,0.05,29.37,0.96
129,130,002082,万邦德,5.52,-0.54,-0.03,76152,42550100.0,4.32,5.71,5.47,5.47,5.55,1.23,45.14,1.26
130,131,002923,润都股份,9.67,-0.62,-0.06,7802,7601125.59,2.06,9.82,9.62,9.7,9.73,0.3,42.83,2.82
131,132,688117,圣诺生物,28.99,-0.99,-0.29,5498,15998803.0,2.15,29.43,28.8,29.2,29.28,0.49,74.51,3.68
132,133,688799,华纳药厂,43.35,-1.32,-0.58,3215,13946413.0,1.39,43.76,43.15,43.26,43.93,0.34,18.03,2.32
133,134,300636,同和药业,8.69,-1.47,-0.13,36921,32347440.0,2.61,8.87,8.64,8.76,8.82,1.01,28.7,1.59
134,135,000513,丽珠集团,37.79,-1.97,-0.76,21020,79610577.1,1.66,38.26,37.62,38.18,38.55,0.35,15.71,2.47
135,136,000597,东北制药,4.83,-2.03,-0.1,70123,34043696.96,1.83,4.9,4.81,4.85,4.93,0.5,24.89,1.33
136,137,600613,神奇制药,6.75,-2.03,-0.14,105634,71873072.0,4.06,6.99,6.71,6.71,6.89,2.2,47.64,1.55
137,138,600079,人福医药,21.74,-2.16,-0.48,49416,108351013.0,2.12,22.2,21.73,22.1,22.22,0.32,15.97,2.08
138,139,600276,恒瑞医药,49.21,-2.92,-1.48,159211,791296668.0,2.96,50.6,49.1,50.6,50.69,0.25,45.74,7.36
139,140,600216,浙江医药,16.47,-3.35,-0.57,98755,165384012.0,5.93,17.34,16.33,17.07,17.04,1.03,25.11,1.59
140,141,603351,威尔药业,26.0,-3.42,-0.92,5232,13755672.0,4.68,26.92,25.66,26.92,26.92,0.39,23.39,2.11
141,142,002001,新 和 成,23.43,-4.05,-0.99,262357,629828451.67,6.63,25.0,23.38,24.98,24.42,0.86,13.61,2.64
142,143,688166,博瑞医药,31.9,-4.2,-1.4,50129,162236329.0,4.65,33.26,31.71,33.19,33.3,1.19,63.35,5.83
143,144,603168,莎普爱思,8.03,-5.53,-0.47,157551,128232331.0,4.71,8.4,8.0,8.4,8.5,4.88,-61.59,1.8
144,145,300255,常山药业,20.72,-5.69,-1.25,277165,584343792.54,7.65,22.18,20.5,20.88,21.97,3.03,-203.0,10.79
