,序号,代码,名称,最新价,涨跌幅,涨跌额,成交量,成交额,振幅,最高,最低,今开,昨收,换手率,市盈率-动态,市净率
0,1,830896,旺成科技,13.5,29.93,3.11,66861.0,90259087.62,2.02,13.5,13.29,13.5,10.39,15.06,47.28,3.41
1,2,300024,机器人,15.46,20.03,2.58,931324.0,1358627509.58,19.49,15.46,12.95,12.95,12.88,6.08,-182.04,5.57
2,3,301596,瑞迪智驱,106.98,20.0,17.83,34887.0,361577497.94,8.95,106.98,99.0,100.0,89.15,25.32,60.25,7.34
3,4,300607,拓斯达,14.66,19.97,2.44,165302.0,235880684.18,16.45,14.66,12.65,12.65,12.22,5.79,517.64,2.71
4,5,920002,万达轴承,69.9,19.88,11.59,8049.0,54311325.54,20.08,71.18,59.47,59.47,58.31,16.95,37.83,3.38
5,6,430510,丰光精密,22.5,19.74,3.71,57906.0,127544602.05,20.17,23.79,20.0,20.0,18.79,6.61,141.49,10.34
6,7,688017,绿的谐波,101.97,15.22,13.47,38284.0,370515464.0,11.49,101.97,91.8,91.8,88.5,2.27,219.38,8.49
7,8,835579,机科股份,21.52,14.41,2.71,27597.0,56646177.85,16.21,21.95,18.9,19.22,18.81,6.19,258.73,5.38
8,9,300503,昊志机电,18.3,13.03,2.11,255394.0,449837764.74,12.66,18.74,16.69,16.69,16.19,10.68,51.97,4.72
9,10,430418,苏轴股份,24.91,12.87,2.84,22155.0,52460018.25,12.87,24.99,22.15,22.15,22.07,3.09,21.51,4.3
10,11,301368,丰立智能,54.25,12.86,6.18,75406.0,393069138.7,10.63,55.0,49.89,49.98,48.07,11.76,308.82,6.68
11,12,836720,吉冈精密,16.76,11.73,1.76,44179.0,72816480.48,10.27,16.9,15.36,15.82,15.0,8.91,54.12,6.88
12,13,688165,埃夫特-U,10.22,11.33,1.04,51690.0,51438559.0,12.75,10.37,9.2,9.2,9.18,0.99,-37.94,3.14
13,14,300780,德恩精工,16.5,10.15,1.52,68038.0,110552225.0,8.74,16.93,15.62,15.62,14.98,6.49,-48.9,2.11
14,15,002747,埃斯顿,16.13,10.03,1.47,223189.0,353269226.14,8.73,16.13,14.85,14.86,14.66,2.84,-157.71,5.41
15,16,001306,夏厦精密,52.03,10.0,4.73,9214.0,47670501.52,9.56,52.03,47.51,47.51,47.3,5.94,50.69,2.45
16,17,002896,中大力德,32.47,9.99,2.95,79201.0,252418125.81,8.4,32.47,29.99,29.99,29.52,5.24,64.66,4.24
17,18,000837,秦川机床,9.37,9.98,0.85,239252.0,218012880.5,9.27,9.37,8.58,8.58,8.52,2.46,126.33,1.97
18,19,600215,派斯林,7.28,9.97,0.66,163918.0,116952178.0,9.06,7.28,6.68,6.68,6.62,3.59,29.58,1.69
19,20,301255,通力科技,32.34,9.96,2.93,15227.0,47962219.75,9.35,32.45,29.7,29.7,29.41,5.6,60.47,3.41
20,21,900910,海立Ｂ股,0.433,9.9,0.039,29203.0,1257279.0,3.3,0.433,0.42,0.42,0.394,1.03,107.55,0.53
21,22,300421,力星股份,10.81,9.86,0.97,144173.0,154268370.8,14.02,11.38,10.0,10.02,9.84,6.26,47.0,2.55
22,23,601002,晋亿实业,4.71,8.78,0.38,446051.0,208316657.0,10.62,4.76,4.3,4.31,4.33,4.67,41.38,1.09
23,24,301032,新柴股份,13.17,8.04,0.98,146432.0,187781557.7,6.73,13.22,12.4,12.46,12.19,9.23,50.93,2.79
24,25,603667,五洲新春,18.5,7.5,1.29,68439.0,123811142.0,5.58,18.54,17.58,17.6,17.21,1.87,51.74,2.31
25,26,301261,恒工精密,41.02,7.27,2.78,24924.0,100602730.19,4.45,41.2,39.5,39.8,38.24,6.58,28.13,2.31
26,27,873570,坤博精工,36.19,7.07,2.39,5572.0,19848878.22,9.62,37.0,33.75,33.75,33.8,3.98,71.29,4.74
27,28,300809,华辰装备,23.55,6.85,1.51,24934.0,57675774.8,7.4,23.78,22.15,22.15,22.04,1.78,76.72,3.72
28,29,603082,北自科技,34.39,6.67,2.15,18988.0,63881153.0,6.27,34.5,32.48,32.5,32.24,5.85,34.36,3.67
29,30,002520,日发精机,5.42,6.48,0.33,147960.0,78025620.5,6.88,5.43,5.08,5.14,5.09,2.29,-49.16,3.92
30,31,603915,国茂股份,10.16,6.28,0.6,47744.0,47706877.0,7.11,10.21,9.53,9.56,9.56,0.73,24.08,1.86
31,32,301603,乔锋智能,44.73,6.25,2.63,12966.0,57105057.85,6.34,44.9,42.23,42.26,42.1,5.65,26.88,2.57
32,33,002965,祥鑫科技,28.99,6.23,1.7,31178.0,89576237.34,8.02,29.49,27.3,27.39,27.29,2.04,16.5,1.45
33,34,300161,华中数控,28.08,6.08,1.61,24856.0,68369735.43,5.97,28.12,26.54,26.81,26.47,1.28,-62.4,3.52
34,35,301107,瑜欣电子,27.23,5.99,1.54,5264.0,14049293.08,7.47,27.63,25.71,25.94,25.69,2.51,32.72,2.17
35,36,300488,恒锋工具,23.63,5.96,1.33,12090.0,28025260.0,5.92,23.63,22.31,22.31,22.3,0.88,30.38,2.81
36,37,002444,巨星科技,31.16,5.77,1.7,95427.0,292867156.02,4.75,31.3,29.9,29.9,29.46,0.83,14.52,2.27
37,38,300817,双飞集团,14.14,5.68,0.76,27245.0,38091452.58,6.28,14.28,13.44,13.44,13.38,2.19,47.15,3.04
38,39,300992,泰福泵业,20.23,5.64,1.08,13944.0,27822307.54,8.36,20.61,19.01,19.01,19.15,1.92,70.39,2.5
39,40,000410,沈阳机床,8.36,5.56,0.44,222010.0,180184699.58,7.7,8.38,7.77,7.82,7.92,1.32,-105.03,18.69
40,41,873169,七丰精工,14.73,5.52,0.77,13650.0,19950853.02,6.59,14.92,14.0,14.16,13.96,2.7,114.41,3.87
41,42,300853,申昊科技,17.83,5.5,0.93,24147.0,42329935.0,6.69,17.95,16.82,16.82,16.9,2.19,-16.58,3.05
42,43,002931,锋龙股份,11.6,5.45,0.6,38590.0,44189855.8,7.09,11.68,10.9,11.12,11.0,2.07,1502.74,3.36
43,44,002903,宇环数控,17.57,5.34,0.89,27068.0,46828004.0,5.4,17.59,16.69,16.69,16.68,2.63,153.79,3.48
44,45,300083,创世纪,7.9,5.33,0.4,258640.0,201176039.8,5.87,7.94,7.5,7.51,7.5,1.73,48.92,2.57
45,46,688577,浙海德曼,34.32,5.28,1.72,3637.0,12163882.0,5.77,34.49,32.61,33.0,32.6,0.48,118.03,2.71
46,47,301525,儒竞科技,55.27,5.2,2.73,5827.0,31703767.9,5.22,55.35,52.61,52.61,52.54,1.18,26.28,1.65
47,48,301279,金道科技,20.16,5.11,0.98,9232.0,18276223.2,7.56,20.59,19.14,19.14,19.18,3.21,46.39,1.54
48,49,603278,大业股份,6.62,5.08,0.32,46509.0,29996739.0,7.14,6.64,6.19,6.26,6.3,1.36,-15.76,1.05
49,50,830839,万通液压,14.8,4.82,0.68,4315.0,6327215.56,5.24,14.97,14.23,14.23,14.12,0.66,17.52,3.21
50,51,301029,怡合达,25.94,4.6,1.14,24967.0,63443043.6,7.94,26.05,24.08,24.5,24.8,0.62,37.59,4.08
51,52,688558,国盛智科,21.13,4.5,0.91,4327.0,8981787.0,5.69,21.18,20.03,20.03,20.22,0.33,21.06,1.74
52,53,002164,宁波东力,5.11,4.5,0.22,59960.0,30060012.0,6.13,5.15,4.85,4.86,4.89,1.25,47.74,1.98
53,54,301548,崇德科技,51.33,4.48,2.2,4446.0,22503483.1,7.73,51.68,47.88,47.88,49.13,1.88,39.28,3.06
54,55,300430,诚益通,15.13,4.42,0.64,71371.0,107543167.1,5.18,15.31,14.56,14.56,14.49,2.76,31.6,1.85
55,56,600114,东睦股份,17.64,4.32,0.73,127942.0,223675850.0,3.31,17.66,17.1,17.1,16.91,2.08,29.48,4.05
56,57,601882,海天精工,22.54,4.3,0.93,17209.0,38540358.0,4.77,22.74,21.71,21.71,21.61,0.33,21.85,4.56
57,58,836699,海达尔,36.77,4.25,1.5,3513.0,12676434.8,5.59,36.95,34.98,35.0,35.27,2.78,23.27,5.98
58,59,688697,纽威数控,17.98,4.23,0.73,14848.0,26283816.0,5.57,18.05,17.09,17.1,17.25,0.45,19.36,3.58
59,60,002559,亚威股份,9.42,4.2,0.38,114073.0,105945692.0,5.31,9.46,8.98,8.98,9.04,2.28,38.13,2.89
60,61,688433,华曙高科,19.25,4.11,0.76,3518.0,6701134.0,4.6,19.36,18.51,18.7,18.49,0.19,136.52,4.15
61,62,002008,大族激光,26.0,4.04,1.01,119473.0,304547639.1,4.92,26.01,24.78,24.79,24.99,1.22,14.39,1.72
62,63,002347,泰尔股份,4.67,4.01,0.18,102194.0,47290151.82,4.45,4.7,4.5,4.51,4.49,2.07,-112.04,2.0
63,64,603699,纽威股份,23.47,3.94,0.89,14752.0,34159510.0,5.09,23.53,22.38,22.52,22.58,0.2,16.18,4.54
64,65,301377,鼎泰高科,20.55,3.79,0.75,9659.0,19651406.0,3.38,20.6,19.93,19.99,19.8,1.36,36.69,3.48
65,66,688557,兰剑智能,20.0,3.68,0.71,4063.0,8042163.0,5.13,20.09,19.1,19.1,19.29,0.4,24.13,1.82
66,67,300700,岱勒新材,8.24,3.65,0.29,112905.0,91376517.77,10.82,8.55,7.69,7.85,7.95,4.29,-28.33,2.86
67,68,688251,井松智能,18.22,3.58,0.63,2830.0,5034645.0,4.38,18.24,17.47,17.58,17.59,0.55,36.02,1.9
68,69,300988,津荣天宇,18.9,3.56,0.65,16240.0,30434710.0,5.15,19.0,18.06,18.06,18.25,1.51,32.69,2.23
69,70,301252,同星科技,27.15,3.55,0.93,5520.0,14824464.59,3.39,27.21,26.32,26.41,26.22,1.69,23.43,2.64
70,71,301268,铭利达,18.4,3.55,0.63,5880.0,10707899.0,4.78,18.5,17.65,17.65,17.77,0.33,-57.44,3.29
71,72,688028,沃尔德,18.21,3.52,0.62,6941.0,12501660.0,4.09,18.34,17.62,17.7,17.59,0.48,27.13,1.43
72,73,300946,恒而达,27.87,3.49,0.94,3338.0,9178931.6,4.46,28.0,26.8,27.14,26.93,0.59,31.75,2.85
73,74,688003,天准科技,37.09,3.46,1.24,6551.0,23969905.0,4.63,37.2,35.54,35.55,35.85,0.34,-393.23,4.0
74,75,300971,博亚精工,20.76,3.39,0.68,8320.0,17091006.0,3.49,20.85,20.15,20.25,20.08,1.27,36.18,1.76
75,76,831689,克莱特,17.56,3.29,0.56,4632.0,8152102.43,4.88,17.93,17.1,17.1,17.0,1.32,20.12,2.8
76,77,001380,华纬科技,24.21,3.28,0.77,5765.0,13839832.56,4.14,24.32,23.35,23.4,23.44,0.97,21.65,2.74
77,78,003025,思进智能,14.79,3.28,0.47,19820.0,29062261.0,3.77,14.84,14.3,14.37,14.32,1.0,17.17,3.05
78,79,872808,曙光数创,63.0,3.28,2.0,8140.0,50973929.4,5.56,63.68,60.29,60.31,61.0,0.42,-2057.48,19.41
79,80,300154,瑞凌股份,6.95,3.27,0.22,24212.0,16668329.0,3.42,6.96,6.73,6.73,6.73,0.77,16.38,1.78
80,81,002046,国机精工,11.4,3.26,0.36,46128.0,52041050.0,3.99,11.44,11.0,11.08,11.04,0.88,22.11,1.78
81,82,002426,胜利精密,2.25,3.21,0.07,264160.0,58684175.0,4.13,2.26,2.17,2.18,2.18,0.78,-200.44,2.32
82,83,601369,陕鼓动力,9.06,3.19,0.28,52215.0,46773454.0,3.64,9.09,8.77,8.81,8.78,0.31,17.6,1.84
83,84,832885,星辰科技,13.93,3.19,0.43,14505.0,20272930.24,4.67,14.25,13.62,13.75,13.5,1.68,147.14,6.31
84,85,301079,邵阳液压,16.4,3.14,0.5,16445.0,26757086.88,3.96,16.46,15.83,15.9,15.9,2.39,79.42,3.66
85,86,871396,常辅股份,16.66,3.09,0.5,5141.0,8532728.02,3.9,16.88,16.25,16.45,16.16,1.22,29.81,3.21
86,87,300095,华伍股份,7.57,2.99,0.22,73086.0,54181077.69,6.39,7.67,7.2,7.32,7.35,2.18,98.88,1.56
87,88,603270,金帝股份,18.26,2.99,0.53,7707.0,13916234.0,3.21,18.35,17.78,17.84,17.73,1.41,35.96,1.85
88,89,603325,博隆技术,70.14,2.98,2.03,1510.0,10483116.0,3.36,70.4,68.11,68.11,68.11,0.91,20.71,2.0
89,90,603088,宁波精达,7.78,2.91,0.22,21004.0,16116095.0,3.57,7.78,7.51,7.51,7.56,0.48,21.53,4.67
90,91,300193,佳士科技,9.32,2.87,0.26,21319.0,19630233.3,2.98,9.32,9.05,9.07,9.06,0.49,19.14,2.03
91,92,301137,哈焊华通,19.18,2.79,0.52,16972.0,32242259.0,5.2,19.39,18.42,18.66,18.66,1.67,154.26,2.62
92,93,002884,凌霄泵业,21.08,2.78,0.57,10373.0,21748504.31,4.49,21.27,20.35,20.37,20.51,0.38,17.13,3.41
93,94,603339,四方科技,13.75,2.77,0.37,128667.0,177032819.0,10.99,14.19,12.72,12.72,13.38,4.16,17.3,1.69
94,95,688305,科德数控,72.44,2.75,1.94,4502.0,32439416.0,3.26,72.86,70.56,70.56,70.5,0.44,76.47,4.17
95,96,003043,华亚智能,48.21,2.75,1.29,6644.0,31599502.0,3.47,48.22,46.59,46.99,46.92,1.36,47.96,2.54
96,97,600592,龙溪股份,10.22,2.71,0.27,29387.0,29777811.0,2.21,10.23,10.01,10.04,9.95,0.74,18.49,1.62
97,98,688308,欧科亿,18.98,2.71,0.5,4938.0,9275163.0,3.79,19.05,18.35,18.46,18.48,0.31,25.16,1.17
98,99,603131,上海沪工,17.03,2.65,0.44,35815.0,60179376.0,4.16,17.12,16.43,16.52,16.59,1.13,86.43,4.37
99,100,870508,丰安股份,12.43,2.64,0.32,1938.0,2388825.21,3.14,12.5,12.12,12.12,12.11,0.47,21.88,1.69
100,101,002158,汉钟精机,18.69,2.64,0.48,26793.0,49767635.18,2.91,18.77,18.24,18.28,18.21,0.5,10.39,2.46
101,102,831855,浙江大农,12.08,2.63,0.31,1369.0,1628875.13,3.48,12.14,11.73,11.75,11.77,0.52,26.99,1.66
102,103,301448,开创电气,21.19,2.62,0.54,3338.0,7013748.5,2.86,21.24,20.65,20.65,20.65,0.7,30.17,3.16
103,104,000530,冰山冷热,4.73,2.6,0.12,78259.0,36867767.93,2.82,4.76,4.63,4.66,4.61,1.3,31.63,1.28
104,105,002943,宇晶股份,20.99,2.59,0.53,10508.0,21759734.23,3.62,21.04,20.3,20.43,20.46,0.87,101.21,3.39
105,106,301399,英特科技,20.26,2.58,0.51,3869.0,7766380.0,2.89,20.29,19.72,19.9,19.75,1.21,46.01,1.97
106,107,603308,应流股份,14.35,2.57,0.36,30276.0,43174244.0,2.86,14.42,14.02,14.02,13.99,0.45,32.22,2.13
107,108,300943,春晖智控,12.8,2.56,0.32,8272.0,10486406.0,2.72,12.82,12.48,12.48,12.48,0.66,49.57,2.72
108,109,873679,前进科技,18.05,2.56,0.45,8297.0,15163877.19,3.86,18.59,17.91,18.08,17.6,5.09,40.71,2.02
109,110,002871,伟隆股份,9.37,2.52,0.23,7575.0,7032267.16,2.63,9.4,9.16,9.21,9.14,0.63,17.24,2.65
110,111,301311,昆船智能,20.4,2.46,0.49,10953.0,22054177.0,2.71,20.4,19.86,20.0,19.91,1.26,-588.08,2.67
111,112,002026,山东威达,9.19,2.45,0.22,18979.0,17282689.0,3.01,9.2,8.93,8.97,8.97,0.44,15.4,1.15
112,113,600421,华嵘控股,9.65,2.44,0.23,10440.0,9981414.0,2.02,9.68,9.49,9.5,9.42,0.53,-514.49,204.8
113,114,301125,腾亚精工,10.63,2.41,0.25,14690.0,15455931.0,4.24,10.69,10.25,10.48,10.38,2.49,201.92,2.5
114,115,300606,金太阳,22.02,2.37,0.51,14707.0,32024826.04,4.93,22.16,21.1,21.1,21.51,1.23,113.45,4.41
115,116,688333,铂力特,46.3,2.37,1.07,10948.0,49888106.0,3.1,46.3,44.9,45.3,45.23,0.4,353.58,2.61
116,117,833943,优机股份,14.32,2.36,0.33,5188.0,7446874.51,5.5,14.6,13.83,13.83,13.99,1.26,23.55,2.5
117,118,300257,开山股份,9.55,2.36,0.22,37736.0,35797658.0,3.64,9.62,9.28,9.28,9.33,0.4,32.31,1.5
118,119,300885,海昌新材,10.93,2.34,0.25,37025.0,39557184.79,5.81,10.98,10.36,10.5,10.68,2.18,44.96,3.24
119,120,000816,智慧农业,2.66,2.31,0.06,177724.0,47360380.0,3.08,2.7,2.62,2.62,2.6,1.24,92.51,1.79
120,121,301353,普莱得,27.87,2.24,0.61,3036.0,8377478.0,3.96,27.89,26.81,27.0,27.26,1.21,28.67,1.68
121,122,603109,神驰机电,15.67,2.22,0.34,21984.0,34135136.0,3.78,15.76,15.18,15.18,15.33,1.05,18.28,1.77
122,123,603315,福鞍股份,9.7,2.21,0.21,8072.0,7757863.0,2.53,9.72,9.48,9.49,9.49,0.26,28.05,1.92
123,124,300260,新莱应材,25.75,2.18,0.55,46450.0,116724506.68,5.32,25.84,24.5,24.58,25.2,1.61,39.77,5.44
124,125,600243,青海华鼎,4.36,2.11,0.09,30877.0,13368232.0,3.28,4.38,4.24,4.27,4.27,0.7,-81.45,2.69
125,126,873833,美心翼申,12.13,2.1,0.25,4573.0,5517085.95,3.62,12.23,11.8,11.98,11.88,1.44,38.7,1.65
126,127,300179,四方达,8.32,2.09,0.17,19461.0,16041922.44,2.21,8.33,8.15,8.15,8.15,0.52,32.27,3.39
127,128,301028,东亚机械,11.36,2.07,0.23,7651.0,8616892.0,2.34,11.37,11.11,11.15,11.13,0.31,17.77,3.01
128,129,000880,潍柴重机,10.43,2.05,0.21,16015.0,16580041.0,2.35,10.47,10.23,10.24,10.22,0.99,17.94,1.7
129,130,301446,福事特,20.97,2.04,0.42,3692.0,7668834.6,3.02,21.08,20.46,20.78,20.55,1.42,31.83,1.96
130,131,300092,科新机电,12.12,2.02,0.24,17067.0,20531184.0,2.86,12.16,11.82,11.82,11.88,0.81,17.4,2.07
131,132,603269,海鸥股份,9.62,2.01,0.19,15141.0,14463524.0,3.39,9.68,9.36,9.39,9.43,0.69,38.86,2.07
132,133,688059,华锐精密,47.4,1.98,0.92,2246.0,10536106.0,3.31,47.51,45.97,46.84,46.48,0.36,28.53,2.45
133,134,002639,雪人股份,6.25,1.96,0.12,38199.0,23633603.25,2.28,6.25,6.11,6.11,6.13,0.59,107.85,1.96
134,135,832662,方盛股份,15.12,1.96,0.29,5539.0,8300832.91,5.33,15.29,14.5,14.5,14.83,2.25,40.36,2.96
135,136,603391,力聚热能,42.95,1.92,0.81,5434.0,23273544.0,2.23,43.33,42.39,42.39,42.14,2.44,20.57,1.98
136,137,605123,派克新材,56.74,1.92,1.07,2493.0,14032617.0,1.96,56.75,55.66,55.67,55.67,0.21,20.88,1.57
137,138,001268,联合精密,17.59,1.91,0.33,2262.0,3943826.0,2.9,17.6,17.1,17.1,17.26,0.56,28.36,1.91
138,139,603090,宏盛股份,16.17,1.83,0.29,3855.0,6178596.0,2.9,16.25,15.79,16.18,15.88,0.39,25.39,2.8
139,140,900925,机电Ｂ股,1.069,1.81,0.019,1407.0,149365.0,2.29,1.069,1.045,1.05,1.05,0.07,7.89,0.57
140,141,300985,致远新能,18.59,1.81,0.33,7342.0,13542103.19,2.85,18.63,18.11,18.2,18.26,0.39,54.91,2.86
141,142,603277,银都股份,24.33,1.8,0.43,3107.0,7525135.0,2.05,24.35,23.86,23.86,23.9,0.07,16.17,3.52
142,143,002598,山东章鼓,8.67,1.76,0.15,14851.0,12791052.0,2.35,8.69,8.49,8.58,8.52,0.53,19.94,2.22
143,144,002282,博深股份,6.94,1.76,0.12,16731.0,11512718.0,1.91,6.95,6.82,6.83,6.82,0.33,16.64,1.04
144,145,002122,汇洲智能,3.04,1.67,0.05,287880.0,86627194.0,3.68,3.06,2.95,2.98,2.99,1.45,66.4,2.6
145,146,603331,百达精工,9.31,1.64,0.15,4629.0,4298896.0,2.4,9.38,9.16,9.16,9.16,0.23,65.9,1.49
146,147,300263,隆华科技,6.93,1.61,0.11,27877.0,19179427.0,2.2,6.94,6.79,6.79,6.82,0.37,30.38,1.99
147,148,688379,华光新材,22.9,1.6,0.36,6001.0,13472938.0,3.9,22.94,22.06,22.31,22.54,0.67,19.54,2.08
148,149,002438,江苏神通,12.9,1.57,0.2,25402.0,32482342.36,3.54,12.96,12.51,12.72,12.7,0.54,21.55,1.91
149,150,300470,中密控股,36.16,1.57,0.56,6091.0,21841982.8,2.7,36.29,35.33,35.5,35.6,0.32,20.84,2.95
150,151,301202,朗威股份,31.71,1.57,0.49,5846.0,18466152.0,4.13,31.98,30.69,31.21,31.22,1.57,58.36,3.65
151,152,603757,大元泵业,19.52,1.56,0.3,2237.0,4338576.0,1.77,19.55,19.21,19.22,19.22,0.13,12.6,2.12
152,153,300441,鲍斯股份,9.18,1.55,0.14,66868.0,60743086.51,2.99,9.23,8.96,9.0,9.04,1.07,6.31,2.49
153,154,300126,锐奇股份,5.41,1.5,0.08,11642.0,6252881.0,2.25,5.42,5.3,5.36,5.33,0.55,-78.88,1.54
154,155,605100,华丰股份,12.2,1.5,0.18,3682.0,4472690.0,1.41,12.22,12.05,12.05,12.02,0.22,29.84,1.15
155,156,688360,德马科技,15.16,1.47,0.22,4753.0,7142883.0,2.21,15.16,14.83,15.02,14.94,0.27,18.34,2.02
156,157,603969,银龙股份,5.66,1.43,0.08,37545.0,21192196.0,3.23,5.74,5.56,5.59,5.58,0.45,21.51,2.05
157,158,833455,汇隆活塞,7.86,1.42,0.11,7942.0,6184592.03,4.65,7.96,7.6,7.6,7.75,1.56,35.97,4.08
158,159,301317,鑫磊股份,21.0,1.35,0.28,2667.0,5567605.0,2.75,21.12,20.55,20.86,20.72,0.6,69.37,3.21
159,160,300554,三超新材,28.77,1.34,0.38,63900.0,180108837.3,9.51,29.5,26.8,28.1,28.39,8.11,-52.82,4.38
160,161,605259,绿田机械,15.04,1.14,0.17,4265.0,6353022.0,3.43,15.14,14.63,14.77,14.87,0.25,14.02,1.57
161,162,688355,明志科技,16.82,1.14,0.19,2842.0,4736340.0,2.53,16.82,16.4,16.4,16.63,0.23,29.55,1.97
162,163,600860,京城股份,9.24,1.09,0.1,10640.0,9762542.0,2.3,9.28,9.07,9.07,9.14,0.24,-236.22,4.79
163,164,000811,冰轮环境,10.31,1.08,0.11,33579.0,34553671.77,2.06,10.38,10.17,10.22,10.2,0.45,12.46,1.34
164,165,300984,金沃股份,27.88,1.01,0.28,3327.0,9101414.0,6.38,28.18,26.42,27.32,27.6,0.72,75.18,3.23
165,166,300990,同飞股份,34.22,1.0,0.34,7543.0,25450699.8,4.07,34.45,33.07,33.78,33.88,1.79,61.85,3.24
166,167,000039,中集集团,8.6,0.94,0.08,78055.0,66499568.62,2.58,8.63,8.41,8.49,8.52,0.34,19.03,0.99
167,168,300145,中金环境,3.23,0.94,0.03,108766.0,34780273.8,2.5,3.24,3.16,3.2,3.2,0.57,18.48,2.35
168,169,002342,巨力索具,3.41,0.89,0.03,28451.0,9654642.02,1.18,3.41,3.37,3.37,3.38,0.3,-659.37,1.33
169,170,000890,法尔胜,3.41,0.89,0.03,54613.0,18469920.0,3.85,3.44,3.31,3.4,3.38,1.3,-25.94,18.49
170,171,603617,君禾股份,5.86,0.86,0.05,15637.0,9107078.0,1.89,5.87,5.76,5.81,5.81,0.41,27.78,1.55
171,172,301559,中集环科,16.58,0.85,0.14,3297.0,5448936.09,1.7,16.63,16.35,16.35,16.44,0.37,41.42,2.17
172,173,300091,金通灵,2.55,0.79,0.02,102628.0,25925436.0,3.56,2.57,2.48,2.51,2.53,0.77,-20.29,2.05
173,174,603187,海容冷链,11.42,0.71,0.08,13327.0,15087245.0,1.68,11.43,11.24,11.34,11.34,0.34,12.17,1.09
174,175,002686,亿利达,6.04,0.67,0.04,41284.0,24657030.0,2.67,6.06,5.9,5.97,6.0,0.79,55.21,2.08
175,176,301151,冠龙节能,15.49,0.65,0.1,5633.0,8663405.0,1.69,15.52,15.26,15.3,15.39,1.03,87.85,1.29
176,177,200530,冰山B,1.68,0.6,0.01,2120.0,350955.4,1.8,1.68,1.65,1.65,1.67,0.09,10.13,0.41
177,178,301309,万得凯,26.91,0.6,0.16,1092.0,2931228.0,1.98,27.09,26.56,26.82,26.75,0.44,17.43,1.77
178,179,002150,通润装备,14.7,0.55,0.08,67110.0,97254830.18,3.69,14.74,14.2,14.7,14.62,1.89,37.29,3.01
179,180,605060,联德股份,14.97,0.54,0.08,2760.0,4123051.0,1.61,15.02,14.78,14.9,14.89,0.11,18.51,1.58
180,181,688455,科捷智能,9.76,0.51,0.05,1474.0,1432524.0,2.16,9.8,9.59,9.71,9.71,0.11,-23.53,1.67
181,182,000777,中核科技,17.53,0.4,0.07,38735.0,67549505.0,2.63,17.67,17.21,17.35,17.46,1.01,43.69,3.31
182,183,873576,天力复合,25.08,0.4,0.1,11233.0,28511528.99,9.37,26.54,24.2,25.6,24.98,1.05,46.21,6.17
183,184,603173,福斯达,23.82,0.34,0.08,7329.0,17431820.0,1.73,23.97,23.56,23.74,23.74,1.48,13.77,2.38
184,185,900947,振华Ｂ股,0.237,0.0,0.0,2479.0,58790.0,0.84,0.238,0.236,0.236,0.237,0.01,15.16,0.58
185,186,900920,动力Ｂ股,0.194,0.0,0.0,3477.0,67379.0,4.64,0.198,0.189,0.191,0.194,0.1,-1.12,0.44
186,187,600558,大西洋,4.08,0.0,0.0,31760.0,13017554.0,1.23,4.13,4.08,4.13,4.08,0.35,31.87,1.6
187,188,200771,杭汽轮Ｂ,,,,,,,,,,8.17,0.0,34.24,1.02
188,189,200706,瓦轴B,2.87,0.0,0.0,30.0,8642.0,1.05,2.9,2.87,2.9,2.87,0.0,-16.18,3.22
189,190,002552,宝鼎科技,12.47,0.0,0.0,16022.0,19816047.0,1.92,12.5,12.26,12.41,12.47,0.5,33.95,3.22
190,191,002132,恒星科技,2.78,0.0,0.0,36542.0,10144446.0,1.44,2.8,2.76,2.78,2.78,0.26,157.01,1.07
191,192,001379,腾达科技,24.91,-0.08,-0.02,28849.0,70096374.0,6.02,25.17,23.67,24.5,24.93,5.77,64.89,3.43
192,193,300278,华昌达,5.64,-0.18,-0.01,461240.0,254806103.56,11.33,5.73,5.09,5.49,5.65,3.32,77.51,4.48
193,194,603028,赛福天,6.85,-0.58,-0.04,15850.0,10821421.0,2.9,6.92,6.72,6.84,6.89,0.55,-53.29,2.95
194,195,300420,五洋自控,2.89,-0.69,-0.02,100161.0,28663732.8,2.75,2.9,2.82,2.89,2.91,0.9,-197.41,1.35
195,196,688448,磁谷科技,35.0,-0.82,-0.29,19690.0,69577897.0,13.6,37.29,32.49,36.18,35.29,4.1,92.3,2.5
196,197,002760,凤形股份,20.71,-0.86,-0.18,9165.0,18954145.0,5.07,21.27,20.21,20.8,20.89,0.85,117.43,2.53
197,198,000969,安泰科技,11.18,-0.89,-0.1,272300.0,308591150.59,4.79,11.66,11.12,11.66,11.28,2.65,25.91,2.15
198,199,002445,中南文化,2.19,-0.9,-0.02,69273.0,15306596.0,1.81,2.23,2.19,2.22,2.21,0.29,110.35,2.4
199,200,200570,苏常柴Ｂ,1.98,-1.0,-0.02,103.0,20450.0,0.5,1.99,1.98,1.99,2.0,0.01,20.39,0.37
200,201,001225,和泰机电,33.81,-1.14,-0.39,811.0,2739197.0,1.96,34.18,33.51,34.18,34.2,0.39,38.61,1.55
201,202,002480,新筑股份,4.89,-1.21,-0.06,33740.0,16541565.0,1.21,4.94,4.88,4.91,4.95,0.44,-11.08,3.23
202,203,688648,中邮科技,24.9,-1.31,-0.33,5085.0,12501995.0,5.35,25.23,23.88,25.23,25.23,1.66,-36.8,2.07
203,204,301273,瑞晨环保,18.08,-1.53,-0.28,11611.0,20737928.0,5.23,18.4,17.44,18.4,18.36,3.35,-23.13,1.36
204,205,900924,上工Ｂ股,0.366,-1.88,-0.007,11685.0,423153.0,4.02,0.369,0.354,0.369,0.373,0.48,-35.4,0.57
205,206,301055,张小泉,14.55,-1.95,-0.29,28382.0,41132608.0,5.93,15.0,14.12,14.9,14.84,1.82,98.97,3.62
206,207,601177,杭齿前进,8.8,-2.22,-0.2,32108.0,28079321.0,3.11,8.91,8.63,8.91,9.0,0.8,14.23,1.4
207,208,600992,贵绳股份,16.78,-2.33,-0.4,31631.0,52891811.0,2.04,16.95,16.6,16.6,17.18,1.29,-133.2,2.8
208,209,002795,永和智控,4.38,-2.45,-0.11,129941.0,56502633.7,4.01,4.44,4.26,4.26,4.49,2.99,-19.22,2.62
209,210,300080,易成新能,5.59,-2.95,-0.17,350273.0,194548924.5,9.9,5.87,5.3,5.64,5.76,1.87,-19.7,1.94
210,211,873305,九菱科技,29.74,-6.83,-2.18,41145.0,133140507.14,24.87,36.0,28.06,36.0,31.92,11.34,81.32,5.98
211,212,002685,华东重机,8.32,-9.96,-0.92,59825.0,49774400.0,0.0,8.32,8.32,8.32,9.24,0.59,185.85,5.73
212,213,002514,宝馨科技,8.31,-9.97,-0.92,58083.0,48266973.0,0.0,8.31,8.31,8.31,9.23,1.05,-27.15,7.6
213,214,002633,申科股份,11.29,-9.97,-1.25,12707.0,14346203.0,0.0,11.29,11.29,11.29,12.54,0.85,180.98,4.04
214,215,002248,华东数控,9.28,-9.99,-1.03,36986.0,34323008.0,0.0,9.28,9.28,9.28,10.31,1.2,233.05,39.96
215,216,000595,宝塔实业,9.63,-10.0,-1.07,227045.0,220024620.0,4.11,10.07,9.63,9.63,10.7,2.0,-138.39,25.81
