,序号,代码,名称,最新价,涨跌幅,涨跌额,成交量,成交额,振幅,最高,最低,今开,昨收,换手率,市盈率-动态,市净率
0,1,837344,三元基因,23.97,21.74,4.28,14344,31781018.69,23.77,24.88,20.2,20.2,19.69,1.26,151.03,4.77
1,2,430047,诺思兰德,15.87,12.79,1.8,37479,56182086.61,12.15,15.96,14.25,14.31,14.07,2.08,-81.84,12.44
2,3,833230,欧康医药,22.85,8.04,1.7,39734,92192519.24,16.55,25.3,21.8,21.9,21.15,11.87,62.4,4.39
3,4,300357,我武生物,25.14,8.04,1.87,82809,201424092.68,8.51,25.18,23.2,23.33,23.27,1.71,36.26,5.58
4,5,839729,永顺生物,7.56,8.0,0.56,23271,17152778.25,7.57,7.57,7.04,7.09,7.0,2.9,66.52,3.25
5,6,833575,康乐卫士,20.66,7.27,1.4,18298,36413696.33,7.27,20.66,19.26,19.35,19.26,0.98,-15.68,8.03
6,7,002693,双成药业,30.08,6.97,1.96,691345,1878688971.96,19.91,30.91,25.31,25.31,28.12,16.81,-368.04,27.43
7,8,301301,川宁生物,14.12,4.98,0.67,495852,712005620.88,5.13,14.7,14.01,14.41,13.45,8.05,21.92,4.15
8,9,688046,药康生物,13.61,4.29,0.56,20057,26689255.0,5.06,13.62,12.96,13.06,13.05,0.98,36.55,2.64
9,10,301207,华兰疫苗,19.78,3.61,0.69,20574,40296497.9,4.03,19.85,19.08,19.17,19.09,1.45,235.18,2.01
10,11,688253,英诺特,43.01,3.61,1.5,7137,30224873.0,4.07,43.19,41.5,41.7,41.51,1.04,14.23,2.94
11,12,832982,锦波生物,231.01,3.43,7.67,1888,43144402.28,4.6,232.5,222.23,224.9,223.34,0.41,29.49,15.53
12,13,688336,三生国健,23.58,3.33,0.76,10547,24565931.0,4.25,23.65,22.68,22.9,22.82,0.17,46.81,2.87
13,14,300142,沃森生物,15.57,3.25,0.49,174595,269722048.24,2.32,15.59,15.24,15.25,15.08,1.12,73.0,2.62
14,15,688197,首药控股-U,37.21,3.07,1.11,5030,18634812.0,5.29,37.75,35.84,36.1,36.1,0.9,-26.9,6.03
15,16,688302,海创药业-U,37.6,3.07,1.12,5918,22191492.0,5.02,38.23,36.4,36.46,36.48,0.81,-18.54,2.91
16,17,688443,智翔金泰-U,28.54,2.7,0.75,5900,16786888.0,4.21,28.88,27.71,27.71,27.79,0.52,-14.46,4.19
17,18,688247,宣泰医药,10.02,2.66,0.26,14179,14081671.0,4.3,10.09,9.67,9.69,9.76,1.0,41.94,3.75
18,19,688176,亚虹医药-U,6.73,2.28,0.15,22442,15035968.0,2.74,6.77,6.59,6.67,6.58,0.6,-10.42,1.76
19,20,000518,四环生物,2.38,2.15,0.05,160413,38265421.8,3.43,2.42,2.34,2.34,2.33,1.56,-110.79,5.21
20,21,688073,毕得医药,35.56,2.07,0.72,6057,21475377.0,4.22,35.99,34.52,34.73,34.84,1.4,28.91,1.62
21,22,300239,东宝生物,5.46,2.06,0.11,51306,27955091.0,4.3,5.53,5.3,5.32,5.35,0.87,31.56,1.94
22,23,300601,康泰生物,18.72,1.96,0.36,55597,103333522.02,3.05,18.78,18.22,18.3,18.36,0.63,63.23,2.32
23,24,002007,华兰生物,16.7,1.95,0.32,71900,119640412.49,1.89,16.78,16.47,16.47,16.38,0.46,34.69,2.71
24,25,600645,中源协和,22.25,1.83,0.4,30247,67107637.0,2.24,22.34,21.85,21.85,21.85,0.65,61.11,2.89
25,26,600867,通化东宝,8.39,1.82,0.15,61966,51706498.0,2.06,8.4,8.23,8.24,8.24,0.31,-36.07,2.56
26,27,603392,万泰生物,74.88,1.81,1.33,13567,101104337.0,3.11,75.35,73.06,73.4,73.55,0.11,181.84,7.55
27,28,002581,未名医药,11.0,1.66,0.18,112627,125409171.9,5.27,11.5,10.93,11.36,10.82,2.81,-122.52,3.55
28,29,000534,万泽股份,11.55,1.58,0.18,29494,34049092.9,4.05,11.69,11.23,11.32,11.37,0.59,30.07,5.13
29,30,603087,甘李药业,51.69,1.57,0.8,22761,117191367.0,1.77,51.9,51.0,51.89,50.89,0.42,45.94,2.77
30,31,688319,欧林生物,11.05,1.56,0.17,9875,10984529.0,3.03,11.24,10.91,10.91,10.88,0.24,-80.25,5.09
31,32,688506,百利天恒-U,198.49,1.49,2.92,1763,34747011.0,2.93,199.66,193.93,194.04,195.57,0.19,8.53,16.48
32,33,688276,百克生物,28.63,1.49,0.42,12416,35359438.0,2.59,28.78,28.05,28.21,28.21,0.3,43.03,2.88
33,34,002038,双鹭药业,7.67,1.46,0.11,44835,34272428.0,2.51,7.7,7.51,7.51,7.56,0.53,133.15,1.35
34,35,600223,福瑞达,7.15,1.42,0.1,21296,15167741.0,2.7,7.19,7.0,7.02,7.05,0.21,28.56,1.8
35,36,300122,智飞生物,32.64,1.4,0.45,131834,429978112.32,1.83,32.81,32.22,32.22,32.19,0.93,17.48,2.48
36,37,301230,泓博医药,26.25,1.35,0.35,32991,86864309.36,3.28,26.66,25.81,26.26,25.9,4.29,114.67,3.45
37,38,301166,优宁维,30.9,1.31,0.4,4482,13864631.0,2.36,31.24,30.52,30.52,30.5,1.09,88.7,1.28
38,39,000403,派林生物,23.11,1.27,0.29,31878,73751824.69,3.07,23.41,22.71,22.82,22.82,0.46,25.9,2.22
39,40,688687,凯因科技,27.62,1.25,0.34,4809,13184697.0,1.98,27.62,27.08,27.35,27.28,0.28,32.77,2.59
40,41,300485,赛升药业,8.18,1.24,0.1,14656,11998412.0,3.96,8.3,7.98,8.07,8.08,0.54,-18.74,1.19
41,42,300204,舒泰神,8.23,1.11,0.09,27390,22579814.44,3.44,8.31,8.03,8.1,8.14,0.58,-574.36,3.75
42,43,688373,盟科药业-U,4.68,1.08,0.05,16927,7914192.0,2.81,4.72,4.59,4.62,4.63,0.46,-7.62,4.68
43,44,300009,安科生物,9.46,1.07,0.1,72522,68544876.76,1.92,9.53,9.35,9.37,9.36,0.6,19.05,4.23
44,45,300294,博雅生物,34.25,1.03,0.35,24491,83700859.52,1.56,34.44,33.91,34.1,33.9,0.57,27.33,2.33
45,46,301047,义翘神州,69.71,1.0,0.69,3086,21587017.9,1.55,70.4,69.33,69.59,69.02,0.25,66.42,1.53
46,47,002880,卫光生物,27.54,0.99,0.27,3046,8358727.5,1.87,27.66,27.15,27.25,27.27,0.13,28.43,3.02
47,48,688331,荣昌生物,30.61,0.92,0.28,6023,18349372.0,2.24,30.79,30.11,30.11,30.33,0.37,-10.67,6.25
48,49,688428,诺诚健华-U,13.68,0.88,0.12,7334,9982556.0,2.51,13.72,13.38,13.38,13.56,0.28,-46.04,3.48
49,50,301509,金凯生科,32.83,0.86,0.28,7866,25679542.2,4.15,33.16,31.81,31.89,32.55,1.39,75.48,1.84
50,51,603590,康辰药业,23.81,0.85,0.2,3219,7673446.0,1.14,23.93,23.66,23.67,23.61,0.2,24.05,1.22
51,52,688426,康为世纪,21.96,0.83,0.18,2397,5292328.0,3.76,22.38,21.56,21.88,21.78,0.65,-24.68,1.55
52,53,688177,百奥泰,23.53,0.81,0.19,4678,10969475.0,2.36,23.66,23.11,23.17,23.34,0.11,-20.57,9.98
53,54,600211,西藏药业,39.84,0.81,0.32,8570,33995110.0,1.39,39.85,39.3,39.38,39.52,0.27,10.3,3.39
54,55,688488,艾迪药业,8.92,0.79,0.07,8910,7963203.0,1.81,8.98,8.82,8.82,8.85,0.21,-41.31,3.46
55,56,688278,特宝生物,83.04,0.79,0.65,1994,16472808.0,1.98,83.23,81.6,81.98,82.39,0.05,55.5,16.77
56,57,688180,君实生物-U,32.5,0.78,0.25,12577,40837451.0,2.02,32.65,32.0,32.28,32.25,0.16,-24.84,4.95
57,58,300841,康华生物,64.19,0.75,0.48,8381,53679223.5,2.45,64.56,63.0,63.3,63.71,0.69,14.1,2.51
58,59,002252,上海莱士,7.44,0.68,0.05,143340,106682086.2,2.03,7.52,7.37,7.4,7.39,0.22,19.9,1.61
59,60,688739,成大生物,27.25,0.66,0.18,4575,12450070.0,1.22,27.35,27.02,27.04,27.07,0.24,25.77,1.2
60,61,600161,天坛生物,22.27,0.59,0.13,52432,116853747.0,1.26,22.44,22.16,22.16,22.14,0.27,31.4,4.14
61,62,688710,益诺思,37.89,0.53,0.2,4471,17004537.0,3.82,38.59,37.15,37.19,37.69,1.69,27.93,2.29
62,63,688520,神州细胞-U,41.35,0.46,0.19,5303,21902565.0,1.58,41.5,40.85,41.22,41.16,0.12,73.24,-40.14
63,64,688235,百济神州-U,181.2,0.45,0.82,2687,48709436.0,1.47,182.66,180.0,180.0,180.38,0.23,-43.47,10.3
64,65,688136,科兴制药,19.4,0.41,0.08,4004,7864832.0,3.0,19.88,19.3,19.31,19.32,0.2,162.68,2.41
65,66,688382,益方生物-U,10.48,0.38,0.04,10354,10812967.0,1.82,10.55,10.36,10.36,10.44,0.26,-14.11,3.32
66,67,000661,长春高新,104.76,0.23,0.24,17591,184207717.1,1.64,105.4,103.69,104.61,104.52,0.44,12.25,1.92
67,68,688193,仁度生物,31.82,0.09,0.03,214,680589.0,1.04,31.96,31.63,31.64,31.79,0.07,146.95,1.36
68,69,301393,昊帆生物,46.68,-0.06,-0.03,4612,21617255.72,1.97,47.32,46.4,46.75,46.71,1.29,38.3,2.27
69,70,688062,迈威生物-U,23.89,-0.13,-0.03,17791,42445344.0,3.47,24.33,23.5,24.18,23.92,0.87,-10.73,4.4
70,71,300683,海特生物,25.67,-0.31,-0.08,4406,11345484.0,2.25,25.98,25.4,25.6,25.75,0.36,-63.41,1.38
71,72,688185,康希诺,56.04,-0.43,-0.24,4601,25878538.0,1.65,56.68,55.75,56.17,56.28,0.4,-30.76,2.74
72,73,688137,近岸蛋白,35.12,-0.51,-0.18,1356,4808747.0,2.32,35.86,35.04,35.3,35.3,0.42,-138.37,1.15
73,74,688265,南模生物,25.21,-0.9,-0.23,1271,3195860.0,1.57,25.48,25.08,25.48,25.44,0.26,-107.48,1.16
74,75,688163,赛伦生物,21.62,-1.23,-0.27,21469,47703708.0,7.4,22.92,21.3,21.98,21.89,4.84,36.21,2.13
