,序号,代码,名称,最新价,涨跌幅,涨跌额,成交量,成交额,振幅,最高,最低,今开,昨收,换手率,市盈率-动态,市净率
0,1,832000,安徽凤凰,27.62,20.35,4.67,62357.0,159464934.46,30.33,28.78,21.82,22.91,22.95,12.91,36.12,4.26
1,2,833533,骏创科技,22.33,19.99,3.72,35462.0,75942716.9,24.18,23.5,19.0,19.0,18.61,9.42,37.39,6.52
2,3,300432,富临精工,15.04,17.04,2.19,514906.0,747802873.42,14.63,15.4,13.52,13.88,12.85,4.27,44.33,4.23
3,4,837663,明阳科技,16.69,15.18,2.2,17918.0,28368904.15,15.11,16.88,14.69,14.73,14.49,3.51,21.67,4.9
4,5,300580,贝斯特,19.99,13.71,2.41,220093.0,419165690.01,12.51,20.4,18.2,18.2,17.58,4.69,33.29,3.31
5,6,300681,英搏尔,24.25,12.74,2.74,104938.0,245172670.88,14.74,24.61,21.44,21.44,21.51,6.07,89.74,3.21
6,7,603201,常润股份,20.0,10.01,1.82,44314.0,86506778.0,12.27,20.0,17.77,18.09,18.18,6.9,15.49,2.04
7,8,603035,常熟汽饰,14.96,10.0,1.36,245374.0,361734792.0,5.22,14.96,14.25,14.4,13.6,6.46,11.06,1.08
8,9,603809,豪能股份,13.22,9.98,1.2,554650.0,725501348.0,6.74,13.22,12.41,13.2,12.02,9.54,23.7,3.2
9,10,831906,舜宇精工,18.78,9.89,1.69,11829.0,21402493.84,10.24,18.78,17.03,17.03,17.09,3.56,648.15,2.27
10,11,301550,斯菱股份,52.7,9.86,4.73,39728.0,203297431.52,10.3,53.45,48.51,49.0,47.97,7.23,31.77,3.41
11,12,300176,派生科技,9.21,9.38,0.79,336898.0,299703055.36,12.71,9.25,8.18,8.18,8.42,8.7,90.84,3.81
12,13,000559,万向钱潮,6.87,9.05,0.57,659792.0,440702584.82,10.63,6.93,6.26,6.29,6.3,2.0,23.76,2.49
13,14,300680,隆盛科技,25.19,8.53,1.98,140635.0,350952645.96,8.27,25.99,24.07,24.48,23.21,8.12,28.42,3.16
14,15,300507,苏奥传感,7.03,7.82,0.51,176797.0,121421707.91,8.13,7.09,6.56,6.6,6.52,2.29,38.22,2.74
15,16,002472,双环传动,29.51,7.31,2.01,75303.0,219358528.98,6.95,29.7,27.79,27.79,27.5,1.0,25.41,2.93
16,17,836270,天铭科技,11.93,7.28,0.81,10090.0,11944117.55,8.81,12.12,11.14,11.14,11.12,1.24,19.5,3.04
17,18,300652,雷迪克,35.4,7.27,2.4,23873.0,83561932.36,5.7,35.88,34.0,34.0,33.0,2.59,29.29,2.66
18,19,300100,双林股份,20.67,6.99,1.35,69252.0,139387047.34,7.87,20.77,19.25,19.3,19.32,1.79,16.95,3.33
19,20,301007,德迈仕,15.18,6.98,0.99,51210.0,76715235.18,7.89,15.31,14.19,14.19,14.19,3.41,42.62,3.54
20,21,601689,拓普集团,45.8,6.74,2.89,110377.0,497612067.0,5.34,45.99,43.7,44.0,42.91,0.65,25.92,4.14
21,22,002703,浙江世宝,12.99,6.21,0.76,154942.0,197278877.11,7.52,12.99,12.07,12.19,12.23,2.64,71.57,5.61
22,23,300969,恒帅股份,76.09,6.2,4.44,7159.0,53514615.0,7.36,76.99,71.72,71.86,71.65,3.36,27.92,4.94
23,24,300926,博俊科技,23.94,6.16,1.39,40398.0,95611924.69,7.54,24.25,22.55,22.71,22.55,1.51,19.77,4.66
24,25,688071,华依科技,23.71,6.13,1.37,4698.0,10905073.0,7.03,23.86,22.29,22.29,22.34,0.55,-51.32,2.0
25,26,836221,易实精密,17.5,6.06,1.0,12413.0,21259786.95,9.45,17.66,16.1,16.19,16.5,3.01,27.59,4.33
26,27,002553,南方精工,12.24,5.97,0.69,145629.0,177420732.9,6.15,12.44,11.73,11.73,11.55,5.81,68.84,3.69
27,28,600178,东安动力,15.08,5.97,0.85,536305.0,826138386.0,8.08,15.65,14.5,14.5,14.23,11.5,-3333.15,2.79
28,29,301160,翔楼新材,55.05,5.87,3.05,11059.0,60123980.0,7.1,55.69,52.0,52.0,52.0,2.61,23.55,2.83
29,30,832978,开特股份,14.31,5.69,0.77,14894.0,20791155.26,5.91,14.4,13.6,13.6,13.54,1.49,20.26,4.06
30,31,002664,信质集团,14.35,5.59,0.76,87366.0,123078177.0,6.92,14.48,13.54,13.72,13.59,2.18,50.33,1.69
31,32,688667,菱电电控,40.38,5.54,2.12,2209.0,8748356.0,6.22,40.38,38.0,38.26,38.26,0.43,192.22,1.29
32,33,831278,泰德股份,8.41,5.52,0.44,24650.0,20688676.87,5.77,8.49,8.03,8.48,7.97,2.53,43.01,3.61
33,34,300745,欣锐科技,17.69,5.42,0.91,23372.0,40878476.48,5.24,17.78,16.9,16.99,16.78,1.65,-30.99,1.26
34,35,301539,宏鑫科技,19.83,5.42,1.02,14662.0,28718462.33,5.69,19.95,18.88,18.99,18.81,3.96,67.46,3.85
35,36,000678,襄阳轴承,6.11,5.34,0.31,152145.0,90733158.92,8.1,6.13,5.66,5.85,5.8,3.31,-108.26,3.45
36,37,833454,同心传动,14.86,5.24,0.74,21261.0,31008621.63,11.26,15.39,13.8,13.94,14.12,3.61,78.58,5.03
37,38,603767,中马传动,12.87,5.15,0.63,92554.0,118761291.0,3.68,13.07,12.62,12.62,12.24,3.0,59.44,2.75
38,39,002590,万安科技,14.54,5.13,0.71,84486.0,122070894.64,6.29,14.7,13.83,13.83,13.83,1.85,38.36,2.67
39,40,831195,三祥科技,12.2,5.08,0.59,7963.0,9510013.94,5.68,12.27,11.61,11.85,11.61,1.13,21.0,1.68
40,41,300893,松原股份,32.43,5.02,1.55,10633.0,34220821.71,6.67,32.95,30.89,30.89,30.88,0.94,28.85,5.99
41,42,688280,精进电动-UW,5.06,4.98,0.24,15884.0,7869127.0,4.98,5.06,4.82,4.82,4.82,0.35,-5.8,4.73
42,43,605228,神通科技,8.46,4.96,0.4,42986.0,36012663.0,4.22,8.49,8.15,8.24,8.06,1.02,163.25,2.38
43,44,300446,航天智造,20.88,4.92,0.98,157499.0,321721419.7,6.38,21.08,19.81,19.93,19.9,5.06,24.71,3.54
44,45,600609,金杯汽车,5.61,4.86,0.26,254955.0,138340795.0,8.22,5.62,5.18,5.28,5.35,1.94,18.91,5.37
45,46,301607,富特科技,39.66,4.84,1.83,9776.0,38202544.0,6.95,40.01,37.38,37.38,37.83,4.37,40.01,4.48
46,47,002328,新朋股份,6.09,4.64,0.27,85907.0,51605623.41,5.15,6.15,5.85,5.86,5.82,1.5,24.08,1.42
47,48,603655,朗博科技,23.0,4.55,1.0,9487.0,21589646.0,6.45,23.32,21.9,22.3,22.0,0.9,94.95,4.52
48,49,300707,威唐工业,13.0,4.5,0.56,32261.0,41524065.27,4.9,13.05,12.44,12.44,12.44,2.25,58.0,2.05
49,50,301005,超捷股份,28.21,4.48,1.21,12970.0,36116576.86,5.11,28.33,26.95,26.95,27.0,0.98,111.93,4.96
50,51,300585,奥联电子,13.73,4.41,0.58,29750.0,40549003.0,5.25,13.83,13.14,13.14,13.15,1.74,-719.26,3.28
51,52,605333,沪光股份,33.77,4.36,1.41,20954.0,69897181.0,4.67,33.88,32.37,32.37,32.36,0.48,25.23,7.52
52,53,301229,纽泰格,21.08,4.36,0.88,11268.0,23707170.4,5.35,21.29,20.21,20.35,20.2,2.35,38.38,2.64
53,54,838171,邦德股份,15.35,4.35,0.64,3506.0,5271464.29,4.83,15.38,14.67,14.67,14.71,0.68,20.64,3.41
54,55,002662,京威股份,3.36,4.35,0.14,100950.0,33307268.87,4.04,3.36,3.23,3.23,3.22,0.67,11.73,1.18
55,56,002906,华阳集团,30.3,4.34,1.26,29211.0,87953361.51,4.51,30.49,29.18,29.18,29.04,0.56,25.67,2.54
56,57,603917,合力科技,12.03,4.34,0.5,24633.0,29573069.0,5.98,12.28,11.59,11.6,11.53,1.21,559.32,1.44
57,58,688612,威迈斯,25.12,4.28,1.03,7121.0,17658595.0,3.82,25.2,24.28,24.29,24.09,0.37,26.78,3.18
58,59,603178,圣龙股份,22.25,4.26,0.91,37871.0,83437112.0,6.47,22.39,21.01,21.02,21.34,1.6,574.92,4.13
59,60,000030,富奥股份,5.38,4.26,0.22,94629.0,50172295.75,4.07,5.38,5.17,5.2,5.16,0.56,15.83,1.22
60,61,603121,华培动力,8.73,4.18,0.35,59442.0,51328727.0,4.06,8.8,8.46,8.46,8.38,1.76,31.11,2.39
61,62,603286,日盈电子,19.07,4.15,0.76,19184.0,36337827.0,5.02,19.23,18.31,18.31,18.31,1.68,173.87,2.56
62,63,002510,天汽模,4.79,4.13,0.19,332840.0,157963225.22,8.91,4.92,4.51,4.55,4.6,3.57,37.44,2.14
63,64,301499,维科精密,26.45,4.09,1.04,8430.0,22065389.0,5.71,26.59,25.14,25.23,25.41,2.44,90.67,2.92
64,65,603009,北特科技,28.1,4.07,1.1,70470.0,196942389.0,5.41,28.34,26.88,27.0,27.0,2.08,117.33,5.37
65,66,002921,联诚精密,11.04,4.05,0.43,9042.0,9860812.4,3.68,11.09,10.7,10.7,10.61,0.82,-44.3,1.44
66,67,301022,海泰科,22.88,4.0,0.88,6355.0,14390411.6,4.36,22.96,22.0,22.0,22.0,1.22,47.35,2.0
67,68,603786,科博达,59.34,4.0,2.28,4751.0,28079381.0,4.89,59.8,57.01,57.44,57.06,0.12,29.63,4.73
68,69,002976,瑞玛精密,22.13,3.99,0.85,5911.0,12882704.4,4.14,22.15,21.27,21.35,21.28,0.91,-356.43,3.32
69,70,603730,岱美股份,9.73,3.95,0.37,33731.0,32554320.0,3.74,9.76,9.41,9.41,9.36,0.2,19.36,3.54
70,71,300978,东箭科技,11.62,3.94,0.44,33021.0,37898985.0,5.64,11.72,11.09,11.34,11.18,1.75,27.23,2.95
71,72,300258,精锻科技,8.99,3.93,0.34,43924.0,39118072.0,5.09,9.06,8.62,8.65,8.65,0.95,27.98,1.2
72,73,603211,晋拓股份,14.83,3.92,0.56,19644.0,28889264.0,5.19,14.95,14.21,14.26,14.27,2.89,70.19,3.41
73,74,301397,溯联股份,25.21,3.87,0.94,4360.0,10884470.2,3.46,25.3,24.46,24.6,24.27,0.8,20.89,1.56
74,75,001282,三联锻造,19.19,3.84,0.71,9827.0,18726862.4,3.68,19.28,18.6,18.91,18.48,1.76,22.17,2.01
75,76,873690,捷众科技,19.26,3.83,0.71,4446.0,8447966.53,5.98,19.43,18.32,18.32,18.55,1.96,21.59,2.38
76,77,688533,上声电子,35.09,3.79,1.28,10979.0,37840280.0,5.92,35.36,33.36,33.89,33.81,0.69,22.21,3.93
77,78,301133,金钟股份,22.48,3.79,0.82,7781.0,17304846.91,3.69,22.5,21.7,21.71,21.66,2.22,27.12,2.44
78,79,002920,德赛西威,123.11,3.78,4.48,18726.0,228325383.54,5.28,124.25,117.99,117.99,118.63,0.34,36.43,7.63
79,80,002997,瑞鹄模具,31.44,3.76,1.14,24665.0,76412822.72,3.8,31.5,30.35,30.35,30.3,1.18,19.54,3.19
80,81,870436,大地电气,10.47,3.66,0.37,4482.0,4638942.74,6.93,10.6,9.9,9.9,10.1,1.0,-33.39,2.32
81,82,603037,凯众股份,13.59,3.66,0.48,27610.0,37352777.0,4.96,13.7,13.05,13.11,13.11,1.45,31.88,2.83
82,83,002355,兴民智通,6.53,3.65,0.23,122682.0,79517566.0,4.76,6.56,6.26,6.26,6.3,1.98,22.51,3.37
83,84,002434,万里扬,5.69,3.64,0.2,55433.0,31213604.08,3.1,5.7,5.53,5.54,5.49,0.42,21.8,1.3
84,85,301398,星源卓镁,45.6,3.64,1.6,6721.0,30396886.52,4.95,45.88,43.7,43.7,44.0,2.81,48.79,3.37
85,86,000901,航天科技,12.91,3.61,0.45,191313.0,242334117.3,4.9,12.91,12.3,12.32,12.46,2.4,-714.1,2.45
86,87,301488,豪恩汽电,59.95,3.52,2.04,6811.0,40522993.0,5.84,60.5,57.12,57.12,57.91,2.91,59.06,4.32
87,88,300304,云意电气,8.03,3.48,0.27,60991.0,48558196.07,4.25,8.05,7.72,7.74,7.76,0.71,17.21,2.41
88,89,605319,无锡振华,18.38,3.43,0.61,7523.0,13710199.0,2.87,18.41,17.9,17.9,17.77,0.35,13.79,2.0
89,90,002536,飞龙股份,12.17,3.4,0.4,388746.0,479005185.46,4.93,12.59,12.01,12.59,11.77,7.25,19.68,2.1
90,91,300643,万通智控,13.1,3.39,0.43,23375.0,30353204.0,5.29,13.16,12.49,12.59,12.67,1.02,26.76,2.74
91,92,300928,华安鑫创,36.65,3.39,1.2,7597.0,27891635.0,6.38,37.41,35.15,35.32,35.45,1.43,-55.64,2.47
92,93,300375,鹏翎股份,4.91,3.37,0.16,72465.0,35251806.58,4.21,4.92,4.72,4.74,4.75,1.43,35.95,1.65
93,94,603023,*ST威帝,2.47,3.35,0.08,45324.0,11097243.0,2.93,2.48,2.41,2.41,2.39,0.81,293.45,1.79
94,95,301298,东利机械,13.81,3.21,0.43,7030.0,9640483.0,3.51,13.86,13.39,13.39,13.38,0.73,28.49,2.25
95,96,002284,亚太股份,8.04,3.21,0.25,65485.0,52305198.0,3.47,8.05,7.78,7.78,7.79,0.9,28.38,2.07
96,97,300863,卡倍亿,40.12,3.19,1.24,14248.0,56708925.29,3.58,40.39,39.0,39.04,38.88,1.2,28.59,3.9
97,98,300611,美力科技,10.52,3.14,0.32,19522.0,20382901.8,3.33,10.54,10.2,10.2,10.2,1.32,21.47,2.1
98,99,603982,泉峰汽车,8.61,3.11,0.26,16022.0,13709469.0,3.83,8.66,8.34,8.35,8.35,0.61,-4.45,1.27
99,100,301552,科力装备,51.5,3.1,1.55,3638.0,18566556.5,3.3,51.6,49.95,50.05,49.95,2.65,22.84,3.16
100,101,300428,立中集团,20.05,3.08,0.6,59541.0,119292037.36,2.57,20.2,19.7,20.2,19.45,1.11,19.28,1.82
101,102,600480,凌云股份,9.08,3.06,0.27,77170.0,69541607.0,3.63,9.12,8.8,8.8,8.81,0.84,12.79,1.16
102,103,600699,均胜电子,16.6,3.04,0.49,102842.0,169964655.0,4.22,16.7,16.02,16.02,16.11,0.75,18.63,1.79
103,104,603348,文灿股份,23.53,3.02,0.69,17729.0,41420532.0,3.15,23.55,22.83,22.84,22.84,0.67,55.99,1.75
104,105,688326,经纬恒润-W,80.88,2.99,2.35,3724.0,30011287.0,3.2,81.58,79.07,79.2,78.53,0.47,-17.75,2.26
105,106,002870,香山股份,33.06,2.99,0.96,8983.0,29560201.0,3.58,33.33,32.18,32.46,32.1,0.86,26.15,2.75
106,107,301225,恒勃股份,27.68,2.94,0.79,3698.0,10162144.0,3.98,27.78,26.71,26.71,26.89,1.23,24.81,2.01
107,108,301192,泰祥股份,17.52,2.94,0.5,5102.0,8875831.0,4.76,17.66,16.85,17.05,17.02,1.07,29.99,2.95
108,109,603006,联明股份,9.9,2.91,0.28,11797.0,11593839.0,3.22,9.94,9.63,9.7,9.62,0.46,39.75,1.77
109,110,300733,西菱动力,11.78,2.88,0.33,11226.0,13097472.8,3.76,11.83,11.4,11.44,11.45,0.5,72.7,2.24
110,111,002813,路畅科技,27.67,2.86,0.77,6107.0,16778862.0,2.79,27.68,26.93,26.93,26.9,0.52,-61.78,10.15
111,112,603166,福达股份,6.18,2.83,0.17,29056.0,17818606.0,3.0,6.2,6.02,6.08,6.01,0.45,24.79,1.72
112,113,301020,密封科技,19.65,2.83,0.54,4241.0,8236338.0,3.56,19.71,19.03,19.11,19.11,0.29,32.58,3.13
113,114,601279,英利汽车,4.02,2.81,0.11,48826.0,19551445.0,3.84,4.06,3.91,3.94,3.91,0.31,107.57,1.49
114,115,603758,秦安股份,7.74,2.79,0.21,22416.0,17259894.0,3.19,7.78,7.54,7.57,7.53,0.51,19.92,1.38
115,116,605133,嵘泰股份,19.24,2.78,0.52,7133.0,13686584.0,3.58,19.35,18.68,18.72,18.72,0.39,21.25,1.37
116,117,002806,华锋股份,11.07,2.69,0.29,22374.0,24503410.0,4.17,11.11,10.66,10.7,10.78,1.47,300.52,2.52
117,118,002101,广东鸿图,11.96,2.66,0.31,28988.0,34451077.2,4.21,12.05,11.56,11.57,11.65,0.47,22.33,1.04
118,119,002363,隆基机械,6.58,2.65,0.17,39164.0,25607283.0,2.34,6.61,6.46,6.46,6.41,0.94,56.11,1.3
119,120,605018,长华集团,8.13,2.65,0.21,10808.0,8730665.0,2.9,8.16,7.93,7.93,7.92,0.23,31.93,1.42
120,121,839946,华阳变速,8.92,2.65,0.23,37358.0,33066894.35,7.25,9.04,8.41,8.41,8.69,3.75,-65.55,5.39
121,122,301072,中捷精工,22.52,2.6,0.57,5316.0,11855674.0,4.15,22.57,21.66,21.88,21.95,0.79,-360.32,2.95
122,123,600081,东风科技,10.0,2.56,0.25,13264.0,13153537.0,3.59,10.01,9.66,9.66,9.75,0.24,67.72,1.22
123,124,001319,铭科精技,23.62,2.56,0.59,67964.0,165090690.14,9.99,25.3,23.0,23.25,23.03,11.15,32.73,2.65
124,125,603949,雪龙集团,11.27,2.55,0.28,6305.0,7055411.0,3.73,11.32,10.91,10.99,10.99,0.3,40.04,2.37
125,126,603013,亚普股份,14.61,2.53,0.36,10420.0,15133441.0,3.37,14.63,14.15,14.15,14.25,0.2,15.03,1.83
126,127,603040,新坐标,22.76,2.52,0.56,4224.0,9524125.0,2.66,22.79,22.2,22.28,22.2,0.31,14.42,2.33
127,128,603197,保隆科技,39.26,2.51,0.96,10864.0,42458083.0,3.84,39.49,38.02,38.3,38.3,0.51,25.12,2.69
128,129,603158,腾龙股份,8.29,2.47,0.2,49808.0,41073791.0,2.97,8.3,8.06,8.09,8.09,1.01,12.91,1.81
129,130,000887,中鼎股份,13.39,2.45,0.32,61654.0,82120584.4,3.21,13.44,13.02,13.02,13.07,0.47,12.57,1.38
130,131,600960,渤海汽车,3.4,2.41,0.08,32728.0,11058949.0,2.71,3.41,3.32,3.33,3.32,0.34,-12.78,0.71
131,132,600523,贵航股份,13.18,2.41,0.31,18049.0,23551306.0,2.95,13.21,12.83,12.84,12.87,0.45,34.1,1.77
132,133,600742,一汽富维,8.98,2.39,0.21,35501.0,31673774.0,2.39,9.0,8.79,8.79,8.77,0.48,12.48,0.79
133,134,002190,成飞集成,17.14,2.39,0.4,12527.0,21238729.0,3.17,17.17,16.64,16.69,16.74,0.35,-179.25,2.21
134,135,002283,天润工业,4.75,2.37,0.11,49183.0,23246508.75,3.02,4.77,4.63,4.64,4.64,0.49,15.09,0.9
135,136,002547,春兴精工,3.48,2.35,0.08,80148.0,27676939.0,4.41,3.5,3.35,3.35,3.4,0.73,-16.66,59.21
136,137,001260,坤泰股份,15.38,2.33,0.35,8474.0,12972179.0,4.39,15.55,14.89,14.9,15.03,2.67,32.31,2.22
137,138,300694,蠡湖股份,9.81,2.29,0.22,15139.0,14775266.5,2.19,9.85,9.64,9.64,9.59,0.7,37.45,1.54
138,139,301181,标榜股份,23.69,2.29,0.53,7585.0,17680910.2,5.44,23.87,22.61,23.0,23.16,1.94,23.41,1.97
139,140,301170,锡南科技,23.5,2.26,0.52,2660.0,6223085.0,2.57,23.57,22.98,22.98,22.98,0.79,22.77,1.4
140,141,000622,*ST恒立,1.81,2.26,0.04,69933.0,12729709.0,5.08,1.86,1.77,1.77,1.77,1.64,-35.6,4.62
141,142,600933,爱柯迪,16.05,2.23,0.35,77126.0,122458655.0,4.2,16.17,15.51,15.51,15.7,0.79,15.86,1.97
142,143,002265,建设工业,11.03,2.22,0.24,16147.0,17723781.0,3.15,11.06,10.72,10.76,10.79,0.4,46.65,3.22
143,144,603048,浙江黎明,13.83,2.22,0.3,3574.0,4896674.0,2.59,13.86,13.51,13.54,13.53,0.95,41.42,1.6
144,145,002126,银轮股份,18.96,2.21,0.41,22840.0,43172684.82,2.59,19.04,18.56,18.56,18.55,0.29,19.58,2.6
145,146,301119,正强股份,22.19,2.16,0.47,5924.0,13059085.4,3.08,22.22,21.55,21.62,21.72,2.17,26.13,2.28
146,147,002239,奥特佳,2.84,2.16,0.06,162012.0,45788500.0,2.88,2.85,2.77,2.79,2.78,0.5,76.66,1.71
147,148,002454,松芝股份,6.74,2.12,0.14,37315.0,25109343.0,3.48,6.79,6.56,6.56,6.6,0.6,22.42,1.08
148,149,300912,凯龙高科,11.6,2.11,0.24,6064.0,6969756.0,2.73,11.65,11.34,11.47,11.36,0.71,-8.61,1.95
149,150,603768,常青股份,14.07,2.1,0.29,12474.0,17551260.0,3.56,14.18,13.69,13.77,13.78,0.61,35.56,1.36
150,151,603190,亚通精工,20.88,2.1,0.43,4009.0,8336300.0,2.64,20.95,20.41,20.41,20.45,0.99,22.5,1.19
151,152,603586,金麒麟,13.62,2.1,0.28,14521.0,19625019.0,3.52,13.69,13.22,13.24,13.34,0.74,29.38,1.19
152,153,301529,福赛科技,34.2,2.09,0.7,4138.0,14093497.0,2.81,34.37,33.43,33.5,33.5,0.97,41.82,2.34
153,154,603239,浙江仙通,12.25,2.08,0.25,12007.0,14583478.0,2.75,12.28,11.95,11.95,12.0,0.44,19.25,2.96
154,155,002863,今飞凯达,4.43,2.07,0.09,30159.0,13250735.0,3.0,4.44,4.31,4.35,4.34,0.5,32.84,0.97
155,156,603633,徕木股份,7.07,2.02,0.14,43538.0,30605466.0,3.75,7.11,6.85,6.85,6.93,1.02,32.29,1.54
156,157,603107,上海汽配,16.84,2.0,0.33,8523.0,14288769.0,2.24,16.88,16.51,16.58,16.51,0.4,31.63,2.81
157,158,300998,宁波方正,14.45,1.98,0.28,8687.0,12506103.0,2.47,14.53,14.18,14.3,14.17,1.18,-89.08,1.56
158,159,603926,铁流股份,9.01,1.92,0.17,6339.0,5644033.0,3.05,9.02,8.75,8.76,8.84,0.28,20.43,1.28
159,160,002537,海联金汇,6.36,1.92,0.12,47870.0,30272507.99,2.24,6.37,6.23,6.23,6.24,0.41,111.09,1.84
160,161,001278,一彬科技,15.94,1.92,0.3,4296.0,6829433.0,2.62,16.04,15.63,15.63,15.64,0.85,33.87,1.49
161,162,001311,多利科技,25.73,1.86,0.47,7834.0,20051333.58,3.05,25.92,25.15,25.17,25.26,1.29,13.49,1.37
162,163,603089,正裕工业,8.41,1.82,0.15,4296.0,3601316.0,3.15,8.53,8.27,8.28,8.26,0.19,30.19,1.58
163,164,301357,北方长龙,36.46,1.82,0.65,6730.0,24086041.8,3.85,36.59,35.21,35.45,35.81,2.83,-250.27,3.08
164,165,002708,光洋股份,10.2,1.8,0.18,183200.0,183018516.12,6.19,10.25,9.63,9.63,10.02,3.7,107.01,3.28
165,166,002592,ST八菱,4.59,1.77,0.08,9221.0,4201309.0,2.88,4.6,4.47,4.48,4.51,0.35,19.07,1.44
166,167,838837,华原股份,12.21,1.75,0.21,33304.0,40376095.59,12.92,12.98,11.43,11.43,12.0,2.43,29.25,3.62
167,168,603085,天成自控,9.98,1.73,0.17,32823.0,32815919.0,3.36,10.11,9.78,9.81,9.81,0.89,113.24,4.41
168,169,603701,德宏股份,13.63,1.72,0.23,7549.0,10292049.0,1.57,13.71,13.5,13.5,13.4,0.29,181.62,4.62
169,170,605088,冠盛股份,19.72,1.7,0.33,16150.0,31684127.0,3.3,19.87,19.23,19.31,19.39,0.93,11.97,1.59
170,171,603179,新泉股份,49.87,1.67,0.82,6989.0,34793744.0,3.65,50.4,48.61,48.61,49.05,0.14,26.59,4.69
171,172,603306,华懋科技,28.24,1.62,0.45,114354.0,317689166.0,9.0,29.1,26.6,27.0,27.79,3.5,35.25,2.7
172,173,300816,艾可蓝,23.02,1.59,0.36,1708.0,3918652.0,1.59,23.06,22.7,22.7,22.66,0.35,26.79,2.19
173,174,603950,长源东谷,14.72,1.59,0.23,8906.0,13039012.0,3.11,14.86,14.41,14.58,14.49,0.27,23.08,1.83
174,175,603788,宁波高发,15.17,1.54,0.23,19672.0,29819401.0,2.48,15.3,14.93,14.93,14.94,0.88,16.65,1.66
175,176,603596,伯特利,47.95,1.52,0.72,14470.0,69448950.0,2.71,48.35,47.07,47.23,47.23,0.24,28.04,4.69
176,177,002448,中原内配,6.02,1.52,0.09,28932.0,17371225.0,2.02,6.04,5.92,5.92,5.93,0.59,11.4,1.01
177,178,603390,通达电气,9.37,1.52,0.14,29641.0,27554412.0,4.12,9.45,9.07,9.12,9.23,0.85,147.96,2.09
178,179,605068,明新旭腾,13.42,1.51,0.2,4558.0,6093513.0,2.42,13.49,13.17,13.17,13.22,0.28,135.33,1.28
179,180,603358,华达科技,31.04,1.5,0.46,6094.0,18967685.0,2.84,31.45,30.58,30.8,30.58,0.14,51.06,4.09
180,181,603997,继峰股份,13.5,1.5,0.2,22006.0,29709148.0,3.16,13.64,13.22,13.29,13.3,0.17,-24.1,3.59
181,182,002048,宁波华翔,12.85,1.5,0.19,29845.0,38013944.0,2.29,12.88,12.59,12.64,12.66,0.57,10.95,0.92
182,183,603335,迪生力,4.82,1.47,0.07,9679.0,4646632.0,2.53,4.84,4.72,4.72,4.75,0.23,-22.34,6.07
183,184,000700,模塑科技,6.91,1.47,0.1,58484.0,40283818.4,2.06,6.94,6.8,6.82,6.81,0.64,8.82,1.7
184,185,605208,永茂泰,6.85,1.33,0.09,10296.0,7013113.0,2.07,6.87,6.73,6.82,6.76,0.31,47.16,1.08
185,186,601799,星宇股份,138.98,1.29,1.77,2396.0,33277701.0,2.16,139.98,137.02,137.2,137.21,0.08,30.47,4.08
186,187,002593,日上集团,3.15,1.29,0.04,31254.0,9803890.0,2.25,3.17,3.1,3.11,3.11,0.55,61.21,1.06
187,188,603161,科华控股,10.07,1.21,0.12,7654.0,7676528.0,2.31,10.13,9.9,9.96,9.95,0.41,15.46,1.36
188,189,600741,华域汽车,15.38,1.18,0.18,51654.0,79245222.0,1.71,15.43,15.17,15.19,15.2,0.16,8.13,0.81
189,190,600218,全柴动力,7.91,1.15,0.09,10110.0,7957235.0,1.66,7.93,7.8,7.8,7.82,0.23,41.51,1.08
190,191,300473,德尔股份,20.41,1.14,0.23,13456.0,27365833.45,2.97,20.54,19.94,20.0,20.18,0.9,95.71,1.98
191,192,605151,西上海,15.91,1.02,0.16,1730.0,2740515.0,1.21,15.92,15.73,15.75,15.75,0.13,32.01,1.6
192,193,603319,湘油泵,20.45,0.99,0.2,22928.0,47039101.0,3.01,20.84,20.23,20.23,20.25,1.1,22.16,2.35
193,194,000570,苏常柴Ａ,5.13,0.98,0.05,20668.0,10539240.0,1.97,5.14,5.04,5.04,5.08,0.37,58.57,1.05
194,195,601717,郑煤机,13.3,0.83,0.11,65189.0,86394509.0,1.06,13.32,13.18,13.19,13.19,0.42,5.82,1.08
195,196,000338,潍柴动力,13.55,0.67,0.09,166674.0,224818827.23,1.71,13.63,13.4,13.46,13.46,0.34,10.56,1.37
196,197,200030,富奥B,3.28,0.61,0.02,294.0,96204.0,0.31,3.28,3.27,3.28,3.26,0.06,8.7,0.67
197,198,605128,上海沿浦,36.8,0.6,0.22,4284.0,15631056.0,2.68,36.98,36.0,36.16,36.58,0.36,30.12,3.64
198,199,000581,威孚高科,17.75,0.57,0.1,17198.0,30477056.36,0.62,17.77,17.66,17.77,17.65,0.21,10.39,0.91
199,200,300695,兆丰股份,41.6,0.56,0.23,541.0,2240107.0,1.52,41.73,41.1,41.18,41.37,0.08,24.15,1.16
200,201,301186,超达装备,39.32,0.31,0.12,4176.0,16271553.32,1.68,39.32,38.66,38.95,39.2,1.89,28.72,2.29
201,202,003033,征和工业,26.51,0.26,0.07,3597.0,9526063.0,1.29,26.67,26.33,26.4,26.44,0.45,16.62,1.78
202,203,200581,苏威孚Ｂ,12.85,0.16,0.02,170.0,218377.0,0.47,12.86,12.8,12.83,12.83,0.01,6.78,0.59
203,204,605005,合兴股份,17.08,0.0,0.0,4917.0,8377350.0,2.34,17.15,16.75,16.75,17.08,0.12,26.14,3.63
204,205,603922,金鸿顺,,,,,,,,,,23.56,0.0,-203.39,4.16
205,206,603305,旭升集团,,,,,,,,,,13.0,0.0,28.17,1.92
206,207,002516,旷达科技,5.25,0.0,0.0,53423.0,28095143.0,2.1,5.31,5.2,5.25,5.25,0.37,48.98,2.13
207,208,600148,长春一东,19.38,-0.05,-0.01,16632.0,31961038.0,4.54,19.77,18.89,19.39,19.39,1.18,-570.41,5.9
208,209,301613,新铝时代,68.0,-0.22,-0.15,12048.0,81727013.18,3.29,68.99,66.75,68.0,68.15,5.3,31.58,4.47
209,210,600626,申达股份,3.68,-0.27,-0.01,56217.0,20738744.0,2.71,3.74,3.64,3.71,3.69,0.66,-68.49,1.54
210,211,605255,天普股份,12.47,-0.32,-0.04,2572.0,3219668.0,1.6,12.61,12.41,12.51,12.51,0.19,68.21,2.01
211,212,000981,山子高科,1.35,-0.74,-0.01,970900.0,131404199.0,3.68,1.38,1.33,1.33,1.36,1.49,-12.39,6.4
212,213,002406,远东传动,6.93,-0.86,-0.06,176123.0,121668526.44,5.29,7.06,6.69,6.69,6.99,2.92,44.02,1.27
213,214,300237,美晨科技,2.21,-0.9,-0.02,213698.0,47427757.89,3.59,2.27,2.19,2.22,2.23,1.49,-12.38,22.85
214,215,600698,湖南天雁,5.56,-1.24,-0.07,83723.0,45666269.0,5.86,5.6,5.27,5.27,5.63,1.01,3624.06,7.78
215,216,600676,交运股份,4.07,-1.45,-0.06,54051.0,22106591.0,2.66,4.15,4.04,4.09,4.13,0.53,-13.95,0.79
216,217,002488,金固股份,11.25,-1.92,-0.22,48093.0,54582635.5,2.35,11.48,11.21,11.34,11.47,0.52,259.47,2.66
217,218,002715,登云股份,16.74,-2.16,-0.37,18317.0,30596645.0,3.8,17.07,16.42,16.42,17.11,1.33,153.96,5.41
218,219,000903,云内动力,3.09,-2.83,-0.09,630331.0,197261194.61,9.12,3.3,3.01,3.01,3.18,3.28,-13.93,2.28
219,220,002085,万丰奥威,21.11,-7.25,-1.65,1493132.0,3170341438.55,8.74,22.47,20.48,22.0,22.76,7.03,59.66,6.49
220,221,002725,跃岭股份,13.49,-10.01,-1.5,12673.0,17095877.0,0.0,13.49,13.49,13.49,14.99,0.6,-406.55,3.6
