,序号,代码,名称,最新价,涨跌幅,涨跌额,成交量,成交额,振幅,最高,最低,今开,昨收,换手率,市盈率-动态,市净率
0,1,688656,浩欧博,95.7,20.0,15.95,50666,484523244.0,4.64,95.7,92.0,95.7,79.75,8.03,170.39,7.49
1,2,300266,兴源环境,4.15,16.9,0.6,1467968,583297033.56,17.46,4.2,3.58,4.05,3.55,9.45,-31.37,51.8
2,3,000981,山子高科,1.82,10.3,0.17,5794715,1037532184.8,10.3,1.82,1.65,1.82,1.65,8.88,-16.71,8.63
3,4,002146,荣盛发展,2.39,10.14,0.22,294907,70482878.16,0.0,2.39,2.39,2.39,2.17,0.76,-5.47,0.47
4,5,000564,供销大集,2.62,10.08,0.24,3699738,931885177.0,10.5,2.62,2.37,2.4,2.38,2.41,-339.26,3.04
5,6,600193,创兴资源,4.6,10.05,0.42,223910,99044690.0,9.57,4.6,4.2,4.2,4.18,5.26,-74.7,7.06
6,7,603955,大千生态,12.82,10.04,1.17,2817,3611394.0,0.0,12.82,12.82,12.82,11.65,0.21,85.19,1.12
7,8,000795,英洛华,12.06,10.04,1.1,49176,59306690.16,0.0,12.06,12.06,12.06,10.96,0.43,49.66,5.08
8,9,603196,日播时尚,18.65,10.03,1.7,3130,5837077.0,0.0,18.65,18.65,18.65,16.95,0.13,-81.78,5.87
9,10,002513,蓝丰生化,8.34,10.03,0.76,239638,195676748.2,9.37,8.34,7.63,7.8,7.58,9.08,-12.69,-19.98
10,11,002542,中化岩土,6.82,10.0,0.62,960213,646510708.61,10.0,6.82,6.2,6.82,6.2,6.0,-47.93,6.12
11,12,002178,延华智能,9.68,10.0,0.88,989004,938056772.33,7.73,9.68,9.0,9.68,8.8,13.89,-590.01,15.62
12,13,000716,黑芝麻,7.15,10.0,0.65,48635,34774025.0,0.0,7.15,7.15,7.15,6.5,0.69,96.77,2.13
13,14,002765,蓝黛科技,11.26,9.96,1.02,127115,143132007.96,0.0,11.26,11.26,11.26,10.24,2.13,53.15,2.96
14,15,603366,日出东方,6.52,9.95,0.59,328434,211699475.0,4.38,6.52,6.26,6.46,5.93,4.07,59.12,1.33
15,16,600340,华夏幸福,3.67,9.88,0.33,141889,52073388.0,0.0,3.67,3.67,3.67,3.34,0.36,-4.81,2.46
16,17,601727,上海电气,11.83,9.74,1.05,10028449,11656731373.0,6.49,11.86,11.16,11.45,10.78,7.92,182.29,3.44
17,18,000605,渤海股份,7.33,9.73,0.65,360595,257388060.71,9.73,7.35,6.7,7.35,6.68,10.84,160.33,1.22
18,19,300127,银河磁体,36.75,8.82,2.98,208481,743496356.86,21.47,38.38,31.13,33.77,33.77,9.03,78.2,8.38
19,20,002387,维信诺,12.08,8.63,0.96,770662,929314976.87,6.56,12.23,11.5,12.23,11.12,5.57,-7.01,2.72
20,21,600619,海立股份,16.62,7.99,1.23,1109641,1701278651.0,18.71,16.88,14.0,15.39,15.39,14.06,589.11,2.92
21,22,688622,禾信仪器,46.07,7.41,3.18,29079,139069205.0,12.96,50.0,44.44,49.87,42.89,4.15,-109.18,7.78
22,23,600629,华建集团,9.06,7.35,0.62,1128249,1027159848.0,8.06,9.28,8.6,9.28,8.44,11.94,26.23,1.72
23,24,603679,华体科技,20.65,7.16,1.38,141710,285566827.0,14.63,21.1,18.28,21.1,19.27,8.68,-81.01,4.09
24,25,688660,电气风电,10.16,7.06,0.67,811133,741967346.0,23.18,10.2,8.0,9.6,9.49,6.08,-21.32,2.51
25,26,600221,海航控股,2.16,6.93,0.14,19063752,4053693749.0,15.84,2.22,1.9,2.13,2.02,5.8,32.22,21.43
26,27,002210,飞马国际,2.79,6.9,0.18,1571221,422120287.14,11.49,2.82,2.52,2.59,2.61,5.9,165.91,23.47
27,28,603030,全筑股份,3.34,6.37,0.2,638046,207016695.0,15.29,3.44,2.96,3.3,3.14,4.84,-95.89,4.41
28,29,002945,华林证券,16.17,6.1,0.93,639380,997754521.54,11.81,16.5,14.7,14.9,15.24,2.37,108.39,6.6
29,30,000099,中信海直,31.77,5.79,1.74,945005,2908306736.64,11.72,32.32,28.8,30.0,30.03,12.18,94.85,4.71
30,31,002892,科力尔,17.47,5.69,0.94,839573,1447386314.44,5.63,17.8,16.87,17.29,16.53,21.17,115.03,8.29
31,32,002285,世联行,3.83,5.22,0.19,1226357,463753586.17,10.44,3.98,3.6,3.66,3.64,6.21,-273.01,2.53
32,33,002247,聚力文化,3.63,5.22,0.18,766736,274659670.24,12.46,3.8,3.37,3.8,3.45,11.91,10.5,4.94
33,34,002217,*ST合泰,2.23,5.19,0.11,576482,125782410.08,6.6,2.23,2.09,2.19,2.12,1.85,-4.24,-0.9
34,35,000506,*ST中润,3.49,5.12,0.17,1181802,407555735.06,7.53,3.49,3.24,3.49,3.32,12.73,-26.99,5.34
35,36,002650,ST加加,4.54,5.09,0.22,38054,17276338.94,0.0,4.54,4.54,4.54,4.32,0.33,-57.98,2.59
36,37,002052,*ST同洲,3.94,5.07,0.19,199337,78402411.4,2.13,3.94,3.86,3.94,3.75,2.67,-154.41,-767.08
37,38,002700,ST浩源,10.45,5.03,0.5,16984,17748698.0,0.0,10.45,10.45,10.45,9.95,0.51,39.48,5.22
38,39,603559,*ST通脉,13.38,5.02,0.64,14131,18841560.0,1.41,13.38,13.2,13.3,12.74,0.99,-17.06,56.91
39,40,002822,ST中装,3.15,5.0,0.15,21528,6781320.0,0.0,3.15,3.15,3.15,3.0,0.41,-2.12,1.25
40,41,000620,新华联,2.31,5.0,0.11,1025127,232772041.88,10.91,2.38,2.14,2.24,2.2,2.47,121.83,2.47
41,42,002309,*ST中利,2.32,4.98,0.11,278094,64469491.06,2.26,2.32,2.27,2.32,2.21,3.2,-3.34,-2.06
42,43,603879,ST永悦,3.82,4.95,0.18,129811,49200887.0,3.85,3.82,3.68,3.79,3.64,3.61,-30.42,3.64
43,44,000622,*ST恒立,2.14,4.9,0.1,9213,1971582.0,0.0,2.14,2.14,2.14,2.04,0.22,-42.09,5.46
44,45,600804,*ST鹏博,1.74,4.82,0.08,13526,2353559.0,0.0,1.74,1.74,1.74,1.66,0.1,-5.43,5.12
45,46,603007,*ST花王,14.18,4.65,0.63,35357,49847025.0,2.95,14.23,13.83,13.84,13.55,0.87,-49.12,16.19
46,47,000536,华映科技,8.47,4.44,0.36,3736426,3080239600.32,18.0,8.76,7.3,8.2,8.11,13.52,-20.71,14.86
47,48,000584,*ST工智,3.23,4.19,0.13,298067,93980813.37,7.74,3.24,3.0,3.1,3.1,3.93,97.86,4.37
48,49,603666,亿嘉和,31.28,4.02,1.21,213935,684848396.0,9.88,33.07,30.1,33.07,30.07,10.36,-60.38,2.81
49,50,603963,*ST大药,3.33,2.78,0.09,69225,23105519.0,9.26,3.4,3.1,3.4,3.24,3.15,-27.8,2.02
50,51,002403,爱仕达,10.68,1.81,0.19,280122,311284876.5,8.96,11.54,10.6,11.54,10.49,9.43,1643.13,2.18
51,52,300581,晨曦航空,15.2,0.53,0.08,601379,918069854.55,10.91,15.9,14.25,14.92,15.12,10.93,-252.42,8.35
52,53,000566,海南海药,5.89,0.34,0.02,570262,334633567.73,7.5,6.1,5.66,5.67,5.87,4.89,-19.42,4.32
53,54,600190,ST锦港,1.79,0.0,0.0,468809,84043361.0,4.47,1.83,1.75,1.8,1.79,2.63,-1.26,0.78
54,55,600667,太极实业,9.04,-0.44,-0.04,1121601,1024427907.0,6.06,9.34,8.79,9.3,9.08,5.33,27.83,2.3
55,56,000040,ST旭蓝,1.53,-0.65,-0.01,402170,60448379.55,7.14,1.57,1.46,1.5,1.54,3.79,-13.01,0.21
56,57,000697,炼石航空,9.98,-0.99,-0.1,253083,254658287.81,10.12,10.66,9.64,10.66,10.08,4.49,-31.42,42.04
57,58,002124,ST天邦,3.43,-1.15,-0.04,631724,219461505.3,9.8,3.64,3.3,3.64,3.47,3.2,4.26,2.14
58,59,603363,*ST傲农,3.96,-1.74,-0.07,361344,145665735.0,9.93,4.23,3.83,4.23,4.03,4.9,-3.16,-1.89
59,60,603859,能科科技,29.42,-2.36,-0.71,219595,658962868.0,12.25,31.59,27.9,31.59,30.13,8.97,45.9,2.56
60,61,301592,六九一二,149.01,-3.02,-4.64,30106,444643323.67,9.33,155.0,140.66,149.0,153.65,17.2,666.04,12.02
61,62,002651,利君股份,7.47,-3.36,-0.26,356747,270401633.65,13.97,8.2,7.12,8.2,7.73,6.31,47.82,2.78
62,63,000639,西王食品,4.1,-3.53,-0.15,685144,289030593.61,15.76,4.59,3.92,4.2,4.25,6.35,53.03,1.31
63,64,000656,*ST金科,1.48,-3.9,-0.06,1871538,282343119.5,5.19,1.54,1.46,1.53,1.54,3.52,-1.11,-4.2
64,65,830896,旺成科技,21.85,-4.21,-0.96,46258,104856897.6,14.77,24.55,21.18,21.78,22.81,10.42,76.52,5.52
65,66,000576,甘化科工,7.99,-4.43,-0.37,120197,95830132.21,3.11,8.06,7.8,8.06,8.36,2.77,130.58,2.17
66,67,600363,联创光电,58.89,-4.68,-2.89,406617,2366666432.0,8.34,60.75,55.6,60.75,61.78,8.93,59.94,6.29
67,68,835857,百甲科技,9.24,-5.42,-0.53,79521,73273198.79,10.85,9.68,8.62,9.68,9.77,6.84,146.89,2.31
68,69,832171,志晟信息,20.0,-5.62,-1.19,51968,102377956.41,6.09,20.29,19.0,19.41,21.19,7.71,-42.01,7.87
69,70,002797,第一创业,9.75,-5.89,-0.61,2649872,2590965327.22,5.89,10.05,9.44,9.76,10.36,6.31,47.93,2.62
70,71,837006,晟楠科技,33.06,-6.32,-2.23,52053,172171980.87,6.23,34.0,31.8,33.22,35.29,16.2,177.36,8.69
71,72,838837,华原股份,19.79,-7.05,-1.5,48923,95768295.43,8.08,20.88,19.16,19.16,21.29,3.58,47.41,5.88
72,73,300551,古鳌科技,16.09,-7.58,-1.32,402910,646904426.5,5.74,16.67,15.67,15.7,17.41,13.39,-22.0,7.4
73,74,000415,渤海租赁,4.43,-9.03,-0.44,3786670,1697253892.68,7.8,4.76,4.38,4.76,4.87,7.02,12.92,0.9
74,75,002416,爱施德,19.27,-10.0,-2.14,611008,1216527862.15,10.0,21.41,19.27,20.0,21.41,4.99,34.12,3.98
