,排名,板块名称,板块代码,最新价,涨跌额,涨跌幅,总市值,换手率,上涨家数,下跌家数,领涨股票,领涨股票-涨跌幅
0,1,航空机场,BK0420,5189.51,63.38,1.24,733784656000,0.0,4,7,中信海直,9.99
1,2,农牧饲渔,BK0433,13617.82,160.35,1.19,1010759552000,0.0,39,29,康农种业,28.08
2,3,汽车零部件,BK0481,34041.75,345.31,1.02,1691828192000,0.0,99,82,骏创科技,30.0
3,4,电池,BK1033,955.66,8.55,0.9,2077589040000,0.0,44,21,丰元股份,9.99
4,5,采掘行业,BK1017,1184.28,10.01,0.85,324389360000,0.0,9,10,贝肯能源,10.01
5,6,农药兽药,BK0730,980.21,7.84,0.81,272279904000,0.0,18,15,蓝丰生化,10.03
6,7,电源设备,BK1034,1673.87,13.14,0.79,411426624000,0.0,13,11,上海电气,10.02
7,8,工程建设,BK0425,22809.22,143.93,0.64,1595845920000,0.0,28,27,大千生态,10.04
8,9,仪器仪表,BK0458,14103.01,75.65,0.54,292391392000,0.0,23,29,禾信仪器,20.0
9,10,汽车服务,BK1016,923.74,4.75,0.52,67290124000,0.0,7,3,上海物贸,2.93
10,11,光学光电子,BK1038,1480.35,7.25,0.49,1142164480000,0.0,39,39,飞乐音响,10.08
11,12,公用事业,BK0427,8164.76,39.36,0.48,194698081000,0.0,8,9,渤海股份,10.03
12,13,旅游酒店,BK0485,14780.33,61.87,0.42,369180912000,0.0,12,11,大连圣亚,9.69
13,14,通信服务,BK0736,1029.52,3.93,0.38,3190975008000,0.0,17,15,*ST通脉,5.02
14,15,专用设备,BK0910,2339.47,8.57,0.37,1483812880000,0.0,98,108,蓝海华腾,20.02
15,16,通用设备,BK0545,30359.11,103.97,0.34,1149174112000,0.0,80,87,吉冈精密,24.5
16,17,装修装饰,BK0725,505.13,1.72,0.34,125493334000,0.0,15,17,聚力文化,10.14
17,18,纺织服装,BK0436,9841.14,31.05,0.32,493531904000,0.0,38,34,日播时尚,10.03
18,19,航天航空,BK0480,49786.54,151.06,0.3,1107100112000,0.0,8,30,晟楠科技,28.93
19,20,电子元件,BK0459,23093.67,68.11,0.3,1886075552000,0.0,42,66,金运激光,20.04
20,21,电机,BK1030,1766.74,4.92,0.28,191787543000,0.0,10,13,科力尔,9.98
21,22,小金属,BK1027,2034.42,5.63,0.28,716714912000,0.0,15,20,银河磁体,11.93
22,23,物流行业,BK0422,6339.31,17.53,0.28,853592656000,0.0,20,23,西部创业,10.06
23,24,商业百货,BK0482,14660.18,37.82,0.26,509922528000,0.0,16,33,爱施德,10.0
24,25,环保行业,BK0728,414.04,0.86,0.21,629165072000,0.0,43,51,兴源环境,20.0
25,26,非金属材料,BK1020,1257.26,2.5,0.2,379818944000,0.0,11,16,道氏技术,6.74
26,27,专业服务,BK1043,1177.68,2.32,0.2,210015883000,0.0,16,14,*ST天沃,5.04
27,28,化学原料,BK1019,757.64,1.36,0.18,861091376000,0.0,30,32,巍华新材,8.18
28,29,燃气,BK1028,1484.7,2.59,0.17,282595344000,0.0,10,10,ST浩源,5.03
29,30,家电行业,BK0456,19061.57,33.17,0.17,1877179168000,0.0,22,45,爱仕达,10.01
30,31,电网设备,BK0457,24690.89,41.12,0.17,1278123232000,0.0,44,48,亿能电力,29.98
31,32,铁路公路,BK0421,8408.85,7.02,0.08,698805760000,0.0,9,12,大众交通,1.57
32,33,计算机设备,BK0735,1229.79,0.51,0.04,953577216000,0.0,12,33,航天长峰,10.04
33,34,包装材料,BK0733,959.99,0.38,0.04,129741418000,0.0,8,12,紫江企业,9.97
34,35,化学制品,BK0538,22920.29,7.87,0.03,1314381632000,0.0,49,73,凯华材料,11.56
35,36,房地产开发,BK0451,13827.46,-2.23,-0.02,1265043200000,0.0,16,48,荣盛发展,10.14
36,37,游戏,BK1046,1098.92,-0.42,-0.04,336410144000,0.0,8,12,*ST文投,4.8
37,38,医疗器械,BK1041,807.37,-0.34,-0.04,1350160048000,0.0,24,62,浩欧博,20.0
38,39,文化传媒,BK0486,9418.77,-4.41,-0.05,1063731216000,0.0,25,49,省广集团,10.03
39,40,工程咨询服务,BK0726,723.86,-0.48,-0.07,201985687000,0.0,17,18,华建集团,9.95
40,41,水泥建材,BK0424,24738.5,-20.43,-0.08,383456224000,0.0,6,15,ST三圣,5.03
41,42,化学制药,BK0465,29451.26,-27.18,-0.09,1727882384000,0.0,39,73,无锡晶海,10.43
42,43,食品饮料,BK0438,24535.89,-24.28,-0.1,1604766560000,0.0,33,57,黑芝麻,10.0
43,44,半导体,BK1036,1362.53,-1.35,-0.1,4379064064000,0.0,62,68,龙图光罩,3.29
44,45,塑料制品,BK0454,12104.18,-13.0,-0.11,362621120000,0.0,26,40,喜悦智行,8.99
45,46,造纸印刷,BK0470,8691.78,-9.51,-0.11,249771013000,0.0,10,19,凯腾精工,3.26
46,47,电力行业,BK0428,16378.87,-20.66,-0.13,3074715712000,0.0,13,41,永泰能源,3.55
47,48,中药,BK1040,1451.35,-1.96,-0.13,955518464000,0.0,15,36,*ST大药,4.94
48,49,橡胶制品,BK1018,1383.56,-2.2,-0.16,281107728000,0.0,7,15,黑猫股份,10.03
49,50,酿酒行业,BK0477,53021.21,-88.14,-0.17,3855385824000,0.0,5,21,百润股份,1.78
50,51,钢铁行业,BK0479,7330.68,-13.04,-0.18,875426352000,0.0,13,24,海南矿业,2.56
51,52,银行,BK0475,3575.23,-7.19,-0.2,12410967040000,0.0,1,30,光大银行,0.29
52,53,贸易行业,BK0484,9519.56,-19.24,-0.2,322330576000,0.0,5,18,建邦科技,5.69
53,54,消费电子,BK1037,1419.39,-2.9,-0.2,2001528800000,0.0,23,61,朗特智能,19.99
54,55,玻璃玻纤,BK0546,34989.4,-73.39,-0.21,344537600000,0.0,7,10,金晶科技,1.14
55,56,通信设备,BK0448,12856.62,-28.33,-0.22,1533786016000,0.0,26,59,瑞斯康达,10.01
56,57,互联网服务,BK0447,21794.82,-48.52,-0.22,1674979280000,0.0,36,86,赛为智能,20.0
57,58,生物制品,BK1044,872.49,-2.11,-0.24,1290602384000,0.0,22,38,亚虹医药-U,4.94
58,59,煤炭行业,BK0437,11099.31,-27.47,-0.25,1901703296000,0.0,6,20,美锦能源,1.13
59,60,风电设备,BK1032,1105.86,-2.8,-0.25,324042176000,0.0,3,19,电气风电,20.02
60,61,交运设备,BK0429,9009.06,-23.45,-0.26,694597856000,0.0,13,20,朗进科技,5.15
61,62,汽车整车,BK1029,1655.85,-4.74,-0.29,2152991616000,0.0,4,17,动力新科,9.98
62,63,软件开发,BK0737,1050.31,-3.48,-0.33,2268139504000,0.0,47,104,殷图网联,29.99
63,64,装修建材,BK0476,12319.9,-41.0,-0.33,466313888000,0.0,22,33,濮耐股份,4.33
64,65,电子化学品,BK1039,1603.33,-5.94,-0.37,283532384000,0.0,7,17,格林达,1.43
65,66,石油行业,BK0464,5369.38,-20.0,-0.37,3729579088000,0.0,2,8,康普顿,0.58
66,67,化肥行业,BK0731,1345.56,-5.74,-0.42,388537136000,0.0,12,10,兴发集团,3.09
67,68,医疗服务,BK0727,1020.95,-4.44,-0.43,709086064000,0.0,10,24,三博脑科,1.61
68,69,航运港口,BK0450,10109.72,-44.11,-0.43,1059958528000,0.0,6,26,ST锦港,5.03
69,70,家用轻工,BK0440,35113.45,-153.5,-0.44,263531240000,0.0,7,26,高乐股份,10.06
70,71,珠宝首饰,BK0734,353.26,-1.57,-0.44,137903142000,0.0,1,10,明牌珠宝,0.81
71,72,综合行业,BK0539,9737.19,-47.47,-0.49,189088365000,0.0,7,8,粤桂股份,3.72
72,73,船舶制造,BK0729,877.21,-4.46,-0.51,414995584000,0.0,0,8,中国动力,0.0
73,74,美容护理,BK1035,795.1,-4.52,-0.57,305826896000,0.0,3,17,华业香料,12.73
74,75,化纤行业,BK0471,12747.39,-80.02,-0.62,445438528000,0.0,5,16,荣盛石化,1.02
75,76,医药商业,BK1042,1017.63,-7.88,-0.77,337502848000,0.0,5,21,泰恩康,1.13
76,77,房地产服务,BK1045,1169.18,-9.56,-0.81,99337027000,0.0,4,11,世联行,6.87
77,78,证券,BK0473,154907.47,-1382.0,-0.88,3631272320000,0.0,2,43,华林证券,9.97
78,79,能源金属,BK1015,506.78,-4.92,-0.96,364384480000,0.0,0,11,格林美,0.0
79,80,保险,BK0474,1464.1,-14.42,-0.98,3149323328000,0.0,1,5,中国太保,0.03
80,81,有色金属,BK0478,16417.99,-163.9,-0.99,1141447040000,0.0,10,49,常铝股份,2.01
81,82,多元金融,BK0738,656.96,-7.54,-1.13,541276832000,0.0,2,19,渤海租赁,9.86
82,83,工程机械,BK0739,1527.81,-19.12,-1.24,633299392000,0.0,10,20,山河智能,9.03
83,84,光伏设备,BK1031,1284.99,-22.91,-1.75,1649298768000,0.0,7,63,露笑科技,9.97
84,85,教育,BK0740,677.27,-13.99,-2.02,93035387000,0.0,3,10,科德教育,1.59
85,86,贵金属,BK0732,1117.52,-31.57,-2.75,790027680000,0.0,1,12,*ST中润,5.12
