,序号,代码,名称,最新价,涨跌幅,涨跌额,成交量,成交额,振幅,最高,最低,今开,昨收,换手率,市盈率-动态,市净率
0,1,300981,中红医疗,14.7,13.95,1.8,108104.0,156705967.16,16.2,15.47,13.38,13.38,12.9,3.02,84.26,1.02
1,2,002936,郑州银行,2.26,10.24,0.21,2090295.0,458276665.9,8.78,2.26,2.08,2.09,2.05,3.12,6.87,0.46
2,3,000717,中南股份,2.93,10.15,0.27,434833.0,126260045.43,5.64,2.93,2.78,2.83,2.66,1.79,-6.26,0.86
3,4,002110,三钢闽光,3.91,10.14,0.36,298545.0,115126291.37,6.76,3.91,3.67,3.67,3.55,1.23,-5.41,0.5
4,5,000402,金 融 街,3.93,10.08,0.36,982987.0,383649048.15,6.16,3.93,3.71,3.72,3.57,3.29,-3.37,0.35
5,6,600787,中储股份,6.88,10.08,0.63,228199.0,157000843.0,0.0,6.88,6.88,6.88,6.25,1.05,29.17,1.09
6,7,600104,上汽集团,19.0,10.02,1.73,1089848.0,2069629590.0,1.97,19.0,18.66,19.0,17.27,0.94,23.88,0.75
7,8,000990,诚志股份,8.79,10.01,0.8,189272.0,164339707.7,5.13,8.79,8.38,8.38,7.99,1.56,36.67,0.6
8,9,002462,嘉事堂,14.21,9.98,1.29,101023.0,141149485.0,7.2,14.21,13.28,13.28,12.92,3.47,13.46,0.94
9,10,600676,交运股份,5.51,9.98,0.5,103060.0,56786170.0,0.0,5.51,5.51,5.51,5.01,1.0,-18.89,1.07
10,11,601828,美凯龙,3.64,9.97,0.33,202409.0,73677022.0,0.0,3.64,3.64,3.64,3.31,0.56,-6.3,0.33
11,12,000608,阳光股份,2.65,9.96,0.24,300687.0,78346648.96,7.88,2.65,2.46,2.46,2.41,4.04,-74.14,0.82
12,13,600884,杉杉股份,9.4,9.94,0.85,455199.0,423401623.0,8.42,9.41,8.69,8.7,8.55,2.59,684.38,0.96
13,14,002344,海宁皮城,4.76,9.93,0.43,33372.0,15885290.96,0.0,4.76,4.76,4.76,4.33,0.26,63.49,0.73
14,15,000900,现代投资,4.55,9.9,0.41,376387.0,169182160.1,6.76,4.55,4.27,4.27,4.14,2.48,12.75,0.63
15,16,002392,北京利尔,4.41,9.7,0.39,646710.0,284884561.65,2.74,4.42,4.31,4.42,4.02,7.74,12.71,0.97
16,17,000926,福星股份,2.96,9.63,0.26,918994.0,269539678.36,6.3,2.97,2.8,2.81,2.7,5.84,212.65,0.39
17,18,603808,歌力思,8.22,9.45,0.71,166308.0,133750934.0,8.66,8.26,7.61,7.81,7.51,4.51,105.71,1.07
18,19,600704,物产中大,5.7,9.2,0.48,1452100.0,821403649.0,7.47,5.74,5.35,5.39,5.22,2.82,9.52,0.81
19,20,600157,永泰能源,1.69,9.03,0.14,11516605.0,1918759889.0,8.39,1.71,1.58,1.59,1.55,5.18,19.24,0.8
20,21,300195,长荣股份,6.1,8.93,0.5,130735.0,76610614.0,8.57,6.12,5.64,5.7,5.6,4.16,572.86,0.97
21,22,600606,绿地控股,2.45,8.89,0.2,1931533.0,471776073.0,8.0,2.48,2.3,2.3,2.25,1.37,109.15,0.42
22,23,600682,南京新百,7.06,8.78,0.57,335938.0,236153934.0,7.7,7.14,6.64,6.71,6.49,2.88,32.17,0.55
23,24,000709,河钢股份,2.36,8.76,0.19,1509723.0,351917584.09,7.83,2.39,2.22,2.22,2.17,1.46,32.17,0.48
24,25,300070,碧水源,6.28,8.65,0.5,989748.0,622966154.56,5.88,6.49,6.15,6.15,5.78,2.88,-397.49,0.84
25,26,002958,青农商行,3.36,8.39,0.26,1445546.0,478631692.52,7.74,3.41,3.17,3.17,3.1,2.93,4.37,0.53
26,27,002582,好想你,6.56,8.25,0.5,245056.0,161715274.66,6.77,6.67,6.26,6.26,6.06,7.14,-36.73,0.83
27,28,688068,热景生物,34.8,8.11,2.61,48884.0,173395051.0,10.38,36.67,33.33,33.69,32.19,5.29,-59.39,0.99
28,29,600508,上海能源,14.37,7.88,1.05,128326.0,182192102.0,5.03,14.4,13.73,13.77,13.32,1.78,12.45,0.81
29,30,000069,华侨城Ａ,3.06,7.75,0.22,1101078.0,337727674.6,6.69,3.12,2.93,2.94,2.84,1.6,-7.85,0.43
30,31,600658,电子城,4.93,7.64,0.35,172873.0,83479989.0,5.68,4.96,4.7,4.7,4.58,1.55,-8.43,0.81
31,32,000898,鞍钢股份,2.54,7.63,0.18,555223.0,138696032.07,5.93,2.54,2.4,2.4,2.36,0.7,-3.52,0.48
32,33,600510,黑牡丹,5.09,7.16,0.34,323464.0,167425668.0,4.42,5.23,5.02,5.1,4.75,3.13,49.64,0.52
33,34,002394,联发股份,7.94,7.01,0.52,150760.0,121685915.3,4.04,8.16,7.86,7.97,7.42,4.66,14.77,0.64
34,35,600969,郴电国际,7.03,7.0,0.46,190520.0,136516826.0,6.39,7.23,6.81,6.81,6.57,5.15,32.27,0.71
35,36,600739,辽宁成大,12.22,6.72,0.77,222173.0,270962315.0,4.98,12.45,11.88,11.9,11.45,1.45,19.71,0.63
36,37,600067,冠城大通,3.41,6.56,0.21,350577.0,118526973.0,7.81,3.49,3.24,3.27,3.2,2.52,-49.24,0.74
37,38,601186,中国铁建,9.98,6.51,0.61,1005454.0,991427378.0,3.09,10.0,9.71,9.86,9.37,0.87,6.48,0.52
38,39,601618,中国中冶,3.6,6.51,0.22,1067589.0,377725036.0,3.55,3.61,3.49,3.49,3.38,0.6,8.19,0.73
39,40,688075,安旭生物,40.21,6.49,2.45,7865.0,31592404.0,7.28,40.99,38.24,38.24,37.76,0.62,28.23,0.99
40,41,833819,颖泰生物,4.34,6.37,0.26,170052.0,75115973.17,10.54,4.65,4.22,4.4,4.08,1.41,-20.13,0.98
41,42,000050,深天马Ａ,9.7,6.36,0.58,612153.0,603018212.98,6.25,10.03,9.46,9.59,9.12,2.49,-37.83,0.87
42,43,002048,宁波华翔,13.81,6.31,0.82,124252.0,168078962.28,5.39,13.85,13.15,13.15,12.99,2.38,11.76,0.99
43,44,600153,建发股份,10.04,6.24,0.59,403988.0,405791286.0,5.19,10.21,9.72,9.73,9.45,1.39,10.78,0.54
44,45,600390,五矿资本,7.89,6.19,0.46,1375760.0,1098364011.0,6.19,8.17,7.71,7.8,7.43,3.06,21.86,0.83
45,46,600694,大商股份,20.0,6.1,1.15,38816.0,76955676.0,4.03,20.14,19.38,19.49,18.85,1.24,8.84,0.72
46,47,002146,荣盛发展,2.11,6.03,0.12,1847529.0,391362887.98,7.04,2.19,2.05,2.05,1.99,4.74,-4.83,0.41
47,48,601005,重庆钢铁,1.62,5.88,0.09,1318873.0,211718925.0,4.58,1.63,1.56,1.56,1.53,1.57,-8.03,0.78
48,49,000059,华锦股份,5.37,5.5,0.28,178239.0,95806962.4,6.29,5.5,5.18,5.18,5.09,1.11,-3.41,0.69
49,50,600123,兰花科创,9.08,5.34,0.46,258773.0,233252585.0,3.36,9.16,8.87,8.88,8.62,1.74,14.31,0.83
50,51,601992,金隅集团,1.98,5.32,0.1,521496.0,103340234.0,5.85,2.02,1.91,1.91,1.88,0.63,-36.32,0.48
51,52,600016,民生银行,3.97,5.31,0.2,2329672.0,910740845.0,3.98,3.97,3.82,3.83,3.77,0.66,4.28,0.32
52,53,600335,国机汽车,6.77,5.29,0.34,273401.0,186689287.0,4.67,7.0,6.7,6.7,6.43,1.83,24.76,0.91
53,54,600782,新钢股份,4.01,5.25,0.2,218129.0,86888635.0,2.89,4.03,3.92,3.94,3.81,0.69,-16.35,0.49
54,55,600623,华谊集团,7.25,5.22,0.36,266437.0,191984061.0,3.77,7.32,7.06,7.06,6.89,1.43,19.22,0.68
55,56,001227,兰州银行,2.65,5.16,0.13,1202930.0,315422363.73,4.76,2.67,2.55,2.56,2.52,4.35,7.57,0.51
56,57,000501,武商集团,8.81,5.13,0.43,90146.0,78786982.5,3.46,8.86,8.57,8.59,8.38,1.17,40.93,0.61
57,58,000778,新兴铸管,4.1,5.13,0.2,491858.0,200397082.14,3.33,4.12,3.99,3.99,3.9,1.26,25.38,0.64
58,59,002277,友阿股份,3.29,5.11,0.16,772218.0,261497188.0,5.43,3.44,3.27,3.29,3.13,5.54,30.08,0.67
59,60,600051,宁波联合,6.84,5.07,0.33,54234.0,37307055.0,3.99,6.98,6.72,6.72,6.51,1.74,28.98,0.64
60,61,601880,辽港股份,1.66,5.06,0.08,1013966.0,165280149.0,4.43,1.66,1.59,1.59,1.58,0.54,31.48,0.99
61,62,600170,上海建工,2.7,5.06,0.13,1391546.0,375101321.0,5.06,2.75,2.62,2.62,2.57,1.57,13.32,0.78
62,63,601011,宝泰隆,2.52,5.0,0.12,282599.0,70250802.0,4.58,2.52,2.41,2.41,2.4,1.48,-13.26,0.82
63,64,600376,首开股份,2.94,5.0,0.14,197640.0,57556348.0,3.57,2.95,2.85,2.85,2.8,0.77,-1.33,0.55
64,65,600585,海螺水泥,26.95,4.99,1.28,105158.0,280725127.0,3.93,27.03,26.02,26.02,25.67,0.26,20.6,0.77
65,66,000825,太钢不锈,3.79,4.99,0.18,275082.0,103016725.66,3.88,3.79,3.65,3.67,3.61,0.48,-29.27,0.65
66,67,000090,天健集团,4.44,4.96,0.21,205176.0,90324694.69,2.6,4.44,4.33,4.35,4.23,1.1,18.94,0.74
67,68,601800,中国交建,11.48,4.94,0.54,642377.0,734628835.0,3.11,11.6,11.26,11.48,10.94,0.55,8.61,0.66
68,69,000028,国药一致,31.96,4.89,1.49,45737.0,145080317.0,4.33,32.23,30.91,30.91,30.47,0.96,12.52,0.98
69,70,002051,中工国际,9.54,4.84,0.44,397611.0,384423386.31,7.69,10.01,9.31,10.01,9.1,3.21,27.38,1.04
70,71,600017,日照港,3.26,4.82,0.15,327786.0,105820882.0,3.54,3.26,3.15,3.15,3.11,1.07,11.84,0.73
71,72,002314,南山控股,2.61,4.82,0.12,207841.0,53803614.0,4.02,2.63,2.53,2.54,2.49,1.55,-15.21,0.71
72,73,601512,中新集团,7.88,4.79,0.36,53124.0,41483807.0,5.05,7.98,7.6,7.62,7.52,0.35,13.18,0.82
73,74,600755,厦门国贸,7.01,4.78,0.32,285571.0,200172649.0,3.89,7.13,6.87,6.87,6.69,1.34,16.0,0.74
74,75,601390,中国中铁,6.88,4.72,0.31,1031484.0,708215565.0,3.04,6.98,6.78,6.86,6.57,0.51,6.21,0.57
75,76,600019,宝钢股份,6.89,4.71,0.31,668379.0,455038761.0,3.65,6.89,6.65,6.65,6.58,0.31,19.31,0.76
76,77,600022,山东钢铁,1.56,4.7,0.07,896091.0,137764323.0,4.03,1.56,1.5,1.51,1.49,0.84,-8.63,0.85
77,78,600716,凤凰股份,3.43,4.57,0.15,114148.0,39031427.0,3.96,3.47,3.34,3.34,3.28,1.22,-84.1,0.6
78,79,600811,东方集团,2.98,4.56,0.13,1384547.0,412463781.0,6.67,3.09,2.9,2.99,2.85,3.78,62.31,0.65
79,80,601238,广汽集团,9.17,4.56,0.4,299846.0,276720882.0,5.7,9.49,8.99,9.0,8.77,0.41,593.56,0.83
80,81,601997,贵阳银行,6.28,4.49,0.27,587831.0,367480171.0,3.16,6.33,6.14,6.15,6.01,1.61,4.34,0.38
81,82,600269,赣粤高速,5.35,4.49,0.23,182095.0,96335152.0,3.52,5.35,5.17,5.18,5.12,0.78,8.13,0.67
82,83,600339,中油工程,3.74,4.47,0.16,343614.0,128046809.0,1.96,3.75,3.68,3.68,3.58,0.62,24.77,0.79
83,84,600208,衢州发展,3.04,4.47,0.13,838220.0,255518781.0,4.12,3.1,2.98,2.99,2.91,0.99,9.78,0.59
84,85,000959,首钢股份,3.29,4.44,0.14,320573.0,104918641.81,3.49,3.31,3.2,3.21,3.15,0.49,94.18,0.52
85,86,600567,山鹰国际,1.9,4.4,0.08,1229950.0,232128652.0,3.3,1.91,1.85,1.86,1.82,2.3,111.46,0.67
86,87,600717,天津港,5.25,4.37,0.22,435658.0,229818940.0,5.17,5.4,5.14,5.14,5.03,1.51,12.76,0.79
87,88,000910,大亚圣象,7.7,4.34,0.32,29825.0,22878470.2,3.52,7.77,7.51,7.51,7.38,0.55,23.58,0.63
88,89,600015,华夏银行,7.38,4.24,0.3,443912.0,325256784.0,3.25,7.43,7.2,7.2,7.08,0.29,4.76,0.4
89,90,600997,开滦股份,7.18,4.21,0.29,86053.0,60992481.0,3.92,7.19,6.92,6.94,6.89,0.54,13.2,0.8
90,91,600655,豫园股份,6.21,4.19,0.25,117774.0,72618119.0,3.36,6.23,6.03,6.04,5.96,0.3,15.64,0.66
91,92,603359,东珠生态,4.97,4.19,0.2,135267.0,68289131.0,5.45,5.2,4.94,5.0,4.77,3.03,127.01,0.67
92,93,601117,中国化学,8.82,4.13,0.35,613159.0,537076705.0,4.25,8.98,8.62,8.8,8.47,1.01,10.53,0.89
93,94,000726,鲁  泰Ａ,6.59,4.11,0.26,82509.0,54307402.0,4.58,6.74,6.45,6.45,6.33,1.4,14.03,0.58
94,95,002258,利尔化学,8.68,4.08,0.34,85049.0,73340958.42,3.72,8.74,8.43,8.44,8.34,1.06,39.51,0.91
95,96,600266,城建发展,5.88,4.07,0.23,184951.0,107325543.0,3.72,5.9,5.69,5.73,5.65,0.89,16.78,0.6
96,97,600742,一汽富维,9.78,4.04,0.38,137357.0,136166662.0,4.79,10.14,9.69,9.75,9.4,1.85,13.59,0.86
97,98,600741,华域汽车,17.6,4.02,0.68,176161.0,311213853.0,4.2,17.94,17.23,17.23,16.92,0.56,9.3,0.92
98,99,000685,中山公用,9.08,4.01,0.35,141976.0,128136967.8,2.41,9.09,8.88,8.88,8.73,1.13,9.83,0.78
99,100,000882,华联股份,1.82,4.0,0.07,694044.0,127052881.0,4.57,1.87,1.79,1.8,1.75,2.54,123.61,0.72
100,101,001872,招商港口,21.36,3.99,0.82,94692.0,203682559.37,3.99,21.9,21.08,21.5,20.54,0.54,10.72,0.87
101,102,600528,中铁工业,8.7,3.94,0.33,178623.0,154319551.0,1.79,8.71,8.56,8.6,8.37,0.8,10.99,0.82
102,103,600808,马钢股份,2.39,3.91,0.09,261542.0,61938355.0,3.04,2.39,2.32,2.32,2.3,0.44,-5.48,0.73
103,104,601860,紫金银行,2.95,3.87,0.11,767019.0,224596756.0,3.52,2.97,2.87,2.87,2.84,2.17,5.99,0.56
104,105,600665,天地源,3.25,3.83,0.12,81624.0,26464089.0,4.15,3.29,3.16,3.16,3.13,0.94,20.99,0.7
105,106,600928,西安银行,3.8,3.83,0.14,262588.0,98795864.0,2.19,3.8,3.72,3.73,3.66,0.59,6.57,0.52
106,107,000488,晨鸣纸业,3.81,3.81,0.14,183236.0,69044375.0,3.81,3.83,3.69,3.7,3.67,1.09,-11.9,0.71
107,108,000932,华菱钢铁,4.65,3.79,0.17,588372.0,274699092.56,2.9,4.73,4.6,4.6,4.48,0.85,13.6,0.6
108,109,601718,际华集团,3.01,3.79,0.11,327733.0,98140377.0,3.45,3.04,2.94,2.94,2.9,0.75,-224.37,0.78
109,110,600960,渤海汽车,3.56,3.79,0.13,137904.0,49726533.0,5.83,3.7,3.5,3.5,3.43,1.45,-13.38,0.75
110,111,600000,浦发银行,9.9,3.77,0.36,294954.0,290925592.0,3.46,9.97,9.64,9.65,9.54,0.1,6.19,0.45
111,112,000055,方大集团,4.13,3.77,0.15,96388.0,40390856.52,5.53,4.31,4.09,4.11,3.98,1.43,22.22,0.73
112,113,600064,南京高科,8.01,3.76,0.29,149154.0,119031080.0,2.85,8.06,7.84,7.85,7.72,0.86,5.65,0.73
113,114,600668,尖峰集团,10.5,3.75,0.38,39565.0,41907233.0,4.84,10.84,10.35,10.37,10.12,1.15,38.4,0.71
114,115,000042,中洲控股,5.03,3.71,0.18,60706.0,30480506.0,4.12,5.14,4.94,4.95,4.85,0.91,-4.84,0.64
115,116,600248,陕建股份,4.76,3.7,0.17,243500.0,115709212.0,1.74,4.79,4.71,4.71,4.59,0.66,4.52,0.73
116,117,002081,金 螳 螂,3.66,3.68,0.13,162157.0,58864211.7,2.83,3.67,3.57,3.57,3.53,0.61,15.57,0.72
117,118,601668,中国建筑,6.27,3.64,0.22,1592147.0,993008987.0,2.15,6.31,6.18,6.18,6.05,0.39,4.93,0.58
118,119,600409,三友化工,5.74,3.61,0.2,188282.0,107403204.0,2.71,5.75,5.6,5.6,5.54,0.91,22.51,0.86
119,120,600155,华创云信,8.07,3.59,0.28,200395.0,159501051.0,3.34,8.09,7.83,7.88,7.79,0.9,124.8,0.91
120,121,000967,盈峰环境,4.9,3.59,0.17,66870.0,32643789.0,2.75,4.92,4.79,4.79,4.73,0.21,19.28,0.89
121,122,600098,广州发展,6.63,3.59,0.23,189381.0,124887668.0,2.5,6.64,6.48,6.48,6.4,0.54,10.99,0.87
122,123,000498,山东路桥,6.63,3.59,0.23,99643.0,65785843.1,2.66,6.7,6.53,6.58,6.4,0.68,5.33,0.73
123,124,600177,雅戈尔,7.84,3.57,0.27,223688.0,173934397.0,2.64,7.86,7.66,7.71,7.57,0.48,10.82,0.89
124,125,688186,广大特材,14.26,3.56,0.49,25231.0,36205528.0,5.45,14.7,13.95,13.95,13.77,1.18,28.89,0.91
125,126,600596,新安股份,8.55,3.51,0.29,88010.0,74475592.0,2.54,8.55,8.34,8.34,8.26,0.68,63.17,0.91
126,127,601187,厦门银行,5.61,3.51,0.19,181312.0,101166339.0,2.58,5.63,5.49,5.5,5.42,1.41,5.74,0.59
127,128,601818,光大银行,3.57,3.48,0.12,1388024.0,492173025.0,3.19,3.59,3.48,3.49,3.45,0.3,4.12,0.44
128,129,601598,中国外运,5.4,3.45,0.18,320602.0,172167240.0,2.68,5.42,5.28,5.28,5.22,0.61,10.46,1.02
129,130,600368,五洲交通,3.91,3.44,0.13,198262.0,77463633.0,2.91,3.95,3.84,3.84,3.78,1.23,8.33,0.93
130,131,000591,太阳能,5.14,3.42,0.17,455265.0,232174672.4,2.82,5.15,5.01,5.01,4.97,1.27,11.69,0.85
131,132,600383,金地集团,5.45,3.42,0.18,475252.0,257889099.0,2.28,5.48,5.36,5.4,5.27,1.05,-5.41,0.4
132,133,600278,东方创业,7.33,3.39,0.24,71379.0,53075738.0,5.64,7.65,7.25,7.29,7.09,0.82,25.68,0.85
133,134,600740,山西焦化,4.3,3.37,0.14,150977.0,64349803.0,2.88,4.3,4.18,4.2,4.16,0.59,32.7,0.72
134,135,000517,荣安地产,2.47,3.35,0.08,198808.0,48797771.63,2.51,2.48,2.42,2.42,2.39,0.8,18.54,1.0
135,136,002067,景兴纸业,3.75,3.31,0.12,287223.0,107607002.9,4.41,3.84,3.68,3.71,3.63,2.75,66.45,0.81
136,137,002004,华邦健康,4.72,3.28,0.15,93964.0,43892609.34,2.84,4.72,4.59,4.6,4.57,0.5,15.51,0.92
137,138,600502,安徽建工,5.07,3.26,0.16,221391.0,111603815.0,2.44,5.09,4.97,4.97,4.91,1.29,6.78,0.83
138,139,002061,浙江交科,4.44,3.26,0.14,224901.0,99751743.0,2.56,4.5,4.39,4.4,4.3,0.87,10.32,0.78
139,140,600649,城投控股,5.08,3.25,0.16,171015.0,86609692.0,3.05,5.13,4.98,4.99,4.92,0.68,-44.58,0.63
140,141,601333,广深铁路,3.5,3.24,0.11,542848.0,189239924.0,3.24,3.53,3.42,3.42,3.39,0.96,15.38,0.91
141,142,600076,康欣新材,2.23,3.24,0.07,200980.0,45376175.0,5.09,2.32,2.21,2.25,2.16,1.49,-17.92,0.71
142,143,601155,新城控股,14.12,3.22,0.44,66432.0,92973914.0,2.49,14.13,13.79,13.8,13.68,0.29,16.42,0.52
143,144,600874,创业环保,6.11,3.21,0.19,84119.0,51153508.0,2.03,6.13,6.01,6.01,5.92,0.68,10.62,1.01
144,145,600820,隧道股份,7.09,3.2,0.22,213240.0,150713508.0,1.75,7.12,7.0,7.0,6.87,0.68,11.15,0.75
145,146,600758,辽宁能源,3.56,3.19,0.11,68342.0,24174169.0,3.19,3.57,3.46,3.46,3.45,0.52,59.06,0.87
146,147,600908,无锡银行,6.15,3.19,0.19,245034.0,150674649.0,2.35,6.22,6.08,6.08,5.96,1.23,5.73,0.65
147,148,600780,通宝能源,6.18,3.17,0.19,38673.0,23624139.0,2.67,6.18,6.02,6.02,5.99,0.34,13.82,0.94
148,149,002029,七 匹 狼,6.23,3.15,0.19,58297.0,36495790.0,2.32,6.33,6.19,6.22,6.04,0.88,13.98,0.67
149,150,002233,塔牌集团,7.87,3.15,0.24,60861.0,47927847.85,2.88,7.96,7.74,7.75,7.63,0.51,18.47,0.8
150,151,601699,潞安环能,15.48,3.13,0.47,101490.0,155577119.0,2.53,15.49,15.11,15.16,15.01,0.34,12.41,0.99
151,152,000600,建投能源,5.28,3.13,0.16,149502.0,78386122.0,2.73,5.3,5.16,5.16,5.12,1.37,16.42,0.93
152,153,601588,北辰实业,1.99,3.11,0.06,322066.0,64450894.0,4.15,2.04,1.96,1.96,1.93,1.21,-5.41,0.58
153,154,600231,凌钢股份,2.01,3.08,0.06,66699.0,13436368.0,3.08,2.05,1.99,1.99,1.95,0.24,-3.15,0.96
154,155,002010,传化智联,5.03,3.07,0.15,262351.0,130810249.74,2.87,5.04,4.9,4.95,4.88,0.94,44.31,0.81
155,156,601778,晶科科技,3.03,3.06,0.09,278131.0,83945334.0,3.06,3.05,2.96,2.96,2.94,0.78,36.92,0.71
156,157,600657,信达地产,5.05,3.06,0.15,218989.0,110455423.0,2.45,5.1,4.98,4.99,4.9,0.77,-124.55,0.59
157,158,000419,通程控股,5.4,3.05,0.16,69843.0,38036637.36,3.24,5.54,5.37,5.38,5.24,1.28,15.06,0.86
158,159,002375,亚厦股份,4.06,3.05,0.12,89058.0,36305728.0,2.79,4.13,4.02,4.02,3.94,0.67,16.13,0.68
159,160,688298,东方生物,33.16,3.01,0.97,13713.0,45214442.0,3.95,33.46,32.19,32.54,32.19,0.68,-19.13,0.97
160,161,000623,吉林敖东,18.86,3.0,0.55,132049.0,248730537.62,2.51,19.06,18.6,18.66,18.31,1.11,13.6,0.78
161,162,600308,华泰股份,3.78,3.0,0.11,92305.0,34734151.0,1.91,3.79,3.72,3.73,3.67,0.61,25.66,0.62
162,163,600496,精工钢构,3.12,2.97,0.09,130661.0,40642147.0,2.31,3.14,3.07,3.07,3.03,0.65,9.91,0.72
163,164,600512,腾达建设,2.43,2.97,0.07,173850.0,42328964.0,2.97,2.46,2.39,2.39,2.36,1.1,18.66,0.62
164,165,600708,光明地产,3.14,2.95,0.09,176286.0,55244191.0,4.26,3.19,3.06,3.15,3.05,0.79,-13.97,0.67
165,166,600828,茂业商业,3.16,2.93,0.09,66407.0,21113322.0,4.89,3.25,3.1,3.19,3.07,0.38,26.67,0.77
166,167,000950,重药控股,5.63,2.93,0.16,115588.0,64989686.0,2.74,5.68,5.53,5.54,5.47,0.67,24.97,0.85
167,168,601669,中国电建,5.99,2.92,0.17,904508.0,540036812.0,2.41,6.05,5.91,5.98,5.82,0.69,8.79,0.76
168,169,000718,苏宁环球,2.47,2.92,0.07,161204.0,39688346.14,3.33,2.5,2.42,2.43,2.4,0.71,15.88,0.77
169,170,600020,中原高速,4.24,2.91,0.12,113815.0,48255790.0,3.64,4.31,4.16,4.16,4.12,0.51,8.68,0.84
170,171,600533,栖霞建设,2.48,2.9,0.07,106888.0,26706031.0,4.15,2.54,2.44,2.44,2.41,1.02,-11.22,0.64
171,172,603518,锦泓集团,7.8,2.9,0.22,36610.0,28731956.0,4.49,8.05,7.71,7.76,7.58,1.06,12.56,0.79
172,173,600180,瑞茂通,4.61,2.9,0.13,60932.0,28165863.0,3.57,4.71,4.55,4.56,4.48,0.56,29.98,0.64
173,174,002091,江苏国泰,7.81,2.9,0.22,164890.0,128538317.0,1.98,7.86,7.71,7.71,7.59,1.03,10.74,0.84
174,175,600035,楚天高速,4.27,2.89,0.12,97191.0,41338924.0,2.41,4.29,4.19,4.19,4.15,0.6,7.78,0.8
175,176,002393,力生制药,17.57,2.87,0.49,14636.0,25692023.2,2.34,17.7,17.3,17.3,17.08,0.57,20.08,0.91
176,177,600033,福建高速,3.59,2.87,0.1,208111.0,74299066.0,2.01,3.59,3.52,3.52,3.49,0.76,9.32,0.84
177,178,601577,长沙银行,8.69,2.84,0.24,148648.0,128687815.0,1.89,8.73,8.57,8.57,8.45,0.37,4.24,0.54
178,179,000965,天保基建,3.28,2.82,0.09,167584.0,55177513.5,3.13,3.34,3.24,3.24,3.19,1.51,3067.3,0.67
179,180,300664,鹏鹞环保,5.12,2.81,0.14,75611.0,38490094.95,2.21,5.14,5.03,5.03,4.98,1.01,13.93,0.91
180,181,600643,爱建集团,5.86,2.81,0.16,88838.0,51994709.0,2.81,5.94,5.78,5.81,5.7,0.56,28.25,0.74
181,182,000627,天茂集团,4.03,2.81,0.11,495844.0,198687741.2,3.83,4.09,3.94,3.98,3.92,1.09,-44.83,0.91
182,183,600094,大名城,3.69,2.79,0.1,101306.0,37127380.0,2.23,3.7,3.62,3.64,3.59,0.44,29.43,0.72
183,184,600971,恒源煤电,9.68,2.76,0.26,79495.0,76454825.0,2.23,9.69,9.48,9.48,9.42,0.66,9.22,0.92
184,185,601998,中信银行,6.74,2.74,0.18,273713.0,183533413.0,2.13,6.76,6.62,6.63,6.56,0.07,5.23,0.54
185,186,603113,金能科技,6.06,2.71,0.16,49464.0,30189278.0,4.41,6.19,5.93,5.95,5.9,0.58,-118.84,0.61
186,187,000877,天山股份,6.45,2.71,0.17,70961.0,46011288.49,3.66,6.6,6.37,6.37,6.28,0.39,-9.18,0.57
187,188,002191,劲嘉股份,4.58,2.69,0.12,92098.0,42236212.0,2.91,4.65,4.52,4.55,4.46,0.64,21.01,0.99
188,189,601988,中国银行,4.99,2.67,0.13,1566397.0,777829340.0,2.88,5.02,4.88,4.88,4.86,0.07,6.27,0.62
189,190,000949,新乡化纤,3.84,2.67,0.1,203313.0,78116917.0,4.55,3.93,3.76,3.76,3.74,1.39,24.57,1.0
190,191,601166,兴业银行,18.53,2.66,0.48,397627.0,733766448.0,2.27,18.61,18.2,18.2,18.05,0.19,4.58,0.51
191,192,000001,平安银行,11.74,2.62,0.3,825092.0,966649760.51,1.4,11.78,11.62,11.63,11.44,0.43,4.3,0.54
192,193,600337,美克家居,1.97,2.6,0.05,123531.0,24362740.0,5.21,2.03,1.93,1.94,1.92,0.86,-4.82,0.9
193,194,601963,重庆银行,9.56,2.58,0.24,78337.0,74139129.0,2.04,9.56,9.37,9.45,9.32,0.42,5.63,0.63
194,195,600284,浦东建设,6.42,2.56,0.16,70398.0,45119580.0,2.56,6.51,6.35,6.36,6.26,0.73,10.11,0.8
195,196,600526,菲达环保,4.85,2.54,0.12,57857.0,28155593.0,3.38,4.93,4.77,4.77,4.73,0.81,20.33,1.01
196,197,000785,居然之家,2.83,2.54,0.07,223515.0,63336904.0,2.9,2.87,2.79,2.79,2.76,0.38,18.24,0.88
197,198,601678,滨化股份,4.05,2.53,0.1,124378.0,50226539.0,2.53,4.06,3.96,3.96,3.95,0.6,33.04,0.73
198,199,600736,苏州高新,5.67,2.53,0.14,208582.0,119221602.0,4.88,5.85,5.58,5.68,5.53,1.81,20.66,0.87
199,200,000552,甘肃能化,2.84,2.53,0.07,350590.0,99050560.0,2.17,2.85,2.79,2.79,2.77,0.94,11.05,0.91
200,201,000619,海螺新材,5.29,2.52,0.13,38670.0,20558590.0,4.07,5.42,5.21,5.26,5.16,1.07,-66.27,0.87
201,202,600639,浦东金桥,11.42,2.51,0.28,55584.0,63432509.0,2.78,11.56,11.25,11.25,11.14,0.65,24.61,0.91
202,203,601868,中国能建,2.46,2.5,0.06,1601927.0,392930377.0,2.5,2.48,2.42,2.43,2.4,0.49,21.34,0.99
203,204,601163,三角轮胎,15.26,2.48,0.37,46482.0,70453517.0,1.95,15.27,14.98,15.04,14.89,0.58,10.36,0.92
204,205,603077,和邦生物,2.07,2.48,0.05,526321.0,108659407.0,2.48,2.09,2.04,2.04,2.02,0.6,61.95,0.97
205,206,002948,青岛银行,3.8,2.43,0.09,289959.0,109817502.9,2.16,3.82,3.74,3.74,3.71,0.93,4.8,0.61
206,207,000789,万年青,5.49,2.43,0.13,38976.0,21489807.45,4.29,5.61,5.38,5.38,5.36,0.49,470.52,0.65
207,208,002608,江苏国信,7.65,2.41,0.18,83421.0,63559102.0,2.54,7.67,7.48,7.53,7.47,0.22,7.42,0.9
208,209,000690,宝新能源,4.69,2.4,0.11,206806.0,96756670.0,2.18,4.72,4.62,4.63,4.58,0.95,12.92,0.84
209,210,601328,交通银行,7.29,2.39,0.17,602352.0,436925168.0,2.11,7.31,7.16,7.16,7.12,0.15,5.91,0.57
210,211,603980,吉华集团,4.31,2.38,0.1,51256.0,22386969.0,4.75,4.46,4.26,4.26,4.21,0.76,17.07,0.75
211,212,000039,中集集团,8.65,2.37,0.2,116739.0,100821976.3,2.01,8.7,8.53,8.54,8.45,0.51,19.14,1.0
212,213,002398,垒知集团,4.35,2.35,0.1,57728.0,25178261.68,3.06,4.42,4.29,4.29,4.25,1.0,23.74,0.85
213,214,001213,中铁特货,4.35,2.35,0.1,154602.0,67155036.0,1.41,4.37,4.31,4.31,4.25,0.35,25.31,1.02
214,215,601003,柳钢股份,3.07,2.33,0.07,75650.0,23256198.0,2.33,3.1,3.03,3.03,3.0,0.3,-19.2,0.93
215,216,601169,北京银行,5.72,2.33,0.13,734649.0,418904616.0,1.97,5.75,5.64,5.65,5.59,0.35,4.4,0.45
216,217,002133,广宇集团,2.64,2.33,0.06,100571.0,26644795.0,3.1,2.69,2.61,2.61,2.58,1.31,-10.08,0.54
217,218,000906,浙商中拓,6.61,2.32,0.15,123943.0,82762134.38,3.87,6.79,6.54,6.59,6.46,1.77,8.4,0.97
218,219,300569,天能重工,5.31,2.31,0.12,75750.0,39991093.0,4.05,5.38,5.17,5.32,5.19,0.74,706.95,0.99
219,220,002478,常宝股份,5.32,2.31,0.12,63219.0,33576881.3,2.31,5.35,5.23,5.25,5.2,0.88,8.74,0.88
220,221,688199,久日新材,16.41,2.31,0.37,7171.0,11695974.0,2.18,16.5,16.15,16.15,16.04,0.44,-82.24,1.02
221,222,002839,张家港行,4.46,2.29,0.1,275669.0,122848753.0,1.61,4.49,4.42,4.42,4.36,1.17,5.5,0.65
222,223,000401,冀东水泥,5.83,2.28,0.13,61007.0,35618073.57,2.63,5.91,5.76,5.78,5.7,0.39,-39.17,0.55
223,224,002589,瑞康医药,3.15,2.27,0.07,190997.0,60335022.0,4.87,3.24,3.09,3.12,3.08,1.4,91.61,0.86
224,225,600805,悦达投资,4.52,2.26,0.1,40721.0,18420232.0,2.49,4.57,4.46,4.5,4.42,0.48,114.74,0.87
225,226,601518,吉林高速,2.72,2.26,0.06,99077.0,26909101.0,2.63,2.75,2.68,2.68,2.66,0.52,9.9,0.98
226,227,600827,百联股份,9.99,2.25,0.22,60033.0,60341351.0,2.97,10.16,9.87,9.87,9.77,0.37,8.25,0.92
227,228,000883,湖北能源,5.03,2.24,0.11,183187.0,91673259.58,2.24,5.05,4.94,4.94,4.92,0.28,9.96,0.95
228,229,600810,神马股份,7.37,2.22,0.16,49283.0,36426429.0,2.64,7.49,7.3,7.49,7.21,0.49,210.37,1.01
229,230,000507,珠海港,5.13,2.19,0.11,71341.0,36764501.16,3.19,5.22,5.06,5.06,5.02,0.79,14.82,0.9
230,231,600583,海油工程,5.6,2.19,0.12,154931.0,86440176.0,1.64,5.62,5.53,5.53,5.48,0.35,10.64,0.96
231,232,002807,江阴银行,4.21,2.18,0.09,254257.0,107125139.92,1.46,4.24,4.18,4.19,4.12,1.03,6.89,0.59
232,233,600325,华发股份,6.66,2.15,0.14,139571.0,92640721.0,2.45,6.72,6.56,6.57,6.52,0.54,10.33,0.87
233,234,002440,闰土股份,6.72,2.13,0.14,24181.0,16236252.79,2.28,6.8,6.65,6.66,6.58,0.26,37.53,0.81
234,235,601018,宁波港,3.87,2.11,0.08,266504.0,103038287.0,2.11,3.89,3.81,3.81,3.79,0.17,13.75,0.97
235,236,601916,浙商银行,2.91,2.11,0.06,1079334.0,313598994.0,2.11,2.93,2.87,2.87,2.85,0.5,4.64,0.47
236,237,601368,绿城水务,4.93,2.07,0.1,25718.0,12610872.0,1.66,4.94,4.86,4.87,4.83,0.29,24.35,0.91
237,238,600693,东百集团,3.49,2.05,0.07,40639.0,14201836.0,4.39,3.57,3.42,3.42,3.42,0.47,26.64,0.86
238,239,000797,中国武夷,3.0,2.04,0.06,206565.0,62148652.04,3.06,3.06,2.97,2.97,2.94,1.32,75.76,0.9
239,240,000581,威孚高科,18.53,2.04,0.37,37496.0,69359268.64,1.82,18.66,18.33,18.34,18.16,0.46,10.85,0.95
240,241,600075,新疆天业,4.53,2.03,0.09,49767.0,22478402.0,1.8,4.56,4.48,4.48,4.44,0.29,574.9,0.87
241,242,601528,瑞丰银行,5.66,1.98,0.11,350899.0,200828943.0,3.78,5.84,5.63,5.73,5.55,2.06,5.78,0.62
242,243,002040,南 京 港,6.69,1.98,0.13,27652.0,18576515.4,2.9,6.8,6.61,6.66,6.56,0.57,19.81,1.01
243,244,600748,上实发展,3.64,1.96,0.07,76645.0,28036120.0,4.2,3.74,3.59,3.63,3.57,0.42,-18.05,0.69
244,245,000417,合百集团,5.31,1.92,0.1,56784.0,30282052.0,2.88,5.41,5.26,5.29,5.21,0.73,14.88,0.88
245,246,600859,王府井,14.95,1.91,0.28,112340.0,168414799.0,2.04,15.15,14.85,14.88,14.67,1.03,29.82,0.85
246,247,600173,卧龙地产,4.28,1.9,0.08,31086.0,13320691.0,2.62,4.34,4.23,4.23,4.2,0.44,20.8,0.78
247,248,600790,轻纺城,3.78,1.89,0.07,80765.0,30536342.0,2.43,3.82,3.73,3.74,3.71,0.55,18.81,0.88
248,249,000553,安道麦A,6.59,1.85,0.12,34060.0,22392418.0,2.32,6.65,6.5,6.5,6.47,0.16,-6.26,0.78
249,250,000589,贵州轮胎,4.98,1.84,0.09,217126.0,108426119.1,2.45,5.06,4.94,4.95,4.89,1.42,10.36,0.89
250,251,601010,文峰股份,2.23,1.83,0.04,108005.0,24150262.0,3.2,2.27,2.2,2.21,2.19,0.58,44.56,0.95
251,252,603012,创力集团,5.05,1.81,0.09,39333.0,19865553.0,2.62,5.11,4.98,4.98,4.96,0.61,17.26,0.89
252,253,601233,桐昆股份,12.37,1.81,0.22,86251.0,106321256.0,1.89,12.42,12.19,12.2,12.15,0.36,22.22,0.82
253,254,603385,惠达卫浴,6.75,1.81,0.12,19329.0,13112358.0,4.07,6.93,6.66,6.73,6.63,0.51,20.62,0.69
254,255,601886,江河集团,5.67,1.8,0.1,36388.0,20547181.0,1.62,5.7,5.61,5.64,5.57,0.32,11.13,0.9
255,256,000822,山东海化,5.68,1.79,0.1,44625.0,25350403.65,3.05,5.77,5.6,5.6,5.58,0.5,22.2,0.97
256,257,601825,沪农商行,8.0,1.78,0.14,90581.0,71821556.0,1.65,8.0,7.87,7.9,7.86,0.1,5.52,0.65
257,258,600984,建设机械,3.43,1.78,0.06,74149.0,25635176.0,4.45,3.53,3.38,3.44,3.37,0.59,-5.15,0.93
258,259,002585,双星新材,5.76,1.77,0.1,73031.0,42089841.0,4.06,5.89,5.66,5.76,5.66,0.82,-21.87,0.73
259,260,600638,新黄浦,5.19,1.76,0.09,35721.0,18683372.0,2.75,5.29,5.15,5.17,5.1,0.53,46.91,0.78
260,261,601222,林洋能源,7.5,1.76,0.13,67626.0,50440687.0,1.36,7.51,7.41,7.41,7.37,0.33,12.73,0.98
261,262,600467,好当家,2.31,1.76,0.04,168721.0,38903196.0,3.52,2.35,2.27,2.3,2.27,1.15,85.72,1.0
262,263,603368,柳药集团,18.58,1.75,0.32,33286.0,61920093.0,2.14,18.76,18.37,18.37,18.26,0.84,7.77,0.97
263,264,603797,联泰环保,4.11,1.73,0.07,41026.0,16974187.0,3.71,4.22,4.07,4.07,4.04,0.7,10.81,0.76
264,265,600959,江苏有线,3.54,1.72,0.06,269968.0,96320106.0,2.87,3.61,3.51,3.55,3.48,0.54,59.73,0.79
265,266,002966,苏州银行,7.67,1.72,0.13,209431.0,160836048.6,1.19,7.72,7.63,7.65,7.54,0.57,5.18,0.68
266,267,002187,广百股份,5.31,1.72,0.09,26620.0,14175073.4,2.68,5.39,5.25,5.29,5.22,0.51,53.38,0.92
267,268,603323,苏农银行,5.34,1.71,0.09,218191.0,116995230.0,1.71,5.4,5.31,5.36,5.25,1.38,4.52,0.57
268,269,601288,农业银行,4.78,1.7,0.08,2111250.0,1006323627.0,1.49,4.79,4.72,4.72,4.7,0.07,5.85,0.66
269,270,002382,蓝帆医疗,5.42,1.69,0.09,43138.0,23463168.0,2.25,5.49,5.37,5.37,5.33,0.43,-18.62,0.63
270,271,603588,高能环境,5.45,1.68,0.09,128834.0,69948013.0,1.87,5.48,5.38,5.41,5.36,0.85,11.19,0.87
271,272,600126,杭钢股份,4.26,1.67,0.07,187133.0,80083939.0,3.58,4.35,4.2,4.25,4.19,0.55,-24.15,0.73
272,273,601398,工商银行,6.15,1.65,0.1,2003872.0,1231259794.0,1.82,6.18,6.07,6.08,6.05,0.07,6.11,0.61
273,274,601229,上海银行,8.01,1.65,0.13,481473.0,383361359.0,2.79,8.05,7.83,7.83,7.88,0.35,4.85,0.5
274,275,600798,宁波海运,3.13,1.62,0.05,65280.0,20454941.0,1.95,3.16,3.1,3.11,3.08,0.54,-328.04,0.96
275,276,600713,南京医药,5.1,1.59,0.08,58430.0,29866705.0,1.99,5.16,5.06,5.08,5.02,0.56,11.33,0.99
276,277,600048,保利发展,10.27,1.58,0.16,357755.0,367025630.0,1.58,10.35,10.19,10.2,10.11,0.3,11.8,0.63
277,278,002772,众兴菌业,7.16,1.56,0.11,52636.0,37853035.82,3.12,7.3,7.08,7.18,7.05,1.35,23.82,0.83
278,279,601658,邮储银行,5.33,1.52,0.08,575307.0,307039730.0,1.9,5.38,5.28,5.28,5.25,0.09,5.23,0.64
279,280,002034,旺能环境,15.33,1.52,0.23,10812.0,16526821.0,1.26,15.37,15.18,15.18,15.1,0.25,9.57,0.98
280,281,002283,天润工业,4.93,1.44,0.07,80093.0,39512705.0,2.26,4.99,4.88,4.91,4.86,0.8,15.66,0.93
281,282,601077,渝农商行,5.67,1.43,0.08,338322.0,191949901.0,1.25,5.7,5.63,5.64,5.59,0.38,4.69,0.52
282,283,000531,穗恒运Ａ,5.79,1.4,0.08,24337.0,14133957.4,2.45,5.88,5.74,5.79,5.71,0.27,24.62,0.91
283,284,000905,厦门港务,6.54,1.4,0.09,44425.0,29153468.0,2.33,6.64,6.49,6.5,6.45,0.6,19.16,0.98
284,285,688184,帕瓦股份,15.43,1.38,0.21,5061.0,7793274.0,3.61,15.68,15.13,15.35,15.22,0.49,-4.66,0.99
285,286,000002,万  科Ａ,8.83,1.38,0.12,419995.0,370032899.3,1.15,8.86,8.76,8.79,8.71,0.43,-4.4,0.45
286,287,601339,百隆东方,5.37,1.32,0.07,18610.0,10027036.0,2.45,5.44,5.31,5.31,5.3,0.12,14.64,0.83
287,288,300055,万邦达,5.37,1.32,0.07,40843.0,22020899.0,3.77,5.49,5.29,5.38,5.3,0.65,661.36,0.88
288,289,000040,ST旭蓝,1.54,1.32,0.02,296577.0,45387929.84,5.26,1.56,1.48,1.48,1.52,2.8,-13.1,0.21
289,290,600858,银座股份,4.73,1.28,0.06,25232.0,12031562.0,3.21,4.84,4.69,4.77,4.67,0.49,15.77,0.91
290,291,600352,浙江龙盛,10.26,1.28,0.13,82620.0,84713407.0,1.48,10.3,10.15,10.2,10.13,0.25,18.5,0.98
291,292,002932,明德生物,19.07,1.27,0.24,11192.0,21423942.38,1.96,19.3,18.93,19.12,18.83,0.72,41.09,0.75
292,293,600028,中国石化,6.4,1.27,0.08,614817.0,393250303.0,1.74,6.43,6.32,6.33,6.32,0.06,13.2,0.95
293,294,600168,武汉控股,4.86,1.25,0.06,52254.0,25546702.0,2.92,4.95,4.81,4.84,4.8,0.53,49.82,0.92
294,295,600985,淮北矿业,15.46,1.24,0.19,68250.0,105355459.0,1.64,15.55,15.3,15.31,15.27,0.25,7.54,1.0
295,296,002022,科华生物,6.54,1.24,0.08,27458.0,17965893.0,2.79,6.63,6.45,6.5,6.46,0.53,-20.65,0.87
296,297,600697,欧亚集团,12.3,1.23,0.15,8269.0,10175654.0,2.22,12.45,12.18,12.23,12.15,0.53,83.02,0.84
297,298,000601,韶能股份,4.13,1.23,0.05,47420.0,19638232.0,1.96,4.18,4.1,4.1,4.08,0.44,17.01,1.0
298,299,600037,歌华有线,7.44,1.22,0.09,114380.0,84793737.0,2.72,7.53,7.33,7.45,7.35,0.82,-645.36,0.81
299,300,600919,江苏银行,9.1,1.22,0.11,383993.0,350730635.0,1.33,9.19,9.07,9.09,8.99,0.21,4.44,0.72
300,301,000672,上峰水泥,8.29,1.22,0.1,23516.0,19511702.6,1.95,8.37,8.21,8.21,8.19,0.24,14.9,0.92
301,302,601006,大秦铁路,6.88,1.18,0.08,386348.0,266094379.0,1.47,6.93,6.83,6.84,6.8,0.21,10.95,0.82
302,303,002391,长青股份,5.17,1.17,0.06,13317.0,6891236.84,1.96,5.22,5.12,5.14,5.11,0.29,57.45,0.76
303,304,601939,建设银行,8.01,1.14,0.09,475396.0,380510744.0,1.14,8.05,7.96,7.96,7.92,0.5,5.87,0.64
304,305,601857,中国石油,8.12,1.12,0.09,576038.0,465611514.0,1.25,8.13,8.03,8.04,8.03,0.04,8.41,1.0
305,306,002386,天原股份,4.54,1.11,0.05,77942.0,35579127.96,3.79,4.66,4.49,4.54,4.49,0.6,-45.63,0.75
306,307,600979,广安爱众,3.65,1.11,0.04,88774.0,32485258.0,2.77,3.71,3.61,3.63,3.61,0.72,14.38,1.01
307,308,603458,勘设股份,6.46,1.1,0.07,38183.0,24740358.0,4.23,6.63,6.36,6.48,6.39,1.25,-15.84,0.62
308,309,002135,东南网架,4.63,1.09,0.05,45495.0,21046341.99,2.84,4.7,4.57,4.57,4.58,0.44,23.71,0.81
309,310,000617,中油资本,7.93,1.02,0.08,560362.0,445698563.0,3.57,8.1,7.82,8.02,7.85,0.44,17.32,0.98
310,311,002250,联化科技,5.95,1.02,0.06,63570.0,37852807.0,2.55,6.04,5.89,5.93,5.89,0.7,125.12,0.85
311,312,300158,振东制药,4.96,1.02,0.05,117728.0,59022126.0,4.07,5.11,4.91,4.99,4.91,1.18,93.21,0.97
312,313,002443,金洲管道,6.21,0.98,0.06,24570.0,15298675.0,1.79,6.28,6.17,6.24,6.15,0.47,19.72,0.94
313,314,001218,丽臣实业,16.64,0.97,0.16,4152.0,6931216.4,2.37,16.88,16.49,16.49,16.48,0.55,21.65,1.01
314,315,002614,奥佳华,6.38,0.95,0.06,26404.0,16885530.63,2.69,6.48,6.31,6.36,6.32,0.6,58.49,0.91
315,316,000407,胜利股份,3.28,0.92,0.03,42508.0,13984710.0,1.85,3.32,3.26,3.27,3.25,0.49,19.73,0.98
316,317,601996,丰林集团,2.24,0.9,0.02,103328.0,23175710.0,2.7,2.27,2.21,2.24,2.22,0.92,-75.76,0.93
317,318,601838,成都银行,15.9,0.89,0.14,102602.0,163271607.0,1.21,16.0,15.81,15.93,15.76,0.27,5.03,0.84
318,319,002479,富春环保,4.66,0.87,0.04,39048.0,18298217.0,2.38,4.74,4.63,4.66,4.62,0.45,11.67,0.98
319,320,600036,招商银行,38.14,0.85,0.32,179898.0,688298031.0,1.45,38.5,37.95,38.05,37.82,0.09,6.37,0.96
320,321,002745,木林森,8.41,0.84,0.07,50416.0,42271281.0,2.28,8.49,8.3,8.4,8.34,0.47,25.79,0.97
321,322,002083,孚日股份,4.84,0.83,0.04,81939.0,39754926.53,2.08,4.91,4.81,4.82,4.8,0.94,9.39,0.96
322,323,002144,宏达高科,10.38,0.78,0.08,14941.0,15712236.0,4.08,10.72,10.3,10.59,10.3,1.09,21.0,0.9
323,324,603916,苏博特,8.01,0.75,0.06,12825.0,10304561.0,2.64,8.15,7.94,8.02,7.95,0.31,33.08,0.84
324,325,002573,清新环境,4.24,0.71,0.03,37235.0,15764949.26,2.14,4.28,4.19,4.23,4.21,0.27,76.21,0.96
325,326,300616,尚品宅配,13.38,0.68,0.09,30453.0,41060080.88,4.89,13.75,13.1,13.47,13.29,1.95,-19.74,0.85
326,327,600801,华新水泥,13.4,0.68,0.09,32227.0,43113157.0,1.43,13.5,13.31,13.32,13.31,0.24,18.35,0.96
327,328,603818,曲美家居,3.01,0.67,0.02,64640.0,19635683.0,4.68,3.11,2.97,3.01,2.99,0.94,-10.7,0.94
328,329,000415,渤海租赁,4.53,0.67,0.03,1703159.0,777433643.72,6.22,4.72,4.44,4.59,4.5,3.16,13.21,0.92
329,330,600926,杭州银行,14.07,0.64,0.09,91372.0,128830077.0,1.65,14.21,13.98,14.11,13.98,0.17,4.56,0.8
330,331,601107,四川成渝,5.25,0.57,0.03,53094.0,27887681.0,1.53,5.29,5.21,5.25,5.22,0.25,10.73,1.0
331,332,600888,新疆众和,7.48,0.54,0.04,56345.0,41922964.0,1.34,7.49,7.39,7.44,7.44,0.41,8.85,0.98
332,333,601128,常熟银行,7.6,0.53,0.04,187677.0,143373081.0,2.25,7.72,7.55,7.66,7.56,0.62,5.77,0.85
333,334,002441,众业达,7.64,0.53,0.04,24656.0,18968632.0,3.29,7.83,7.58,7.7,7.6,0.62,22.31,0.92
334,335,300190,维尔利,3.87,0.52,0.02,106781.0,41842403.36,4.94,4.01,3.82,3.92,3.85,1.38,169.87,0.86
335,336,601009,南京银行,10.33,0.49,0.05,127605.0,132040083.0,1.17,10.41,10.29,10.35,10.28,0.13,5.0,0.74
336,337,600777,ST新潮,2.2,0.46,0.01,194224.0,43080592.0,2.28,2.24,2.19,2.21,2.19,0.31,6.79,0.69
337,338,002574,明牌珠宝,4.82,0.42,0.02,23966.0,11596699.0,3.33,4.92,4.76,4.83,4.8,0.45,249.41,0.83
338,339,600955,维远股份,15.15,0.4,0.06,8121.0,12333107.0,1.86,15.33,15.05,15.13,15.09,0.15,71.12,0.97
339,340,603020,爱普股份,7.64,0.39,0.03,9214.0,7055074.0,2.1,7.74,7.58,7.66,7.61,0.24,24.69,0.92
340,341,300732,设研院,7.84,0.38,0.03,44774.0,35413023.0,5.38,8.14,7.72,7.98,7.81,1.38,-12.85,0.97
341,342,601665,齐鲁银行,5.32,0.38,0.02,162410.0,86992680.0,2.45,5.41,5.28,5.33,5.3,0.34,5.6,0.69
342,343,605001,威奥股份,6.04,0.33,0.02,25531.0,15481042.0,3.32,6.17,5.97,6.1,6.02,0.65,155.23,0.89
343,344,300639,凯普生物,6.26,0.32,0.02,60487.0,38464486.48,5.29,6.5,6.17,6.32,6.24,0.95,-11.59,0.9
344,345,002109,兴化股份,3.25,0.31,0.01,20815.0,6808857.0,3.7,3.34,3.22,3.28,3.24,0.16,-10.06,0.91
345,346,000863,三湘印象,3.67,0.27,0.01,90341.0,33434297.0,3.83,3.76,3.62,3.71,3.66,0.78,49.79,0.96
346,347,600837,海通证券,11.65,0.26,0.03,224036.0,260758345.0,1.46,11.75,11.58,11.69,11.62,0.23,-173.1,0.94
347,348,600061,国投资本,7.81,0.26,0.02,104602.0,81583502.0,2.18,7.89,7.72,7.84,7.79,0.16,18.09,0.99
348,349,600425,青松建化,4.0,0.25,0.01,167366.0,67842841.0,5.01,4.16,3.96,4.12,3.99,1.21,11.87,1.0
349,350,601555,东吴证券,8.06,0.25,0.02,179793.0,145084372.0,1.99,8.15,7.99,8.1,8.04,0.36,16.4,0.99
350,351,600287,ST舜天,4.08,0.25,0.01,15666.0,6423654.0,2.46,4.15,4.05,4.08,4.07,0.36,23.47,0.86
351,352,600128,苏豪弘业,8.19,0.24,0.02,24678.0,20470409.0,3.55,8.41,8.12,8.38,8.17,1.0,41.59,0.95
352,353,002918,蒙娜丽莎,8.59,0.23,0.02,20072.0,17249830.0,3.03,8.72,8.46,8.58,8.57,0.91,19.04,0.87
353,354,002092,ST中泰,4.31,0.23,0.01,100558.0,43679654.0,2.09,4.38,4.29,4.37,4.3,0.39,-24.05,0.5
354,355,002641,公元股份,4.41,0.23,0.01,30195.0,13331732.0,2.05,4.47,4.38,4.42,4.4,0.27,27.52,1.0
355,356,002863,今飞凯达,4.51,0.22,0.01,43214.0,19482758.3,3.11,4.59,4.45,4.5,4.5,0.72,33.43,0.99
356,357,002669,康达新材,9.5,0.21,0.02,33554.0,32211273.0,5.49,9.89,9.37,9.56,9.48,1.11,-28.27,1.0
357,358,600362,江西铜业,21.84,0.18,0.04,49579.0,108111421.0,1.47,22.0,21.68,21.8,21.8,0.24,11.38,1.0
358,359,603585,苏利股份,12.1,0.17,0.02,2708.0,3290298.0,3.31,12.37,11.97,12.15,12.08,0.15,194.45,0.94
359,360,003012,东鹏控股,6.29,0.16,0.01,58470.0,36693887.0,2.71,6.38,6.21,6.3,6.28,0.5,17.93,0.97
360,361,688033,天宜上佳,6.88,0.15,0.01,49711.0,34221317.0,4.37,7.04,6.74,6.98,6.87,0.88,-4.94,0.84
361,362,002142,宁波银行,25.26,0.08,0.02,63040.0,159807860.8,1.9,25.58,25.1,25.41,25.24,0.1,6.04,0.85
362,363,603898,好莱客,8.89,0.0,0.0,13204.0,11855105.0,3.6,9.13,8.81,8.98,8.89,0.42,22.82,0.91
363,364,600356,恒丰纸业,,,,,,,,,,7.52,0.0,15.31,0.87
364,365,002360,同德化工,5.07,0.0,0.0,16651.0,8490664.0,2.96,5.16,5.01,5.07,5.07,0.51,38.87,0.96
365,366,000850,华茂股份,4.31,0.0,0.0,79705.0,34782847.0,4.18,4.43,4.25,4.35,4.31,0.84,20.06,0.94
366,367,000525,*ST红阳,,,,,,,,,,9.07,0.0,330.12,1.68
367,368,600637,东方明珠,8.35,-0.12,-0.01,138577.0,115725506.0,2.99,8.5,8.25,8.45,8.36,0.41,29.29,0.94
368,369,002926,华西证券,8.43,-0.24,-0.02,74572.0,62871886.0,2.37,8.55,8.35,8.5,8.45,0.28,65.31,0.96
369,370,605287,德才股份,12.9,-0.31,-0.04,8156.0,10579346.0,3.17,13.15,12.74,13.08,12.94,0.82,17.27,0.95
370,371,603001,奥康国际,5.68,-0.35,-0.02,15395.0,8808046.0,4.56,5.85,5.59,5.8,5.7,0.38,-12.56,0.84
371,372,688317,之江生物,17.75,-0.45,-0.08,5303.0,9485451.0,3.25,18.22,17.64,17.88,17.83,0.28,-196.63,0.9
372,373,002743,富煌钢构,5.57,-0.54,-0.03,67666.0,38245433.0,5.89,5.82,5.49,5.78,5.6,1.56,26.78,0.75
373,374,605122,四方新材,11.65,-0.6,-0.07,7949.0,9361526.0,4.86,12.12,11.55,11.79,11.72,0.46,138.46,0.9
374,375,600595,中孚实业,3.12,-0.64,-0.02,437971.0,134297056.0,4.46,3.15,3.01,3.11,3.14,1.09,12.9,0.86
375,376,600449,宁夏建材,13.86,-0.65,-0.09,64206.0,90262190.0,5.66,14.47,13.68,14.25,13.95,1.34,29.1,0.92
376,377,002798,帝欧家居,4.1,-0.73,-0.03,32249.0,13278396.0,5.33,4.25,4.03,4.17,4.13,1.02,-8.41,0.89
377,378,688388,嘉元科技,14.36,-0.76,-0.11,35875.0,51460655.0,5.46,14.83,14.04,14.69,14.47,0.84,-31.88,0.9
378,379,000156,华数传媒,7.38,-0.81,-0.06,68909.0,50948430.0,3.76,7.58,7.3,7.52,7.44,0.41,29.16,0.93
379,380,002887,绿茵生态,7.16,-0.83,-0.06,11967.0,8634976.24,3.6,7.36,7.1,7.31,7.22,0.75,31.82,0.88
380,381,600711,ST盛屯,4.73,-0.84,-0.04,217301.0,102707167.0,3.35,4.82,4.66,4.8,4.77,0.7,6.45,0.96
381,382,000560,我爱我家,3.46,-0.86,-0.03,858865.0,299827359.24,4.58,3.57,3.41,3.46,3.49,3.81,720.25,0.86
382,383,600939,重庆建工,3.55,-1.11,-0.04,91903.0,32492992.0,5.01,3.64,3.46,3.58,3.59,0.48,-96.21,0.85
383,384,600831,ST广网,2.66,-1.12,-0.03,50769.0,13669653.0,4.83,2.74,2.61,2.74,2.69,0.71,-2.52,0.74
384,385,600190,ST锦港,1.74,-1.14,-0.02,154551.0,27316366.0,3.98,1.8,1.73,1.77,1.76,0.87,-1.23,0.76
385,386,603869,ST智知,5.99,-1.16,-0.07,7123.0,4297045.0,2.31,6.11,5.97,6.08,6.06,0.14,114.97,0.81
386,387,600373,中文传媒,12.65,-1.17,-0.15,83601.0,105884486.0,2.89,12.91,12.54,12.86,12.8,0.62,18.28,0.96
387,388,002425,ST凯文,2.29,-1.29,-0.03,187967.0,43486911.0,4.31,2.36,2.26,2.34,2.32,1.97,-17.17,0.64
388,389,300358,楚天科技,7.5,-1.32,-0.1,46667.0,35211808.0,3.68,7.7,7.42,7.63,7.6,0.82,-17.73,0.99
389,390,688178,万德斯,12.7,-1.32,-0.17,4129.0,5283205.0,3.5,13.03,12.58,13.02,12.87,0.49,170.56,0.97
390,391,600491,龙元建设,4.11,-1.44,-0.06,129826.0,53703788.0,4.56,4.26,4.07,4.25,4.17,0.85,-14.91,0.6
391,392,300057,万顺新材,5.5,-1.61,-0.09,76174.0,42290850.58,5.19,5.7,5.41,5.62,5.59,1.03,-103.75,0.93
392,393,300305,裕兴股份,5.98,-1.81,-0.11,23561.0,14312262.0,5.42,6.25,5.92,6.15,6.09,0.74,-10.28,0.93
393,394,600387,*ST海越,3.24,-1.82,-0.06,18015.0,5948578.0,4.85,3.36,3.2,3.29,3.3,0.45,521.42,0.53
394,395,600219,南山铝业,4.08,-2.16,-0.09,538852.0,219042225.0,1.68,4.1,4.03,4.1,4.17,0.46,10.27,0.96
395,396,000809,*ST和展,2.63,-2.23,-0.06,39065.0,10358821.63,3.72,2.71,2.61,2.7,2.69,0.47,-20.74,0.79
396,397,002872,ST天圣,4.61,-3.35,-0.16,24291.0,11353017.0,4.61,4.78,4.56,4.77,4.77,1.13,-30.25,0.71
397,398,603388,ST元成,2.54,-3.42,-0.09,76616.0,19544920.0,6.08,2.66,2.5,2.57,2.63,2.35,-7.48,0.76
398,399,300020,*ST银江,2.53,-3.44,-0.09,177414.0,46061897.0,8.78,2.69,2.46,2.67,2.62,2.31,-9.02,0.5
399,400,002212,天融信,7.04,-4.22,-0.31,262424.0,187892168.89,7.48,7.5,6.95,7.45,7.35,2.25,-36.79,0.9
400,401,601677,明泰铝业,12.57,-4.27,-0.56,221170.0,275418728.0,3.81,12.8,12.3,12.8,13.13,1.85,8.31,0.91
401,402,603003,*ST龙宇,5.32,-4.66,-0.26,87768.0,46748308.0,3.05,5.47,5.3,5.3,5.58,2.33,-18.27,0.56
402,403,002586,*ST围海,1.99,-4.78,-0.1,48543.0,9736548.0,5.26,2.1,1.99,2.1,2.09,0.54,-20.56,0.76
403,404,601908,京运通,3.13,-4.86,-0.16,344885.0,108639084.0,5.17,3.25,3.08,3.23,3.29,1.43,-4.02,0.76
404,405,603377,ST东时,2.22,-5.13,-0.12,14181.0,3148182.0,0.0,2.22,2.22,2.22,2.34,0.2,-10.96,0.94
