,序号,代码,名称,最新价,涨跌幅,涨跌额,成交量,成交额,振幅,最高,最低,今开,昨收,换手率,市盈率-动态,市净率
0,1,600653,申华控股,2.28,10.14,0.21,177039,40364865.0,0.0,2.28,2.28,2.28,2.07,0.91,-59.18,6.1
1,2,600172,黄河旋风,3.59,10.12,0.33,538702,192964009.0,3.07,3.59,3.49,3.59,3.26,4.22,-10.42,2.31
2,3,002717,岭南股份,3.05,10.11,0.28,1480016,447439147.41,6.5,3.05,2.87,3.05,2.77,9.62,-10.33,2.78
3,4,000536,华映科技,4.58,10.1,0.42,1115791,505100444.1,7.21,4.58,4.28,4.58,4.16,4.04,-11.2,8.04
4,5,002094,青岛金王,7.76,10.07,0.71,58077,45067752.0,0.0,7.76,7.76,7.76,7.05,0.84,66.05,3.62
5,6,002542,中化岩土,3.5,10.06,0.32,102812,35984231.5,0.0,3.5,3.5,3.5,3.18,0.64,-24.6,3.14
6,7,002685,华东重机,9.19,10.06,0.84,460720,420751292.85,4.67,9.19,8.8,9.19,8.35,4.57,205.28,6.33
7,8,600604,市北高新,5.69,10.06,0.52,472475,263157276.0,6.96,5.69,5.33,5.4,5.17,3.36,-39.14,1.7
8,9,000958,电投产融,7.99,10.06,0.73,88013,70322387.0,0.0,7.99,7.99,7.99,7.26,0.16,40.58,2.2
9,10,002529,海源复材,11.06,10.05,1.01,164786,181483000.0,2.59,11.06,10.8,11.05,10.05,6.34,-28.65,7.19
10,11,603021,山东华鹏,6.9,10.05,0.63,325377,221351494.0,6.22,6.9,6.51,6.6,6.27,10.17,-17.02,21.04
11,12,600635,大众公用,4.6,10.05,0.42,243961,112222184.0,0.0,4.6,4.6,4.6,4.18,1.01,55.59,1.63
12,13,600246,万通发展,12.38,10.04,1.13,63187,78226063.0,0.0,12.38,12.38,12.38,11.25,0.32,-155.45,4.43
13,14,002514,宝馨科技,9.32,10.04,0.85,30865,28765769.92,0.0,9.32,9.32,9.32,8.47,0.56,-31.66,7.97
14,15,002272,川润股份,15.36,10.03,1.4,279730,428589349.44,2.58,15.36,15.0,15.36,13.96,7.37,-65.8,4.66
15,16,600624,复旦复华,5.82,10.02,0.53,28760,16738250.0,0.0,5.82,5.82,5.82,5.29,0.42,-126.41,5.09
16,17,000016,深康佳Ａ,5.82,10.02,0.53,90163,52474866.0,0.0,5.82,5.82,5.82,5.29,0.56,-6.44,3.08
17,18,603887,城地香江,19.22,10.02,1.75,710550,1332117734.0,6.98,19.22,18.0,18.3,17.47,13.37,-75.61,3.3
18,19,002654,万润科技,16.37,10.01,1.49,37424,61263088.0,0.0,16.37,16.37,16.37,14.88,0.44,240.16,9.2
19,20,000917,电广传媒,8.35,10.01,0.76,91058,76033430.0,0.0,8.35,8.35,8.35,7.59,0.64,145.56,1.15
20,21,002912,中新赛克,27.14,10.01,2.47,111168,299812203.28,3.85,27.14,26.19,27.14,24.67,6.85,-74.01,2.94
21,22,603268,松发股份,33.85,10.01,3.08,3027,10247749.0,0.0,33.85,33.85,33.85,30.77,0.24,-52.27,282.1
22,23,002583,海能达,23.31,10.0,2.12,75932,176998331.16,0.0,23.31,23.31,23.31,21.19,0.59,126.41,6.95
23,24,603991,至正股份,96.65,10.0,8.79,576,5567040.0,0.0,96.65,96.65,96.65,87.86,0.08,-582.24,28.8
24,25,603656,泰禾智能,23.21,10.0,2.11,7430,17244009.0,0.0,23.21,23.21,23.21,21.1,0.41,162.25,3.32
25,26,600292,远达环保,10.56,10.0,0.96,10974,11589030.0,0.0,10.56,10.56,10.56,9.6,0.14,69.98,1.59
26,27,600843,上工申贝,15.19,9.99,1.38,19337,29372903.0,0.0,15.19,15.19,15.19,13.81,0.41,117.89,3.3
27,28,603106,恒银科技,14.42,9.99,1.31,185735,267204094.0,3.2,14.42,14.0,14.42,13.11,3.57,-157.23,6.1
28,29,603038,华立股份,28.52,9.99,2.59,103757,295420933.0,3.05,28.52,27.73,28.52,25.93,3.86,208.36,5.66
29,30,600481,双良节能,5.95,9.98,0.54,111507,66346469.0,0.0,5.95,5.95,5.95,5.41,0.6,-4.43,2.05
30,31,600336,澳柯玛,11.35,9.98,1.03,463614,518990731.0,6.2,11.35,10.71,11.33,10.32,5.81,90.49,3.59
31,32,000058,深 赛 格,9.82,9.97,0.89,732581,714366971.95,4.14,9.82,9.45,9.82,8.93,7.44,118.7,5.99
32,33,000045,深纺织Ａ,12.8,9.97,1.16,376165,474265202.56,6.62,12.8,12.03,12.8,11.64,8.23,73.85,2.24
33,34,002633,申科股份,11.7,9.96,1.06,7915,9260550.0,0.0,11.7,11.7,11.7,10.64,0.53,132.24,4.18
34,35,000520,凤凰航运,5.3,9.96,0.48,107295,56866588.5,0.0,5.3,5.3,5.3,4.82,1.06,-182.18,10.27
35,36,601727,上海电气,7.73,9.96,0.7,4405441,3394700281.0,4.69,7.73,7.4,7.73,7.03,3.48,100.07,2.26
36,37,002243,力合科创,9.39,9.95,0.85,70639,66330124.29,0.0,9.39,9.39,9.39,8.54,0.59,62.94,1.58
37,38,600198,大唐电信,14.37,9.95,1.3,1010916,1435099324.0,5.97,14.38,13.6,13.88,13.07,11.48,-151.52,75.41
38,39,600825,新华传媒,7.3,9.94,0.66,86312,63007986.0,0.0,7.3,7.3,7.3,6.64,0.83,128.86,3.06
39,40,002865,钧达股份,72.07,9.9,6.49,79617,570347477.62,3.8,72.14,69.65,69.65,65.58,3.55,-49.51,3.85
40,41,000056,皇庭国际,3.34,9.87,0.3,32867,10977578.0,0.0,3.34,3.34,3.34,3.04,0.36,-11.59,5.52
41,42,000677,恒天海龙,6.12,9.68,0.54,682062,413084686.36,6.09,6.14,5.8,5.99,5.58,7.89,101.02,10.57
42,43,600811,东方集团,2.78,9.45,0.24,6709976,1859801632.0,8.66,2.79,2.57,2.79,2.54,18.34,55.43,0.61
43,44,603958,哈森股份,16.24,9.14,1.36,106428,168395695.0,9.88,16.37,14.9,15.18,14.88,4.85,-150.32,4.5
44,45,600770,综艺股份,6.14,8.1,0.46,719481,439336796.0,8.1,6.25,5.79,5.9,5.68,5.53,82.98,2.41
45,46,000702,正虹科技,10.28,7.19,0.69,167103,168788304.54,8.24,10.49,9.7,9.87,9.59,6.27,-158.77,8.58
46,47,603063,禾望电气,17.94,7.17,1.2,223668,392004654.0,8.0,18.08,16.74,17.0,16.74,5.05,23.54,1.94
47,48,002183,怡 亚 通,5.67,6.98,0.37,1931281,1114785008.15,7.17,5.83,5.45,5.83,5.3,7.44,178.68,1.62
48,49,002725,跃岭股份,15.51,6.82,0.99,260952,389995766.73,9.64,15.65,14.25,14.6,14.52,12.31,619.04,4.1
49,50,603985,恒润股份,14.53,5.98,0.82,245316,356454449.0,6.42,14.9,14.02,14.3,13.71,5.56,-65.2,1.96
50,51,600696,岩石股份,17.38,5.98,0.98,137214,233898625.0,8.17,17.64,16.3,16.92,16.4,4.1,-37.56,11.01
51,52,002313,日海智能,9.85,5.8,0.54,322874,323594183.01,7.84,10.24,9.51,10.03,9.31,8.62,-48.5,22.86
52,53,300061,旗天科技,21.02,5.73,1.14,730920,1500073822.62,14.29,21.64,18.8,20.01,19.88,11.78,-469.31,18.4
53,54,000821,京山轻机,15.47,5.6,0.82,616172,967533508.16,6.83,16.12,15.12,15.43,14.65,10.18,16.69,2.38
54,55,002656,ST摩登,1.37,5.38,0.07,292133,39546794.33,8.46,1.37,1.26,1.37,1.3,4.79,-7.88,3.15
55,56,002822,ST中装,2.24,5.16,0.11,5361,1200864.0,0.0,2.24,2.24,2.24,2.13,0.1,-1.8,0.75
56,57,000506,*ST中润,2.48,5.08,0.12,49176,12195648.0,0.0,2.48,2.48,2.48,2.36,0.53,-20.97,3.62
57,58,002217,*ST合泰,1.66,5.06,0.08,20867,3463928.64,0.0,1.66,1.66,1.66,1.58,0.07,-3.14,-0.7
58,59,002528,ST英飞拓,3.14,5.02,0.15,23831,7482934.0,0.0,3.14,3.14,3.14,2.99,0.23,-27.06,8.89
59,60,603559,*ST通脉,9.5,4.97,0.45,7051,6698450.0,0.0,9.5,9.5,9.5,9.05,0.49,-11.46,23.38
60,61,002251,ST步步高,3.38,4.97,0.16,255665,86178955.53,2.17,3.38,3.31,3.38,3.22,1.69,3.37,1.06
61,62,000584,*ST工智,2.55,4.94,0.12,10478,2671890.0,0.0,2.55,2.55,2.55,2.43,0.14,77.26,3.45
62,63,002650,ST加加,3.21,4.9,0.15,8180,2625780.0,0.0,3.21,3.21,3.21,3.06,0.07,-63.4,1.79
63,64,000025,特  力Ａ,20.78,4.9,0.97,271485,577001941.82,6.36,21.79,20.53,21.79,19.81,6.91,62.16,5.27
64,65,600579,克劳斯,8.51,4.55,0.37,322919,282240574.0,8.85,8.95,8.23,8.95,8.14,6.5,-7.36,14.1
65,66,002248,华东数控,11.1,4.32,0.46,291119,328990026.69,9.02,11.68,10.72,10.88,10.64,9.47,278.76,47.79
66,67,001211,双枪科技,21.97,4.17,0.88,54851,122303739.35,9.72,23.2,21.15,23.2,21.09,7.92,59.26,1.84
67,68,601865,福莱特,29.0,4.17,1.16,290651,856911085.0,7.0,30.31,28.36,29.28,27.84,1.53,22.67,3.09
68,69,000068,华控赛格,4.36,3.56,0.15,702712,303065081.33,8.08,4.45,4.11,4.22,4.21,6.98,-43.83,7.03
69,70,000561,烽火电子,10.05,3.4,0.33,466029,489498534.71,6.89,10.69,10.02,10.29,9.72,7.74,-61.22,3.31
70,71,603429,集友股份,6.78,3.2,0.21,112928,76011321.0,5.33,6.9,6.55,6.88,6.57,2.15,-25.71,2.74
71,72,002808,ST恒久,2.78,2.96,0.08,97668,27317591.76,4.44,2.84,2.72,2.83,2.7,5.24,-32.87,2.33
72,73,000070,ST特信,5.63,2.93,0.16,353402,200044593.8,4.94,5.74,5.47,5.74,5.47,3.98,859.35,2.65
73,74,600898,*ST美讯,1.85,2.78,0.05,30912,5763167.0,3.89,1.89,1.82,1.83,1.8,1.22,-11.85,-5.0
74,75,600509,天富能源,7.86,2.75,0.21,1378856,1097928484.0,5.23,8.18,7.78,8.0,7.65,10.0,16.46,1.41
75,76,600613,神奇制药,8.38,2.57,0.21,267183,223296355.0,9.67,8.87,8.08,8.29,8.17,5.57,59.14,1.93
76,77,002713,东易日盛,5.22,2.55,0.13,300123,160877735.32,8.84,5.55,5.1,5.17,5.09,7.3,-2.03,-4.6
77,78,001696,宗申动力,28.08,2.3,0.63,1091518,3184011865.87,8.05,30.09,27.88,28.0,27.45,12.25,57.03,6.68
78,79,600732,爱旭股份,12.43,1.89,0.23,549406,698042146.0,7.7,13.24,12.3,12.6,12.2,3.44,-6.51,3.14
79,80,002693,双成药业,38.1,1.82,0.68,509681,1902356210.36,10.15,39.0,35.2,36.01,37.42,12.39,-466.17,34.74
80,81,600724,宁波富达,5.35,1.52,0.08,427021,237221130.0,9.87,5.8,5.28,5.79,5.27,2.96,32.75,2.77
81,82,603045,福达合金,14.31,1.42,0.2,112763,161579670.0,9.57,15.03,13.68,14.11,14.11,8.33,26.52,2.01
82,83,600807,济南高新,5.04,1.41,0.07,506689,259047601.0,5.43,5.26,4.99,5.01,4.97,6.44,-75.23,22.36
83,84,002676,顺威股份,6.59,1.23,0.08,541516,377307912.08,9.06,7.16,6.57,6.79,6.51,7.52,83.37,3.84
84,85,600520,文一科技,53.55,1.13,0.6,191029,993433135.0,9.42,55.55,50.56,50.6,52.95,12.06,356.15,22.65
85,86,000790,华神科技,4.87,0.0,0.0,372633,181695805.68,4.72,5.0,4.77,4.88,4.87,5.98,166.73,2.89
86,87,002634,棒杰股份,4.41,-0.23,-0.01,277577,127101913.76,9.5,4.77,4.35,4.77,4.42,6.22,-7.13,2.22
87,88,603388,ST元成,2.28,-0.44,-0.01,156250,36830370.0,6.99,2.4,2.24,2.36,2.29,4.8,-5.7,0.67
88,89,002513,蓝丰生化,5.18,-0.58,-0.03,156773,83442316.03,5.57,5.47,5.18,5.34,5.21,5.94,-6.97,-27.54
89,90,002743,富煌钢构,5.75,-1.37,-0.08,389050,225681879.01,7.38,6.04,5.61,5.8,5.83,8.95,33.08,0.78
90,91,603828,ST柯利达,2.9,-1.69,-0.05,118238,34803744.0,6.78,3.06,2.86,2.98,2.95,1.98,61.71,2.31
91,92,000021,深科技,20.5,-1.87,-0.39,1006049,2101389793.81,6.75,21.6,20.19,21.0,20.89,6.45,44.39,2.9
92,93,002336,*ST人乐,3.55,-1.93,-0.07,69633,25565566.88,9.67,3.8,3.45,3.8,3.62,1.58,-2.75,-2.33
93,94,002802,洪汇新材,11.75,-2.97,-0.36,52717,63314659.81,7.02,12.48,11.63,12.18,12.11,2.9,36.35,3.38
94,95,603879,ST永悦,2.9,-3.01,-0.09,100320,30748194.0,9.7,3.14,2.85,3.13,2.99,2.79,-20.89,2.67
95,96,600615,丰华股份,11.54,-3.99,-0.48,68673,81115114.0,5.99,12.17,11.45,12.02,12.02,3.66,350.33,3.37
96,97,600237,铜峰电子,8.13,-4.13,-0.35,374073,303911013.0,3.42,8.29,8.0,8.1,8.48,6.19,62.03,2.87
97,98,002052,*ST同洲,3.8,-4.28,-0.17,158261,61675166.0,5.29,3.99,3.78,3.98,3.97,2.12,-39.28,-106.17
98,99,600769,祥龙电业,11.0,-4.51,-0.52,149962,169306548.0,5.9,11.66,10.98,11.2,11.52,4.0,268.02,40.56
99,100,000609,*ST中迪,2.13,-4.91,-0.11,69087,15199884.93,6.25,2.27,2.13,2.24,2.24,2.37,-4.49,2.24
100,101,603003,*ST龙宇,5.45,-5.05,-0.29,59680,32774466.0,2.61,5.6,5.45,5.59,5.74,1.59,57.14,0.56
101,102,600658,电子城,5.76,-8.13,-0.51,413986,243373374.0,5.1,6.02,5.7,6.0,6.27,3.7,-9.85,0.94
