,序号,代码,名称,最新价,涨跌幅,涨跌额,成交量,成交额,振幅,最高,最低,今开,昨收,换手率,市盈率-动态,市净率
0,1,301297,富乐德,29.98,20.02,5.0,2946,8833037.38,0.0,29.98,29.98,29.98,24.98,0.21,101.43,6.98
1,2,430139,华岭股份,16.8,8.18,1.27,17467,28537525.71,3.93,16.81,16.2,16.2,15.53,0.67,-801.54,4.07
2,3,300046,台基股份,27.0,5.59,1.43,22449,59742759.0,3.01,27.1,26.33,26.33,25.57,0.95,-2965.37,5.83
3,4,301369,联动科技,60.66,4.59,2.66,3501,20956111.5,1.91,60.77,59.66,59.67,58.0,1.44,760.17,2.89
4,5,301348,蓝箭电子,26.15,2.91,0.74,3179,8229651.0,1.5,26.18,25.8,25.84,25.41,0.24,-333.67,3.48
5,6,688372,伟测科技,60.97,2.09,1.25,654,3976047.0,2.14,61.0,59.72,60.9,59.72,0.08,83.93,2.73
6,7,688362,甬矽电子,20.94,1.85,0.38,1938,4053846.0,1.65,20.99,20.65,20.82,20.56,0.07,353.22,3.5
7,8,300458,全志科技,36.4,1.79,0.64,12784,46101943.0,1.73,36.4,35.78,36.0,35.76,0.25,96.82,7.65
8,9,300666,江丰电子,61.15,1.76,1.06,2624,15942234.0,1.56,61.15,60.21,60.78,60.09,0.12,50.35,3.8
9,10,300706,阿石创,23.73,1.76,0.41,1072,2528685.0,1.84,23.73,23.3,23.51,23.32,0.09,365.16,4.81
10,11,300671,富满微,42.06,1.62,0.67,2061,8504691.0,3.02,42.06,40.81,40.81,41.39,0.09,-95.75,5.14
11,12,300327,中颖电子,24.04,1.56,0.37,2543,6082401.0,1.99,24.13,23.66,23.66,23.67,0.07,57.76,4.89
12,13,688608,恒玄科技,243.0,1.53,3.66,120,2901618.0,1.46,243.0,239.5,240.0,239.34,0.01,98.79,4.68
13,14,688209,英集芯,14.75,1.51,0.22,1626,2390803.0,1.38,14.8,14.6,14.66,14.53,0.06,80.23,3.4
14,15,605588,冠石科技,42.5,1.5,0.63,694,2936880.0,1.91,42.8,42.0,42.0,41.87,0.09,77.0,2.91
15,16,300223,北京君正,64.94,1.45,0.93,2390,15279420.0,2.14,64.95,63.58,63.58,64.01,0.06,79.18,2.64
16,17,688409,富创精密,47.2,1.4,0.65,513,2401519.0,1.48,47.2,46.51,46.56,46.55,0.03,59.68,3.22
17,18,688347,华虹公司,38.78,1.36,0.52,2441,9466877.0,1.1,38.84,38.42,38.84,38.26,0.06,125.72,1.53
18,19,300613,富瀚微,44.54,1.32,0.58,945,4183074.0,1.23,44.54,44.0,44.24,43.96,0.04,48.91,4.16
19,20,688525,佰维存储,62.81,1.31,0.81,3784,23745538.0,1.29,63.0,62.2,63.0,62.0,0.12,47.79,11.09
20,21,688252,天德钰,24.85,1.3,0.32,2629,6516839.0,1.79,25.06,24.62,24.62,24.53,0.14,50.33,5.11
21,22,300782,卓胜微,94.44,1.29,1.2,2634,24572887.0,1.54,94.44,93.0,93.18,93.24,0.06,71.23,4.99
22,23,688230,芯导科技,41.32,1.27,0.52,84,342096.0,2.43,41.34,40.35,40.5,40.8,0.03,46.53,2.2
23,24,002119,康强电子,12.85,1.26,0.16,2219,2825076.0,1.26,12.85,12.69,12.7,12.69,0.06,51.17,3.62
24,25,688515,裕太微-U,69.29,1.26,0.86,220,1518283.0,0.86,69.29,68.7,68.7,68.43,0.04,-25.56,3.28
25,26,688699,明微电子,36.55,1.25,0.45,155,561191.0,1.66,36.6,36.0,36.0,36.1,0.01,293.94,3.25
26,27,301308,江波龙,84.88,1.18,0.99,1174,9932915.0,1.1,84.88,83.96,84.7,83.89,0.1,29.73,5.29
27,28,688061,灿瑞科技,28.27,1.11,0.31,126,354452.0,1.36,28.29,27.91,27.91,27.96,0.03,-271.59,1.3
28,29,688249,晶合集成,18.57,1.09,0.2,4096,7588937.0,1.69,18.6,18.29,18.59,18.37,0.03,99.61,1.78
29,30,688693,锴威特,28.73,1.06,0.3,721,2074342.0,2.04,28.86,28.28,28.86,28.43,0.19,-37.7,2.16
30,31,688141,杰华特,18.22,1.05,0.19,2507,4542782.0,1.22,18.22,18.0,18.2,18.03,0.1,-12.08,3.42
31,32,301095,广立微,45.94,1.03,0.47,494,2264937.0,0.68,45.97,45.66,45.66,45.47,0.05,1811.39,2.96
32,33,688498,源杰科技,138.88,1.0,1.37,331,4581333.0,1.81,140.0,137.51,137.51,137.51,0.06,551.98,5.67
33,34,688368,晶丰明源,79.67,0.99,0.78,229,1811825.0,1.37,79.88,78.8,78.81,78.89,0.03,-114.68,5.3
34,35,688535,华海诚科,68.97,0.98,0.67,389,2664671.0,1.01,68.97,68.28,68.28,68.3,0.09,111.78,5.46
35,36,600584,长电科技,37.36,0.97,0.36,8024,29887876.0,0.68,37.4,37.15,37.15,37.0,0.04,53.98,2.52
36,37,300373,扬杰科技,44.8,0.97,0.43,2310,10262675.0,1.19,44.8,44.27,44.35,44.37,0.04,28.65,2.97
37,38,688352,颀中科技,11.66,0.95,0.11,2544,2962193.0,0.87,11.68,11.58,11.66,11.55,0.07,45.53,2.33
38,39,002156,通富微电,21.53,0.94,0.2,6780,14549982.0,0.61,21.53,21.4,21.4,21.33,0.04,50.63,2.29
39,40,002213,大为股份,11.14,0.91,0.1,953,1054232.3,2.08,11.16,10.93,11.04,11.04,0.04,-128.97,4.4
40,41,688689,银河微电,22.58,0.89,0.2,188,423193.0,1.92,22.65,22.22,22.22,22.38,0.01,41.77,2.51
41,42,688589,力合微,28.32,0.89,0.25,205,576403.0,1.5,28.48,28.06,28.07,28.07,0.02,40.47,3.72
42,43,688130,晶华微,22.9,0.88,0.2,187,430670.0,2.64,23.37,22.77,22.8,22.7,0.06,-324.62,1.68
43,44,688584,上海合晶,16.05,0.88,0.14,480,766850.0,0.94,16.05,15.9,15.98,15.91,0.09,110.77,2.64
44,45,300672,国科微,68.15,0.86,0.58,1830,12385958.0,1.45,68.39,67.41,67.57,67.57,0.09,275.7,3.66
45,46,688653,康希通信,13.16,0.84,0.11,228,296915.0,1.99,13.19,12.93,12.99,13.05,0.04,-155.95,3.49
46,47,688153,唯捷创芯,33.65,0.84,0.28,494,1650340.0,1.77,33.7,33.11,33.29,33.37,0.04,642.03,3.57
47,48,688173,希荻微,10.89,0.83,0.09,892,965893.0,0.83,10.89,10.8,10.84,10.8,0.04,-19.01,2.67
48,49,603933,睿能科技,14.68,0.82,0.12,698,1023766.0,0.69,14.72,14.62,14.65,14.56,0.03,29.35,2.32
49,50,603005,晶方科技,22.13,0.82,0.18,3775,8281627.0,1.23,22.13,21.86,21.9,21.95,0.06,65.56,3.47
50,51,300661,圣邦股份,87.91,0.81,0.71,929,8165575.6,1.14,88.5,87.51,88.17,87.2,0.02,116.11,9.85
51,52,300456,赛微电子,18.61,0.81,0.15,4515,8335975.0,1.14,18.61,18.4,18.4,18.46,0.08,-159.68,2.69
52,53,688691,灿芯股份,50.82,0.79,0.4,662,3337162.0,1.21,50.83,50.22,50.5,50.42,0.26,37.91,4.43
53,54,600460,士兰微,24.51,0.78,0.19,10205,24819335.0,1.07,24.54,24.28,24.3,24.32,0.06,-818.22,3.4
54,55,688110,东芯股份,19.78,0.76,0.15,1374,2690799.0,1.78,19.78,19.43,19.43,19.63,0.05,-48.0,2.58
55,56,688486,龙迅股份,59.88,0.76,0.45,66,391716.0,0.94,59.89,59.33,59.33,59.43,0.01,49.31,4.5
56,57,688458,美芯晟,30.84,0.75,0.23,80,244510.0,2.29,30.84,30.14,30.16,30.61,0.01,-107.35,1.72
57,58,688167,炬光科技,56.81,0.73,0.41,317,1793167.0,1.56,57.18,56.3,56.32,56.4,0.05,-91.28,2.24
58,59,301050,雷电微力,48.65,0.72,0.35,6118,29500933.0,1.37,48.66,48.0,48.13,48.3,0.29,23.77,4.12
59,60,688138,清溢光电,23.72,0.72,0.17,644,1516936.0,1.02,23.72,23.48,23.48,23.55,0.02,35.59,4.52
60,61,688135,利扬芯片,16.85,0.72,0.12,181,304858.0,0.48,16.86,16.78,16.78,16.73,0.01,-199.85,3.07
61,62,688259,创耀科技,38.66,0.7,0.27,1123,4285515.0,2.08,38.66,37.86,38.2,38.39,0.14,61.75,2.87
62,63,688172,燕东微,17.23,0.7,0.12,310,531834.0,0.64,17.25,17.14,17.14,17.11,0.01,-682.59,1.4
63,64,002185,华天科技,10.06,0.7,0.07,15692,15727721.22,0.8,10.08,10.0,10.0,9.99,0.05,72.37,2.01
64,65,688396,华润微,47.83,0.69,0.33,666,3173209.0,0.67,47.83,47.51,47.51,47.5,0.01,112.91,2.9
65,66,688381,帝奥微,19.09,0.69,0.13,340,648482.0,0.69,19.14,19.01,19.1,18.96,0.02,88.26,1.63
66,67,605358,立昂微,23.71,0.64,0.15,1167,2754375.0,0.93,23.78,23.56,23.56,23.56,0.02,-119.05,2.12
67,68,688037,芯源微,79.1,0.64,0.5,569,4483156.0,0.79,79.22,78.6,78.6,78.6,0.03,104.34,6.41
68,69,300053,航宇微,12.73,0.63,0.08,12485,15718064.0,2.13,12.75,12.48,12.58,12.65,0.2,-180.32,4.34
69,70,688720,艾森股份,39.8,0.63,0.25,760,2982324.0,2.23,39.88,39.0,39.0,39.55,0.43,127.65,3.5
70,71,688798,艾为电子,63.99,0.63,0.4,388,2481607.0,0.53,64.0,63.66,63.99,63.59,0.03,81.37,3.96
71,72,002077,大港股份,13.07,0.62,0.08,2192,2868874.0,0.77,13.12,13.02,13.1,12.99,0.04,124.19,2.3
72,73,688766,普冉股份,80.19,0.61,0.49,486,3878208.0,1.99,80.5,78.91,79.77,79.7,0.05,31.14,4.07
73,74,688107,安路科技,24.59,0.61,0.15,224,549314.0,0.78,24.6,24.41,24.44,24.44,0.01,-40.35,7.45
74,75,688048,长光华芯,36.32,0.61,0.22,416,1516462.0,2.55,36.72,35.8,35.88,36.1,0.04,-75.36,2.11
75,76,688072,拓荆科技,138.54,0.59,0.81,378,5243329.0,0.78,139.49,138.42,138.5,137.73,0.02,149.34,8.45
76,77,688213,思特威-W,66.65,0.56,0.37,733,4900234.0,1.07,67.0,66.29,67.0,66.28,0.02,88.99,6.85
77,78,000670,盈方微,5.5,0.55,0.03,3421,1874568.0,1.28,5.52,5.45,5.47,5.47,0.05,-104.25,162.09
78,79,688508,芯朋微,38.98,0.54,0.21,325,1265948.0,0.83,39.17,38.85,38.99,38.77,0.02,58.27,2.11
79,80,300831,派瑞股份,14.92,0.54,0.08,4733,6988815.0,1.35,14.92,14.72,14.72,14.84,0.26,51.03,5.26
80,81,688728,格科微,15.2,0.53,0.08,1404,2119774.0,1.12,15.2,15.03,15.03,15.12,0.01,255.06,5.09
81,82,300042,朗科科技,20.91,0.53,0.11,1211,2538223.0,1.35,21.1,20.82,21.1,20.8,0.06,-69.24,3.81
82,83,688332,中科蓝讯,62.78,0.51,0.32,197,1233877.0,1.44,63.36,62.46,62.46,62.46,0.04,28.05,1.98
83,84,688593,新相微,17.82,0.51,0.09,2167,3858146.0,2.2,17.99,17.6,17.74,17.73,0.07,-1216.0,5.21
84,85,688200,华峰测控,103.2,0.51,0.52,125,1289357.0,0.29,103.3,103.0,103.1,102.68,0.01,62.13,4.19
85,86,688325,赛微微电,44.62,0.5,0.22,262,1163419.0,0.72,44.62,44.3,44.4,44.4,0.07,62.58,2.28
86,87,688469,芯联集成-U,4.29,0.47,0.02,3929,1681134.0,0.47,4.29,4.27,4.27,4.27,0.01,-32.14,2.52
87,88,688385,复旦微电,38.7,0.47,0.18,2453,9470097.0,0.6,38.8,38.57,38.57,38.52,0.05,45.53,5.66
88,89,688120,华海清科,156.5,0.45,0.7,425,6610712.0,1.81,157.82,155.0,155.0,155.8,0.03,42.81,6.3
89,90,688380,中微半导,24.64,0.45,0.11,654,1600714.0,1.14,24.64,24.36,24.5,24.53,0.04,114.65,3.39
90,91,300604,长川科技,40.34,0.45,0.18,4284,17191696.0,1.25,40.5,40.0,40.03,40.16,0.09,58.83,8.25
91,92,688601,力芯微,42.98,0.44,0.19,655,2805118.0,0.54,42.98,42.75,42.8,42.79,0.05,36.65,4.57
92,93,688981,中芯国际,75.45,0.44,0.33,24330,184017736.0,1.1,75.85,75.02,75.8,75.12,0.12,182.67,4.16
93,94,688711,宏微科技,16.98,0.41,0.07,882,1492883.0,1.06,16.98,16.8,16.9,16.91,0.04,718.9,3.31
94,95,688041,海光信息,116.66,0.41,0.48,5413,63173092.0,0.91,117.06,116.0,117.0,116.18,0.06,133.29,13.68
95,96,688478,晶升股份,27.66,0.4,0.11,164,451833.0,0.69,27.69,27.5,27.5,27.55,0.02,54.67,2.45
96,97,688521,芯原股份,40.28,0.4,0.16,1570,6333264.0,1.92,40.78,40.01,40.5,40.12,0.03,-35.35,8.33
97,98,688261,东微半导,45.17,0.38,0.17,605,2740305.0,2.44,45.75,44.65,45.75,45.0,0.07,163.35,1.92
98,99,688702,盛科通信-U,49.29,0.37,0.18,304,1479434.0,1.38,49.29,48.61,48.61,49.11,0.02,-177.62,8.68
99,100,003026,中晶科技,35.68,0.37,0.13,1013,3586002.0,1.24,35.7,35.26,35.26,35.55,0.13,220.31,6.68
100,101,688123,聚辰股份,55.68,0.36,0.2,907,5060735.0,0.61,55.94,55.6,55.9,55.48,0.06,30.66,4.29
101,102,688233,神工股份,20.16,0.35,0.07,316,634607.0,1.19,20.19,19.95,20.06,20.09,0.02,360.49,1.95
102,103,688234,天岳先进,58.0,0.35,0.2,471,2720273.0,0.83,58.0,57.52,57.7,57.8,0.02,122.31,4.77
103,104,688126,沪硅产业,19.45,0.31,0.06,4447,8613284.0,1.29,19.49,19.24,19.38,19.39,0.02,-68.76,4.05
104,105,002079,苏州固锝,10.49,0.29,0.03,4683,4877678.0,1.15,10.49,10.37,10.4,10.46,0.06,383.52,2.91
105,106,300623,捷捷微电,35.17,0.29,0.1,20975,73053368.24,1.34,35.17,34.7,34.7,35.07,0.31,60.39,6.99
106,107,688099,晶晨股份,64.92,0.26,0.17,1807,11653282.0,1.51,64.99,64.01,64.44,64.75,0.04,37.51,4.59
107,108,600171,上海贝岭,28.09,0.25,0.07,13537,37751777.0,1.0,28.09,27.81,27.86,28.02,0.19,75.89,4.8
108,109,688512,慧智微-U,8.08,0.25,0.02,593,476825.0,0.99,8.1,8.02,8.06,8.06,0.02,-10.15,1.83
109,110,688279,峰岹科技,139.95,0.24,0.34,26,360001.0,1.07,140.0,138.51,140.0,139.61,0.0,52.97,5.29
110,111,688484,南芯科技,32.43,0.22,0.07,828,2685753.0,0.49,32.54,32.38,32.4,32.36,0.03,33.63,3.6
111,112,603290,斯达半导,90.5,0.21,0.19,683,6150642.0,0.55,90.5,90.0,90.01,90.31,0.03,39.43,3.36
112,113,688008,澜起科技,61.46,0.2,0.12,6430,39529617.0,0.44,61.68,61.41,61.42,61.34,0.06,59.19,6.9
113,114,001309,德明利,80.36,0.17,0.14,1055,8452752.0,1.25,80.9,79.9,79.97,80.22,0.12,15.41,7.88
114,115,603068,博通集成,23.83,0.17,0.04,979,2326328.0,0.71,23.85,23.68,23.79,23.79,0.07,-45.97,2.16
115,116,688082,盛美上海,105.09,0.16,0.17,190,1995586.0,0.88,105.5,104.58,104.6,104.92,0.03,51.71,6.74
116,117,600877,电科芯片,13.82,0.14,0.02,5397,7446126.0,0.72,13.83,13.73,13.8,13.8,0.06,213.23,6.73
117,118,603160,汇顶科技,83.22,0.14,0.12,2343,19408460.0,0.77,83.26,82.62,82.75,83.1,0.05,60.11,4.56
118,119,688045,必易微,27.77,0.14,0.04,72,201362.0,1.55,28.2,27.77,28.02,27.73,0.02,-90.37,1.43
119,120,688256,寒武纪-U,358.56,0.13,0.47,1617,58116914.0,0.7,360.59,358.09,360.0,358.09,0.04,-141.18,28.35
120,121,688401,路维光电,25.06,0.12,0.03,204,508950.0,1.36,25.21,24.87,25.06,25.03,0.02,29.39,3.79
121,122,688216,气派科技,19.83,0.1,0.02,249,494098.0,1.41,20.0,19.72,20.0,19.81,0.02,-26.16,2.99
122,123,688012,中微公司,163.61,0.07,0.11,1350,22102183.0,0.82,164.78,163.44,163.5,163.5,0.02,98.37,5.59
123,124,688620,安凯微,8.55,0.0,0.0,90,77229.0,0.82,8.55,8.48,8.55,8.55,0.0,-286.11,2.21
124,125,688591,泰凌微,23.6,0.0,0.0,1271,2992862.0,0.89,23.61,23.4,23.59,23.6,0.08,104.95,2.46
125,126,688439,振华风光,58.84,0.0,0.0,222,1304956.0,0.37,58.84,58.62,58.8,58.84,0.02,25.44,2.44
126,127,688432,有研硅,11.11,0.0,0.0,337,373307.0,0.99,11.11,11.0,11.1,11.11,0.01,53.11,3.28
127,128,688403,汇成股份,8.88,0.0,0.0,1385,1228484.0,0.34,8.88,8.85,8.86,8.88,0.02,62.35,2.43
128,129,688286,敏芯股份,46.5,0.0,0.0,458,2127158.0,0.86,46.5,46.1,46.45,46.5,0.08,-37.02,2.53
129,130,688052,纳芯微,121.46,0.0,0.0,119,1435182.0,2.12,121.46,118.88,121.46,121.46,0.01,-32.63,2.85
130,131,603986,兆易创新,82.39,0.0,0.0,2737,22506142.0,0.59,82.5,82.01,82.2,82.39,0.04,53.06,3.51
131,132,600360,ST华微,3.75,0.0,0.0,3958,1478031.0,0.53,3.75,3.73,3.73,3.75,0.04,26.64,1.08
132,133,688536,思瑞浦,105.47,-0.01,-0.01,668,6969843.0,1.5,105.48,103.9,104.0,105.48,0.05,-106.53,2.58
133,134,605111,新洁能,34.14,-0.03,-0.01,1516,5169709.0,0.47,34.15,33.99,34.14,34.15,0.04,32.57,3.8
134,135,688262,国芯科技,19.86,-0.05,-0.01,2017,3995964.0,0.91,19.89,19.71,19.81,19.87,0.08,-40.41,2.89
135,136,688530,欧莱新材,17.46,-0.06,-0.01,54,94678.0,0.46,17.46,17.38,17.38,17.47,0.02,89.65,3.31
136,137,688652,京仪装备,43.8,-0.07,-0.03,223,974408.0,0.82,43.83,43.47,43.83,43.83,0.06,46.13,3.68
137,138,688595,芯海科技,36.73,-0.11,-0.04,2917,10731159.0,2.26,37.46,36.63,36.77,36.77,0.2,-46.03,6.83
138,139,002371,北方华创,364.63,-0.11,-0.4,1595,58187852.0,0.68,366.0,363.53,365.03,365.03,0.03,34.93,7.1
139,140,603061,金海通,76.01,-0.13,-0.1,3030,23214228.0,2.06,77.0,75.43,77.0,76.11,0.72,57.47,3.61
140,141,603501,韦尔股份,103.5,-0.16,-0.17,5061,52441397.0,0.49,103.66,103.15,103.66,103.67,0.04,45.97,5.85
141,142,688220,翱捷科技-U,40.03,-0.17,-0.07,204,815900.0,0.62,40.18,39.93,40.1,40.1,0.01,-31.63,2.77
142,143,688049,炬芯科技,27.89,-0.18,-0.05,634,1774113.0,1.04,28.18,27.89,28.05,27.94,0.06,49.78,2.27
143,144,688391,钜泉科技,32.65,-0.21,-0.07,112,363380.0,1.13,32.66,32.29,32.66,32.72,0.02,33.26,2.0
144,145,688661,和林微纳,31.99,-0.22,-0.07,346,1106915.0,0.78,32.06,31.81,31.9,32.06,0.03,-261.84,3.09
145,146,688018,乐鑫科技,128.9,-0.29,-0.37,356,4571918.0,1.28,129.0,127.35,128.82,129.27,0.03,47.69,7.48
146,147,002049,紫光国微,65.94,-0.32,-0.21,3084,20352872.0,0.68,66.15,65.7,66.15,66.15,0.04,37.98,4.81
147,148,688709,成都华微,19.93,-0.4,-0.08,2574,5112718.0,0.85,19.93,19.76,19.86,20.01,0.33,86.6,4.63
148,149,688047,龙芯中科,131.44,-0.4,-0.53,3968,51573845.0,2.78,132.66,128.99,129.6,131.97,0.14,-110.67,15.9
149,150,688361,中科飞测,66.51,-0.42,-0.28,527,3495031.0,1.27,66.77,65.92,66.5,66.79,0.02,-156.46,9.14
150,151,688002,睿创微纳,44.54,-0.45,-0.2,611,2719460.0,0.92,44.72,44.31,44.31,44.74,0.01,44.52,4.24
151,152,688416,恒烁股份,30.03,-0.53,-0.16,263,790196.0,0.46,30.14,30.0,30.03,30.19,0.06,-16.69,1.7
152,153,300493,润欣科技,14.98,-0.79,-0.12,19867,29561419.1,1.13,14.98,14.81,14.9,15.1,0.4,151.64,6.9
153,154,603893,瑞芯微,79.0,-0.88,-0.7,2565,20299089.0,1.37,79.34,78.25,79.34,79.7,0.06,90.4,10.38
154,155,001270,铖昌科技,36.73,-0.94,-0.35,1165,4317528.4,1.38,37.22,36.71,37.12,37.08,0.11,-156.76,5.61
155,156,300077,国民技术,23.5,-1.34,-0.32,54901,126115181.54,2.73,23.5,22.85,22.85,23.82,0.97,-51.15,12.56
156,157,688270,臻镭科技,30.19,-1.44,-0.44,1361,4100506.0,1.73,30.58,30.05,30.05,30.63,0.09,573.95,3.05
157,158,688721,龙图光罩,44.56,-1.46,-0.66,1162,5192110.0,1.72,45.0,44.22,45.0,45.22,0.46,60.29,5.13
