,序号,代码,名称,最新价,涨跌幅,涨跌额,成交量,成交额,振幅,最高,最低,今开,昨收,换手率,市盈率-动态,市净率
0,1,300120,经纬辉开,9.16,20.05,1.53,105770,96884935.28,0.0,9.16,9.16,9.16,7.63,1.99,54.6,1.75
1,2,301421,波长光电,61.6,19.29,9.96,81183,472352064.05,23.3,61.97,49.94,50.4,51.64,17.53,123.77,6.06
2,3,688205,德科立,47.19,5.83,2.6,16666,76976046.0,5.49,47.5,45.05,45.05,44.59,2.46,52.63,2.59
3,4,688150,莱特光电,19.64,5.42,1.01,27329,52708546.0,5.96,19.81,18.7,18.89,18.63,1.53,42.73,4.59
4,5,300102,乾照光电,8.73,4.55,0.38,172762,150208882.2,5.63,8.86,8.39,8.5,8.35,1.89,123.38,1.98
5,6,301045,天禄科技,20.8,4.1,0.82,10070,20639999.0,5.56,20.98,19.87,20.29,19.98,1.48,76.16,2.33
6,7,003015,日久光电,14.03,2.86,0.39,134313,186904187.77,4.25,14.14,13.56,13.71,13.64,5.48,59.6,4.21
7,8,603773,沃格光电,19.41,2.7,0.51,20402,38865694.0,4.23,19.42,18.62,18.7,18.9,1.0,-71.1,3.23
8,9,300128,锦富技术,4.67,2.64,0.12,156822,72282036.4,6.59,4.72,4.42,4.46,4.55,1.21,-26.31,6.26
9,10,301106,骏成科技,33.12,2.57,0.83,5913,19388965.26,4.43,33.24,31.81,32.03,32.29,2.03,31.28,2.85
10,11,873001,纬达光电,10.77,2.09,0.22,5715,6047090.8,5.12,10.87,10.33,10.35,10.55,0.64,52.58,2.21
11,12,002189,中光学,22.4,2.05,0.45,58192,129644117.0,5.38,22.69,21.51,21.86,21.95,2.23,216.08,5.27
12,13,300566,激智科技,18.44,2.05,0.37,33553,60866734.72,5.37,18.58,17.61,17.86,18.07,1.47,19.52,2.56
13,14,300940,南极光,14.35,1.63,0.23,9345,13226601.02,3.33,14.36,13.89,14.19,14.12,0.63,-193.39,3.04
14,15,300241,瑞丰光电,5.14,1.58,0.08,74340,37849769.0,3.36,5.16,4.99,5.04,5.06,1.3,75.59,1.67
15,16,002036,联创电子,9.14,1.22,0.11,267042,243423548.94,1.99,9.18,9.0,9.11,9.03,2.53,-75.14,3.66
16,17,300889,爱克股份,12.95,1.17,0.15,8396,10805094.0,3.52,13.05,12.6,12.8,12.8,0.86,-17.95,1.31
17,18,603679,华体科技,11.95,1.1,0.13,8340,9877248.0,2.62,11.96,11.65,11.94,11.82,0.51,-62.39,2.33
18,19,300088,长信科技,6.69,1.06,0.07,214145,141606485.0,3.17,6.72,6.51,6.6,6.62,0.88,44.49,1.99
19,20,600071,凤凰光学,20.41,0.94,0.19,9689,19688932.0,3.21,20.56,19.91,20.21,20.22,0.34,-241.36,13.5
20,21,002962,五方光电,15.1,0.94,0.14,24332,36424824.0,2.87,15.13,14.7,14.81,14.96,1.16,53.98,2.43
21,22,301379,天山电子,18.93,0.91,0.17,6769,12790642.0,3.25,19.2,18.59,18.8,18.76,0.72,20.69,2.03
22,23,000536,华映科技,3.51,0.86,0.03,444499,155638172.96,4.89,3.57,3.4,3.49,3.48,1.61,-8.61,5.21
23,24,300162,雷曼光电,7.36,0.68,0.05,51719,37735412.0,3.15,7.4,7.17,7.24,7.31,1.52,203.67,3.13
24,25,300303,聚飞光电,6.07,0.66,0.04,96350,57950001.0,2.65,6.08,5.92,6.0,6.03,0.78,27.33,2.61
25,26,300708,聚灿光电,11.27,0.54,0.06,60755,67842918.66,3.12,11.33,10.98,11.04,11.21,1.22,35.82,2.85
26,27,002456,欧菲光,10.03,0.5,0.05,682479,683419010.48,4.11,10.17,9.76,9.89,9.98,2.1,424.04,9.36
27,28,000725,京东方Ａ,4.27,0.47,0.02,753231,319314704.68,1.65,4.28,4.21,4.25,4.25,0.2,35.19,1.25
28,29,000727,冠捷科技,2.26,0.44,0.01,119708,26816393.2,2.67,2.27,2.21,2.23,2.25,0.26,95.87,3.37
29,30,605218,伟时电子,20.09,0.4,0.08,13169,26305330.0,2.45,20.2,19.71,19.88,20.01,0.62,110.7,3.38
30,31,600703,三安光电,12.64,0.4,0.05,80817,101841122.0,2.07,12.67,12.41,12.66,12.59,0.16,171.08,1.71
31,32,002952,亚世光电,22.98,0.35,0.08,7707,17622399.0,2.4,23.05,22.5,23.05,22.9,0.58,223.89,4.4
32,33,002289,ST宇顺,3.1,0.32,0.01,2522,779712.0,1.62,3.11,3.06,3.09,3.09,0.1,-51.88,3.63
33,34,000509,华塑控股,3.14,0.32,0.01,46434,14520526.0,5.43,3.22,3.05,3.06,3.13,0.43,1222.44,22.55
34,35,002845,同兴达,12.9,0.31,0.04,10823,13895930.0,1.94,12.94,12.69,12.9,12.86,0.43,117.83,1.57
35,36,001373,翔腾新材,27.48,0.29,0.08,1605,4388007.5,1.39,27.55,27.17,27.29,27.4,0.48,117.43,2.11
36,37,300691,联合光电,19.0,0.26,0.05,13895,26166076.0,3.38,19.19,18.55,18.57,18.95,0.72,90.47,3.16
37,38,300632,光莆股份,11.48,0.26,0.03,7218,8232494.07,1.92,11.48,11.26,11.32,11.45,0.33,38.62,1.93
38,39,688079,美迪凯,8.04,0.25,0.02,6219,4959268.0,1.75,8.05,7.91,7.99,8.02,0.15,-31.89,2.29
39,40,002992,宝明科技,45.43,0.24,0.11,2941,13217749.0,2.56,45.58,44.42,45.32,45.32,0.19,-89.12,10.87
40,41,300076,GQY视讯,4.98,0.2,0.01,41983,20707540.0,3.82,5.03,4.84,4.87,4.97,0.99,-71.05,2.17
41,42,688127,蓝特光学,20.65,0.19,0.04,26300,54256447.0,3.69,20.86,20.1,20.6,20.61,0.65,84.35,5.13
42,43,300752,隆利科技,15.42,0.13,0.02,10033,15359733.0,3.05,15.5,15.03,15.34,15.4,0.65,34.67,3.1
43,44,002449,国星光电,7.89,0.13,0.01,18840,14748825.4,1.78,7.89,7.75,7.82,7.88,0.31,43.38,1.28
44,45,300650,太龙股份,11.06,0.09,0.01,8381,9192373.6,2.08,11.09,10.86,10.99,11.05,0.53,54.25,1.99
45,46,688195,腾景科技,29.22,0.07,0.02,6054,17673633.0,2.4,29.4,28.7,29.0,29.2,0.47,57.57,4.14
46,47,688538,和辉光电-U,2.39,0.0,0.0,72779,17299619.0,1.67,2.4,2.36,2.39,2.39,0.13,-12.93,2.93
47,48,002808,ST恒久,2.03,0.0,0.0,17609,3582438.0,2.46,2.06,2.01,2.05,2.03,0.94,-21.15,1.68
48,49,002638,勤上股份,1.95,0.0,0.0,24999,4866407.0,2.05,1.97,1.93,1.94,1.95,0.19,-62.16,1.12
49,50,002587,奥拓电子,5.99,0.0,0.0,25483,15143615.0,2.0,5.99,5.87,5.97,5.99,0.49,824.91,2.89
50,51,002217,*ST合泰,1.31,0.0,0.0,57338,7443922.0,1.53,1.31,1.29,1.3,1.31,0.18,-2.48,-0.56
51,52,001326,联域股份,34.11,0.0,0.0,398,1350859.02,0.88,34.13,33.83,34.1,34.11,0.22,16.35,2.09
52,53,000045,深纺织Ａ,9.06,0.0,0.0,8291,7482073.0,1.55,9.08,8.94,9.06,9.06,0.18,52.27,1.59
53,54,600552,凯盛科技,12.08,-0.08,-0.01,120128,144908228.0,2.65,12.2,11.88,12.09,12.09,1.27,137.02,2.77
54,55,002106,莱宝高科,9.4,-0.11,-0.01,24695,23125402.0,1.38,9.43,9.3,9.35,9.41,0.35,15.73,1.26
55,56,300545,联得装备,28.51,-0.14,-0.04,7612,21543233.0,2.1,28.65,28.05,28.61,28.55,0.68,22.7,2.97
56,57,300331,苏大维格,22.62,-0.18,-0.04,19064,42690162.0,2.91,22.66,22.0,22.23,22.66,0.95,85.76,3.55
57,58,300296,利亚德,4.99,-0.2,-0.01,53517,26518359.5,2.2,5.01,4.9,5.0,5.0,0.26,49.24,1.53
58,59,000020,深华发Ａ,14.58,-0.21,-0.03,9996,14530709.0,3.42,14.76,14.26,14.48,14.61,0.55,205.3,10.95
59,60,002876,三利谱,22.5,-0.27,-0.06,4948,11109837.8,1.37,22.56,22.25,22.33,22.56,0.33,35.33,1.67
60,61,600651,飞乐音响,3.25,-0.31,-0.01,29106,9406370.0,1.53,3.26,3.21,3.25,3.26,0.12,285.35,3.35
61,62,688181,八亿时空,19.3,-0.31,-0.06,2374,4559600.0,1.39,19.35,19.08,19.28,19.36,0.18,26.1,1.23
62,63,603703,盛洋科技,9.49,-0.32,-0.03,6856,6479814.0,1.47,9.52,9.38,9.52,9.52,0.17,384.03,4.64
63,64,300701,森霸传感,9.09,-0.33,-0.03,6686,6019954.0,2.74,9.13,8.88,9.13,9.12,0.28,70.05,2.8
64,65,300323,华灿光电,5.54,-0.36,-0.02,34612,19103155.0,2.34,5.58,5.45,5.53,5.56,0.46,-18.17,1.23
65,66,000050,深天马Ａ,7.72,-0.39,-0.03,32450,24939172.0,1.81,7.75,7.61,7.7,7.75,0.13,-19.39,0.69
66,67,603685,晨丰科技,11.7,-0.43,-0.05,1028,1203181.0,0.94,11.75,11.64,11.75,11.75,0.06,82.87,1.76
67,68,000100,TCL科技,4.27,-0.47,-0.02,355166,150977052.45,1.63,4.28,4.21,4.28,4.29,0.2,40.29,1.53
68,69,605118,力鼎光电,15.91,-0.5,-0.08,3039,4813015.0,2.0,16.0,15.68,15.89,15.99,0.07,41.36,4.51
69,70,600666,奥瑞德,1.91,-0.52,-0.01,124498,23867945.0,3.13,1.95,1.89,1.93,1.92,0.51,-500.04,5.0
70,71,300389,艾比森,11.4,-0.52,-0.06,7095,8050932.0,2.18,11.46,11.21,11.46,11.46,0.3,23.67,2.89
71,72,688010,福光股份,16.89,-0.53,-0.09,2415,4078057.0,1.83,17.1,16.79,17.1,16.98,0.15,-38.76,1.64
72,73,002765,蓝黛科技,5.42,-0.55,-0.03,12335,6662021.0,1.65,5.45,5.36,5.43,5.45,0.21,26.14,1.45
73,74,300219,鸿利智汇,7.1,-0.56,-0.04,20658,14580766.0,1.96,7.12,6.98,7.05,7.14,0.29,31.57,1.94
74,75,300939,秋田微,31.82,-0.56,-0.18,4612,14589215.0,2.97,32.15,31.2,31.32,32.0,0.38,35.1,2.87
75,76,002745,木林森,8.44,-0.59,-0.05,18591,15650946.0,1.65,8.48,8.34,8.48,8.49,0.17,23.87,0.94
76,77,300232,洲明科技,6.64,-0.6,-0.04,48291,31976718.0,1.95,6.67,6.54,6.67,6.68,0.55,36.01,1.52
77,78,688502,茂莱光学,120.56,-0.61,-0.74,2482,29539264.0,3.27,120.99,117.02,119.67,121.3,1.53,204.4,5.54
78,79,300319,麦捷科技,11.08,-0.63,-0.07,57709,63543422.0,2.51,11.15,10.87,11.01,11.15,0.7,33.32,2.27
79,80,301205,联特科技,73.26,-0.66,-0.49,5756,42209196.0,2.89,74.43,72.3,73.0,73.75,0.85,155.69,6.58
80,81,300301,*ST长方,1.43,-0.69,-0.01,17489,2497200.0,1.39,1.44,1.42,1.44,1.44,0.22,-29.09,35.11
81,82,600707,彩虹股份,7.09,-0.7,-0.05,25085,17707051.0,1.54,7.11,7.0,7.1,7.14,0.07,13.89,1.2
82,83,300582,英飞特,11.2,-0.71,-0.08,9764,10922494.0,2.48,11.3,11.02,11.3,11.28,0.44,47.88,2.23
83,84,688272,富吉瑞,16.37,-0.79,-0.13,1558,2530322.0,2.85,16.48,16.01,16.43,16.5,0.56,64.66,2.48
84,85,003019,宸展光电,23.95,-0.83,-0.2,7407,17729583.87,1.04,24.05,23.8,24.0,24.15,0.44,15.98,2.93
85,86,688055,龙腾光电,3.47,-0.86,-0.03,9360,3237061.0,2.0,3.5,3.43,3.5,3.5,0.03,-47.38,2.64
86,87,301183,东田微,54.25,-0.86,-0.47,36421,197088077.65,4.84,55.48,52.83,53.38,54.72,7.9,88.78,5.27
87,88,688307,中润光学,21.29,-0.93,-0.2,1050,2234623.0,2.65,21.7,21.13,21.7,21.49,0.18,46.0,2.28
88,89,688299,长阳科技,15.99,-1.05,-0.17,22843,36458138.0,4.89,16.45,15.66,16.3,16.16,0.8,136.16,2.18
89,90,300790,宇瞳光学,16.11,-1.1,-0.18,17524,28201887.8,1.9,16.24,15.93,16.24,16.29,0.7,31.06,2.9
90,91,002983,芯瑞达,21.2,-1.12,-0.24,8824,18655729.97,2.05,21.44,21.0,21.44,21.44,0.69,44.22,3.72
91,92,002222,福晶科技,26.18,-1.24,-0.33,35658,93104924.8,1.51,26.31,25.91,26.2,26.51,0.76,56.18,8.13
92,93,600363,联创光电,26.64,-1.37,-0.37,11529,30709911.0,1.81,26.94,26.45,26.82,27.01,0.25,26.53,2.92
93,94,688011,新光光电,15.71,-1.38,-0.22,1185,1863534.0,2.45,15.92,15.53,15.92,15.93,0.12,-43.97,1.4
94,95,603297,永新光学,66.59,-1.41,-0.95,1305,8702755.0,2.03,67.37,66.0,66.85,67.54,0.12,37.16,4.08
95,96,300808,久量股份,18.41,-1.45,-0.27,4912,9070132.0,2.09,18.69,18.3,18.62,18.68,0.47,-455.27,2.88
96,97,002955,鸿合科技,23.04,-1.54,-0.36,7357,16964182.0,1.71,23.28,22.88,23.28,23.4,0.39,18.21,1.56
97,98,300909,汇创达,24.13,-1.55,-0.38,15668,37642710.0,1.63,24.23,23.83,24.0,24.51,1.37,47.74,2.15
98,99,002387,维信诺,7.73,-1.9,-0.15,68117,52430217.0,1.65,7.75,7.62,7.75,7.88,0.49,-4.56,1.58
99,100,301321,翰博高新,16.71,-1.94,-0.33,11496,19163538.0,4.05,17.05,16.36,16.87,17.04,0.78,-23.61,2.7
100,101,002273,水晶光电,18.87,-3.13,-0.61,89290,170116886.5,3.29,19.45,18.81,19.39,19.48,0.66,30.75,3.08
