,序号,代码,名称,最新价,涨跌幅,涨跌额,成交量,成交额,振幅,最高,最低,今开,昨收,换手率,市盈率-动态,市净率
0,1,300674,宇信科技,26.88,19.84,4.45,760607,1941010226.35,12.84,26.88,24.0,24.48,22.43,10.82,58.06,4.68
1,2,301001,凯淳股份,25.93,13.03,2.99,29466,70932902.0,17.35,26.38,22.4,22.5,22.94,5.86,288.97,2.56
2,3,300290,荣科科技,23.39,11.97,2.5,539579,1232583299.68,9.48,23.9,21.92,22.22,20.89,8.44,-1859.59,18.2
3,4,301110,青木科技,48.16,11.51,4.97,36389,170413375.8,8.01,48.8,45.34,45.34,43.19,7.5,33.23,3.21
4,5,603887,城地香江,8.13,10.01,0.74,13240,10764022.0,0.0,8.13,8.13,8.13,7.39,0.29,-27.25,1.53
5,6,301382,蜂助手,33.46,8.64,2.66,108549,355233286.98,8.86,33.99,31.26,31.95,30.8,7.94,51.2,4.3
6,7,300785,值得买,26.47,5.75,1.44,57355,147597984.62,6.43,26.49,24.88,25.1,25.03,4.69,343.68,2.87
7,8,300523,辰安科技,20.29,5.62,1.08,36067,74417111.0,12.34,21.69,19.32,19.41,19.21,1.55,-20.12,3.37
8,9,301085,亚康股份,57.1,5.43,2.94,23720,133329459.49,9.19,57.98,53.0,54.0,54.16,5.99,60.01,4.54
9,10,600070,*ST富润,1.64,5.13,0.08,6620,1085680.0,0.0,1.64,1.64,1.64,1.56,0.13,-4.73,1.46
10,11,838227,美登科技,25.92,4.81,1.19,1193,3008569.58,6.79,26.0,24.32,24.4,24.73,0.68,25.0,2.59
11,12,300678,中科信息,34.99,4.01,1.35,79335,275396317.1,8.09,35.5,32.78,33.64,33.64,2.78,1039.45,12.14
12,13,300166,东方国信,10.14,4.0,0.39,285494,285800299.14,7.28,10.21,9.5,9.8,9.75,3.15,383.27,1.92
13,14,300287,飞利信,5.61,3.51,0.19,675140,362487208.82,11.07,5.67,5.07,5.18,5.42,5.15,-37.81,6.31
14,15,000409,云鼎科技,9.04,3.31,0.29,68337,60666206.14,5.14,9.07,8.62,8.77,8.75,1.61,42.07,4.12
15,16,300464,星徽股份,5.0,3.31,0.16,47599,23393350.31,7.44,5.09,4.73,4.82,4.84,1.48,125.85,3.87
16,17,003010,若羽臣,14.65,3.02,0.43,16898,24292183.0,4.22,14.65,14.05,14.22,14.22,1.33,31.99,2.41
17,18,000997,新 大 陆,17.09,2.77,0.46,71506,120324371.0,5.11,17.15,16.3,16.48,16.63,0.7,16.64,2.63
18,19,600756,浪潮软件,14.14,2.54,0.35,48417,67108826.0,4.21,14.14,13.56,13.74,13.79,1.49,-25.86,2.06
19,20,838924,广脉科技,10.73,2.48,0.26,4035,4274757.51,4.3,10.77,10.32,10.58,10.47,0.64,42.02,4.0
20,21,300269,联建光电,3.89,2.37,0.09,103012,39734477.0,5.79,3.92,3.7,3.82,3.8,1.96,-104.02,28.41
21,22,300324,旋极信息,3.15,2.27,0.07,264796,82036266.39,5.19,3.17,3.01,3.05,3.08,1.55,-23.75,1.79
22,23,300634,彩讯股份,20.02,2.25,0.44,70559,140234779.0,6.33,20.3,19.06,19.25,19.58,1.64,37.98,3.44
23,24,002642,荣联科技,7.37,2.22,0.16,129933,94922192.28,4.72,7.42,7.08,7.18,7.21,2.15,210.35,4.23
24,25,600228,返利科技,5.7,1.97,0.11,22377,12554046.0,3.4,5.71,5.52,5.59,5.59,0.54,358.52,1.67
25,26,600571,信雅达,12.0,1.95,0.23,110283,130390340.0,6.03,12.12,11.41,11.53,11.77,2.41,-47.97,4.85
26,27,300872,天阳科技,16.66,1.83,0.3,72655,117887250.71,6.54,16.76,15.69,15.96,16.36,2.13,37.27,2.52
27,28,300300,ST峡创,2.23,1.83,0.04,92462,20406819.24,5.48,2.26,2.14,2.15,2.19,1.39,-26.31,9.36
28,29,301171,易点天下,17.2,1.78,0.3,58521,99586845.0,4.32,17.28,16.55,16.7,16.9,1.9,30.77,2.32
29,30,300209,*ST有树,4.06,1.75,0.07,16698,6714310.8,3.51,4.09,3.95,3.98,3.99,0.42,-27.75,-3.96
30,31,603496,恒为科技,26.85,1.55,0.41,46099,123126725.0,4.39,27.04,25.88,26.44,26.44,1.44,59.93,6.1
31,32,002771,真视通,20.49,1.44,0.29,34251,69241746.42,3.61,20.49,19.76,19.86,20.2,1.96,-154.78,6.56
32,33,300150,世纪瑞尔,4.08,1.24,0.05,30961,12494894.85,3.72,4.09,3.94,4.03,4.03,0.6,69.98,1.57
33,34,300592,华凯易佰,13.06,1.24,0.16,9607,12435068.2,2.56,13.1,12.77,12.81,12.9,0.26,19.65,2.4
34,35,002315,焦点科技,28.96,1.22,0.35,25324,72108889.9,4.79,29.12,27.75,28.25,28.61,1.25,19.66,4.13
35,36,605398,新炬网络,18.53,1.09,0.2,6463,11885603.0,2.56,18.61,18.14,18.14,18.33,0.4,81.58,2.88
36,37,688365,光云科技,8.36,1.09,0.09,23824,19813134.0,3.87,8.45,8.13,8.19,8.27,0.56,-51.65,3.59
37,38,002195,岩山科技,2.8,1.08,0.03,366860,102357073.39,3.25,2.82,2.73,2.76,2.77,0.65,215.14,1.63
38,39,688509,正元地信,3.76,1.08,0.04,17796,6658806.0,2.42,3.77,3.68,3.71,3.72,0.46,-24.26,2.04
39,40,688787,海天瑞声,58.6,1.05,0.61,2465,14224557.0,4.29,58.85,56.36,57.9,57.99,0.41,4244.57,4.69
40,41,300792,壹网壹创,20.45,1.04,0.21,23504,47504050.5,4.35,20.64,19.76,19.95,20.24,1.1,36.5,1.71
41,42,300288,朗玛信息,14.28,0.92,0.13,17972,25264283.0,3.39,14.28,13.8,14.0,14.15,0.7,100.35,2.98
42,43,688258,卓易信息,30.05,0.87,0.26,8448,25195804.0,4.6,30.39,29.02,29.86,29.79,0.7,94.38,3.6
43,44,300448,浩云科技,6.25,0.81,0.05,72939,45182628.0,4.52,6.3,6.02,6.16,6.2,1.48,339.94,3.22
44,45,300846,首都在线,11.82,0.77,0.09,48818,57406238.16,4.26,11.9,11.4,11.75,11.73,1.25,-32.08,5.23
45,46,688004,博汇科技,14.46,0.77,0.11,3138,4518641.0,2.86,14.63,14.22,14.5,14.35,0.39,-26.01,1.78
46,47,301270,汉仪股份,32.69,0.74,0.24,6176,20043175.0,3.33,32.86,31.78,32.66,32.45,0.83,1130.04,3.27
47,48,688228,开普云,38.13,0.71,0.27,3631,13807878.0,2.85,38.38,37.3,37.99,37.86,0.54,-78.56,2.06
48,49,688039,当虹科技,26.85,0.71,0.19,8047,21583168.0,3.68,27.15,26.17,26.81,26.66,0.72,-35.96,2.51
49,50,603636,南威软件,9.97,0.61,0.06,33505,33055440.0,4.94,10.04,9.55,9.8,9.91,0.58,-25.21,2.26
50,51,600410,华胜天成,5.29,0.57,0.03,52969,27751142.0,3.04,5.3,5.14,5.22,5.26,0.48,-11.74,1.42
51,52,002331,皖通科技,7.38,0.41,0.03,19751,14517809.16,3.13,7.44,7.21,7.35,7.35,0.5,-206.15,1.81
52,53,002766,索菱股份,5.14,0.39,0.02,53704,27387928.0,3.13,5.17,5.01,5.07,5.12,0.63,98.81,6.05
53,54,300895,铜牛信息,34.11,0.35,0.12,9687,32633399.84,3.09,34.17,33.12,33.54,33.99,0.7,-59.91,5.18
54,55,300941,创识科技,22.39,0.31,0.07,16542,36742078.32,3.36,22.5,21.75,22.0,22.32,1.36,119.96,3.65
55,56,301428,世纪恒通,32.53,0.25,0.08,5237,16915395.0,2.37,32.65,31.88,32.18,32.45,0.86,38.24,2.59
56,57,000676,智度股份,8.82,0.23,0.02,354428,310059739.2,4.66,8.87,8.46,8.72,8.8,2.8,54.93,2.85
57,58,688051,佳华科技,20.39,0.2,0.04,842,1705534.0,2.9,20.47,19.88,20.47,20.35,0.11,-26.72,1.99
58,59,688292,浩瀚深度,17.95,0.17,0.03,4715,8481751.0,2.51,18.16,17.71,18.09,17.92,0.52,41.72,2.72
59,60,301396,宏景科技,25.31,0.16,0.04,10038,25360006.0,4.31,25.68,24.59,25.02,25.27,1.97,-144.05,2.2
60,61,300271,华宇软件,6.45,0.16,0.01,62523,40019372.0,3.26,6.5,6.29,6.36,6.44,0.78,-16.19,1.27
61,62,002232,启明信息,19.48,0.15,0.03,39581,76785985.85,2.57,19.58,19.08,19.25,19.45,0.97,7484.19,5.76
62,63,300440,运达科技,6.56,0.15,0.01,28515,18436360.0,3.05,6.56,6.36,6.55,6.55,0.64,100.68,1.85
63,64,002990,盛视科技,21.84,0.14,0.03,5593,12170959.0,1.93,21.94,21.52,21.81,21.81,0.42,32.17,2.44
64,65,000938,紫光股份,23.75,0.08,0.02,145655,346282723.4,2.19,23.96,23.44,23.65,23.73,0.51,33.95,1.96
65,66,688229,博睿数据,41.31,0.02,0.01,1547,6303851.0,3.46,41.4,39.97,41.4,41.3,0.35,-18.65,3.79
66,67,688619,罗普特,8.05,0.0,0.0,2638,2118133.0,2.24,8.09,7.91,8.09,8.05,0.14,-15.11,1.44
67,68,603869,ST智知,5.0,0.0,0.0,1712,852604.0,0.6,5.0,4.97,5.0,5.0,0.03,58.16,0.67
68,69,300508,维宏股份,25.32,0.0,0.0,2612,6556951.0,1.5,25.33,24.95,25.11,25.32,0.46,33.82,3.91
69,70,200045,深纺织Ｂ,3.55,0.0,0.0,10,3550.0,0.0,3.55,3.55,3.55,3.55,0.0,18.69,0.57
70,71,002264,新 华 都,5.14,0.0,0.0,17109,8703306.0,2.14,5.14,5.03,5.13,5.14,0.26,12.72,2.14
71,72,002131,利欧股份,1.72,0.0,0.0,168523,28829014.93,2.33,1.73,1.69,1.71,1.72,0.29,-7.83,0.91
72,73,300766,每日互动,14.29,-0.07,-0.01,32210,45587665.0,3.43,14.36,13.87,14.12,14.3,0.91,675.63,3.44
73,74,300418,昆仑万维,36.17,-0.08,-0.03,98428,354574371.99,3.56,36.56,35.27,35.4,36.2,0.8,-57.23,2.95
74,75,300248,新开普,9.05,-0.11,-0.01,23844,21435744.05,2.54,9.08,8.85,8.88,9.06,0.58,-111.54,2.11
75,76,300170,汉得信息,8.59,-0.12,-0.01,82631,70260082.16,2.56,8.59,8.37,8.49,8.6,0.87,50.71,1.72
76,77,002095,生 意 宝,14.5,-0.14,-0.02,6806,9750859.0,2.69,14.52,14.13,14.42,14.52,0.27,-599.12,3.98
77,78,002291,遥望科技,5.24,-0.19,-0.01,40264,20960762.0,2.1,5.26,5.15,5.23,5.25,0.46,-11.14,1.15
78,79,688500,慧辰股份,33.62,-0.24,-0.08,918,3090227.0,1.34,33.98,33.53,33.7,33.7,0.12,-34.66,3.29
79,80,300609,汇纳科技,36.48,-0.27,-0.1,16830,60887240.0,4.98,36.78,34.96,36.0,36.58,1.4,-67.01,4.2
80,81,002777,久远银海,17.97,-0.28,-0.05,44702,79609552.0,3.0,18.04,17.5,17.56,18.02,1.11,326.56,4.49
81,82,300096,ST易联众,3.36,-0.3,-0.01,18943,6303276.0,2.37,3.37,3.29,3.35,3.37,0.44,-13.7,4.79
82,83,600589,广东榕泰,3.31,-0.3,-0.01,51351,16910394.0,4.82,3.37,3.21,3.3,3.32,0.35,-65.49,8.21
83,84,301381,赛维时代,28.36,-0.32,-0.09,5844,16388316.0,3.37,28.62,27.66,28.2,28.45,0.3,24.08,4.66
84,85,300532,今天国际,12.06,-0.33,-0.04,28938,34565633.5,2.56,12.06,11.75,11.98,12.1,0.68,11.19,3.31
85,86,300017,网宿科技,8.94,-0.33,-0.03,115930,103072415.2,2.56,8.97,8.74,8.92,8.97,0.51,36.71,2.33
86,87,900901,云赛Ｂ股,0.593,-0.34,-0.002,382,22573.0,1.34,0.594,0.586,0.594,0.595,0.01,25.57,1.24
87,88,002316,ST亚联,2.74,-0.36,-0.01,20268,5557395.0,0.73,2.75,2.73,2.75,2.75,0.64,119.4,16.54
88,89,002609,捷顺科技,8.17,-0.37,-0.03,22665,18532469.0,2.2,8.25,8.07,8.25,8.2,0.49,155.35,2.21
89,90,002115,三维通信,5.2,-0.38,-0.02,26682,13783828.0,2.3,5.21,5.09,5.19,5.22,0.35,610.97,1.79
90,91,300383,光环新网,10.19,-0.39,-0.04,56453,57282447.0,2.35,10.23,9.99,10.2,10.23,0.31,34.23,1.46
91,92,002591,恒大高新,4.76,-0.42,-0.02,10661,5064202.0,1.46,4.78,4.71,4.78,4.78,0.48,57.11,2.09
92,93,300419,浩丰科技,6.85,-0.44,-0.03,49251,33483920.0,3.34,6.89,6.66,6.82,6.88,1.34,306.56,5.55
93,94,003005,竞业达,25.4,-0.51,-0.13,3387,8577408.0,1.84,25.5,25.03,25.35,25.53,0.46,-136.9,2.55
94,95,688158,优刻得-W,13.6,-0.51,-0.07,24834,33774313.0,1.9,13.74,13.48,13.6,13.67,0.62,-28.41,2.44
95,96,300645,正元智慧,15.51,-0.51,-0.08,10463,16109347.0,3.4,15.71,15.18,15.45,15.59,0.74,-128.22,2.19
96,97,300442,润泽科技,30.63,-0.52,-0.16,33703,102437806.0,1.88,30.68,30.1,30.49,30.79,0.61,27.26,5.53
97,98,300264,佳创视讯,5.52,-0.54,-0.03,34306,18773756.0,2.34,5.54,5.41,5.48,5.55,0.93,-46.24,40.01
98,99,600850,电科数字,21.36,-0.56,-0.12,15138,32295824.0,1.77,21.46,21.08,21.39,21.48,0.25,54.63,3.33
99,100,002354,天娱数科,3.25,-0.61,-0.02,93935,30266111.6,2.75,3.26,3.17,3.26,3.27,0.58,-402.58,3.8
100,101,300277,海联讯,9.67,-0.62,-0.06,33873,32632739.0,2.47,9.74,9.5,9.65,9.73,1.01,563.11,6.67
101,102,833030,立方控股,15.72,-0.63,-0.1,6229,9674353.47,4.05,15.85,15.21,15.5,15.82,2.46,-24.28,2.45
102,103,000555,神州信息,10.97,-0.63,-0.07,46719,51046149.0,2.9,11.03,10.71,10.95,11.04,0.48,-69.93,1.76
103,104,600446,金证股份,13.41,-0.67,-0.09,60503,80933185.0,2.74,13.56,13.19,13.29,13.5,0.64,-78.51,3.36
104,105,603171,税友股份,27.92,-0.68,-0.19,6891,19173822.0,2.53,28.1,27.39,27.98,28.11,0.17,64.42,4.61
105,106,300079,数码视讯,5.55,-0.72,-0.04,106564,58809943.0,2.68,5.59,5.44,5.51,5.59,0.83,6754.68,1.89
106,107,600271,航天信息,9.9,-0.8,-0.08,27328,27028754.0,1.6,9.96,9.8,9.92,9.98,0.15,-130.33,1.32
107,108,300250,初灵信息,16.56,-0.84,-0.14,31613,52038464.0,3.65,16.68,16.07,16.3,16.7,2.01,-89.44,6.2
108,109,603918,金桥信息,11.78,-0.84,-0.1,24210,28409714.0,3.03,11.89,11.53,11.88,11.88,0.66,-40.2,4.1
109,110,002912,中新赛克,20.11,-0.89,-0.18,5830,11729761.0,1.48,20.31,20.01,20.31,20.29,0.36,-18.18,2.25
110,111,002368,太极股份,21.8,-0.91,-0.2,54951,119837561.55,2.82,22.1,21.48,21.7,22.0,0.89,-42.76,2.72
111,112,002373,千方科技,9.26,-0.96,-0.09,32442,30053985.0,1.93,9.33,9.15,9.22,9.35,0.24,597.98,1.17
112,113,300044,赛为智能,5.11,-0.97,-0.05,74129,37801430.0,2.52,5.16,5.03,5.1,5.16,0.97,-512.28,6.18
113,114,300399,天利科技,19.81,-1.0,-0.2,34248,67210560.54,3.35,19.87,19.2,19.56,20.01,1.73,-109.31,7.87
114,115,300682,朗新集团,11.74,-1.01,-0.12,22831,26826543.0,2.45,11.9,11.61,11.72,11.86,0.22,171.3,1.71
115,116,603881,XD数据港,15.57,-1.02,-0.16,15671,24440534.0,2.1,15.73,15.4,15.73,15.73,0.26,66.03,2.93
116,117,002474,榕基软件,5.59,-1.06,-0.06,22415,12496227.0,1.77,5.62,5.52,5.62,5.65,0.42,-71.24,2.37
117,118,688316,青云科技-U,32.85,-1.2,-0.4,1898,6203261.0,3.22,33.29,32.22,33.29,33.25,0.53,-20.86,10.87
118,119,688562,航天软件,15.99,-1.24,-0.2,4760,7616057.0,1.42,16.13,15.9,16.08,16.19,0.28,-62.92,3.66
119,120,603613,国联股份,24.46,-1.25,-0.31,19741,48045031.0,1.29,24.5,24.18,24.5,24.77,0.27,12.36,2.44
120,121,002380,科远智慧,20.79,-1.28,-0.27,17360,35998626.0,2.37,20.98,20.48,20.98,21.06,1.22,22.61,2.39
121,122,600718,东软集团,9.91,-1.29,-0.13,25284,25031725.0,2.19,9.97,9.75,9.97,10.04,0.21,60.69,1.29
122,123,002401,中远海科,16.69,-1.3,-0.22,12157,20348300.0,2.19,16.91,16.54,16.91,16.91,0.33,27.75,3.75
123,124,301380,挖金客,40.03,-1.31,-0.53,3043,12147062.34,2.0,40.16,39.35,39.75,40.56,1.01,53.28,4.08
124,125,300020,*ST银江,2.2,-1.35,-0.03,78989,17339037.6,1.79,2.22,2.18,2.21,2.23,1.03,-12.78,0.42
125,126,300687,赛意信息,19.64,-1.36,-0.27,30613,59782557.6,3.01,19.71,19.11,19.66,19.91,0.94,135.56,3.04
126,127,688636,智明达,25.37,-1.36,-0.35,5383,13652505.0,3.73,26.0,25.04,25.39,25.72,0.48,838.97,2.63
127,128,688088,虹软科技,32.4,-1.46,-0.48,9540,31002886.0,1.73,32.77,32.2,32.77,32.88,0.24,105.74,4.91
128,129,600845,宝信软件,29.43,-1.47,-0.44,27810,81916559.0,1.71,29.78,29.27,29.78,29.87,0.13,31.89,8.1
129,130,600797,浙大网新,5.98,-1.48,-0.09,182376,110876720.0,2.97,6.16,5.98,6.14,6.07,1.77,-95.67,1.89
130,131,300078,思创医惠,3.11,-1.58,-0.05,61592,19196883.8,1.9,3.14,3.08,3.14,3.16,0.61,-7.18,5.37
131,132,300496,中科创达,60.82,-1.59,-0.98,66911,406170169.12,3.56,61.7,59.5,60.9,61.8,1.83,133.8,2.95
132,133,300226,上海钢联,25.99,-1.59,-0.42,40932,106276257.54,4.32,26.84,25.7,25.93,26.41,1.32,49.8,4.27
133,134,301299,卓创资讯,53.51,-1.62,-0.88,3146,16791744.0,1.6,53.76,52.89,53.14,54.39,0.89,40.78,5.19
134,135,300059,东方财富,20.71,-1.71,-0.36,2123685,4368833472.73,3.46,20.86,20.13,20.3,21.07,1.59,40.3,4.36
135,136,300541,先进数通,13.19,-1.71,-0.23,73718,96735022.24,2.98,13.3,12.9,13.0,13.42,2.02,359.82,3.52
136,137,300295,三六五网,16.89,-1.75,-0.3,51382,85474006.0,3.72,16.99,16.35,16.5,17.19,3.07,235.49,2.62
137,138,600358,国旅联合,3.33,-1.77,-0.06,21770,7236654.0,2.65,3.38,3.29,3.38,3.39,0.43,-48.83,12.01
138,139,300168,万达信息,7.74,-1.78,-0.14,70883,54902485.44,2.54,7.82,7.62,7.76,7.88,0.49,-15.26,5.68
139,140,002530,金财互联,7.58,-1.81,-0.14,38633,29249417.19,1.3,7.62,7.52,7.61,7.72,0.56,1947.52,4.59
140,141,300738,奥飞数据,11.72,-1.84,-0.22,72630,85121953.53,2.6,11.83,11.52,11.72,11.94,0.75,74.68,3.6
141,142,300231,银信科技,11.7,-1.93,-0.23,71496,83054897.36,3.35,11.8,11.4,11.56,11.93,2.19,60.6,3.23
142,143,600131,国网信通,17.79,-2.04,-0.37,37323,66472768.0,1.32,17.96,17.72,17.89,18.16,0.31,53.79,3.35
143,144,688568,中科星图,36.71,-2.11,-0.79,12932,47614115.0,2.08,37.18,36.4,37.1,37.5,0.24,156.82,5.67
144,145,300167,*ST迪威,1.77,-2.21,-0.04,24043,4266630.0,1.1,1.79,1.77,1.79,1.81,0.68,-12.51,-16.09
145,146,002649,博彦科技,11.7,-2.34,-0.28,72966,85202177.0,2.0,11.77,11.53,11.68,11.98,1.33,45.88,1.67
146,147,002657,中科金财,15.19,-2.44,-0.38,59230,89285487.56,2.7,15.27,14.85,15.0,15.57,1.76,-52.14,2.83
147,148,300245,天玑科技,11.91,-2.46,-0.3,118072,140123374.92,3.93,12.08,11.6,11.8,12.21,3.79,-167.18,2.79
148,149,300212,易华录,28.01,-3.75,-1.09,119854,335721722.08,4.3,28.6,27.35,27.74,29.1,1.72,-27.37,6.25
149,150,300518,新迅达,12.28,-4.06,-0.52,45555,55763205.2,4.61,12.59,12.0,12.51,12.8,2.28,-15.12,2.36
