,排名,板块名称,板块代码,最新价,涨跌额,涨跌幅,总市值,换手率,上涨家数,下跌家数,领涨股票,领涨股票-涨跌幅
0,1,装修装饰,BK0725,406.21,7.67,1.92,110462572000,0.77,26,11,维业股份,20.0
1,2,通信服务,BK0736,917.83,5.37,0.59,3359436352000,0.35,26,11,国脉科技,5.32
2,3,互联网服务,BK0447,19533.7,109.1,0.56,1489840720000,1.06,64,79,城地香江,10.01
3,4,工程建设,BK0425,19025.06,105.3,0.56,1513491184000,0.39,33,29,成都路桥,10.11
4,5,消费电子,BK1037,1245.87,5.98,0.48,1935383920000,0.86,51,49,泰嘉股份,10.0
5,6,光学光电子,BK1038,1198.63,4.8,0.4,931905648000,0.45,41,53,经纬辉开,20.05
6,7,计算机设备,BK0735,1088.5,4.09,0.38,847218160000,1.0,21,29,锐明技术,10.0
7,8,水泥建材,BK0424,21613.04,75.08,0.35,351237552000,0.77,10,15,四川金顶,6.32
8,9,银行,BK0475,3656.11,9.45,0.26,12984283904000,0.06,23,15,重庆银行,5.77
9,10,化肥行业,BK0731,1197.83,2.93,0.25,337744896000,0.34,10,12,川发龙蟒,2.8
10,11,软件开发,BK0737,901.98,2.03,0.23,1997480368000,1.59,78,112,艾融软件,16.77
11,12,贸易行业,BK0484,8093.35,13.78,0.17,289200704000,0.91,9,26,跨境通,6.34
12,13,电子元件,BK0459,19767.86,30.59,0.15,1719068960000,0.58,65,73,瑞可达,8.78
13,14,工程咨询服务,BK0726,625.88,0.85,0.14,170081749000,1.08,18,22,建发合诚,10.05
14,15,房地产服务,BK1045,1002.69,0.69,0.07,91791382000,1.83,5,14,群兴玩具,9.98
15,16,仪器仪表,BK0458,11312.8,-0.63,-0.01,250526914000,0.47,29,38,浙江力诺,3.2
16,17,文化传媒,BK0486,8204.64,-0.84,-0.01,967663840000,0.46,32,63,无线传媒,8.57
17,18,游戏,BK1046,937.05,-0.18,-0.02,288504256000,0.52,7,18,中青宝,8.27
18,19,装修建材,BK0476,10920.51,-3.01,-0.03,421687008000,0.47,25,41,凯伦股份,7.05
19,20,包装材料,BK0733,826.58,-0.33,-0.04,113535962000,0.47,8,20,中锐股份,8.33
20,21,半导体,BK1036,1197.89,-0.7,-0.06,3860133872000,0.95,59,95,雷电微力,15.76
21,22,家电行业,BK0456,16802.36,-14.4,-0.09,1925927152000,0.44,29,60,澳柯玛,10.08
22,23,塑料制品,BK0454,10366.26,-9.29,-0.09,328282144000,0.98,28,54,华峰超纤,12.95
23,24,专用设备,BK0910,1973.23,-3.57,-0.18,1300633664000,0.46,81,169,大宏立,14.7
24,25,电力行业,BK0428,15133.8,-28.47,-0.19,3095390944000,0.15,16,60,吉电股份,9.64
25,26,保险,BK0474,1420.47,-3.13,-0.22,3176041888000,0.07,4,2,中国平安,0.49
26,27,玻璃玻纤,BK0546,30805.36,-73.28,-0.24,330180672000,0.21,3,18,戈碧迦,6.0
27,28,航空机场,BK0420,4332.17,-10.56,-0.24,632322000000,0.1,2,12,海控B股,0.93
28,29,钢铁行业,BK0479,6639.64,-17.56,-0.26,837082704000,0.16,5,43,百甲科技,29.78
29,30,汽车服务,BK1016,761.08,-2.02,-0.26,60719776000,0.38,4,7,漳州发展,3.99
30,31,橡胶制品,BK1018,1155.95,-3.16,-0.27,264826490000,0.32,10,22,阳谷华泰,7.17
31,32,通用设备,BK0545,25013.0,-72.2,-0.29,978968304000,0.62,64,147,海达尔,10.28
32,33,教育,BK0740,564.19,-1.69,-0.3,76860060000,2.28,4,11,豆神教育,3.54
33,34,造纸印刷,BK0470,7657.79,-24.11,-0.31,240811135000,0.3,10,26,龙利得,4.67
34,35,多元金融,BK0738,582.91,-1.94,-0.33,499183104000,1.37,7,15,中粮资本,5.58
35,36,化学原料,BK1019,681.9,-2.44,-0.36,822914000000,0.16,16,63,华融化学,15.44
36,37,化学制药,BK0465,26560.25,-95.57,-0.36,1677750352000,0.3,28,110,罗欣药业,5.66
37,38,房地产开发,BK0451,11659.26,-42.95,-0.37,1105915072000,0.59,24,61,光大嘉宝,9.9
38,39,电子化学品,BK1039,1404.99,-5.53,-0.39,247355726000,0.57,10,15,扬帆新材,1.96
39,40,非金属材料,BK1020,925.29,-3.76,-0.4,327181856000,1.06,9,23,沃尔核材,8.67
40,41,农药兽药,BK0730,834.71,-3.49,-0.42,238291245000,0.19,12,34,中农联合,3.61
41,42,生物制品,BK1044,791.55,-3.67,-0.46,1265528976000,0.3,18,56,双成药业,9.98
42,43,通信设备,BK0448,10986.87,-51.51,-0.47,1386096944000,0.83,32,74,海能达,6.96
43,44,专业服务,BK1043,1039.54,-4.95,-0.47,187549209000,0.32,8,27,青矩技术,17.95
44,45,环保行业,BK0728,359.96,-1.77,-0.49,565587280000,1.11,24,92,蒙草生态,11.42
45,46,电网设备,BK0457,21926.13,-108.07,-0.49,1199837968000,0.61,25,105,智光电气,10.09
46,47,中药,BK1040,1331.85,-6.59,-0.49,920887200000,0.26,11,57,香雪制药,4.91
47,48,交运设备,BK0429,8260.79,-40.97,-0.49,660666112000,0.19,11,35,华洋赛车,7.2
48,49,综合行业,BK0539,8012.81,-40.59,-0.5,143068010000,1.03,6,13,常山北明,6.06
49,50,纺织服装,BK0436,8855.18,-45.86,-0.52,474848144000,0.22,17,73,安奈儿,4.53
50,51,燃气,BK1028,1378.09,-7.95,-0.57,276146368000,0.15,4,27,ST金鸿,2.86
51,52,电源设备,BK1034,1437.43,-8.63,-0.6,268511552000,0.28,8,18,华西能源,4.3
52,53,化学制品,BK0538,20274.07,-121.85,-0.6,1189480272000,0.4,36,125,七彩化学,6.23
53,54,医疗服务,BK0727,918.56,-5.58,-0.6,667576032000,0.37,6,38,三博脑科,6.36
54,55,汽车整车,BK1029,1432.17,-9.04,-0.63,2056032736000,0.27,3,21,众泰汽车,4.37
55,56,旅游酒店,BK0485,12992.81,-84.4,-0.65,342523344000,0.36,4,33,众信旅游,2.51
56,57,美容护理,BK1035,723.27,-4.73,-0.65,287139664000,1.1,6,21,青岛金王,10.12
57,58,农牧饲渔,BK0433,11254.28,-74.55,-0.66,905917184000,0.43,16,69,正虹科技,6.08
58,59,汽车零部件,BK0481,28536.24,-189.45,-0.66,1499037392000,0.44,44,172,同心传动,6.8
59,60,航运港口,BK0450,9361.42,-63.25,-0.67,1059283040000,0.16,4,28,辽港股份,3.5
60,61,物流行业,BK0422,5808.14,-39.77,-0.68,1114111072000,0.13,11,43,华光源海,3.5
61,62,家用轻工,BK0440,31242.48,-214.32,-0.68,249091982000,0.38,8,26,泰鹏智能,2.88
62,63,工程机械,BK0739,1267.6,-8.87,-0.69,604979104000,0.28,9,21,威博液压,1.81
63,64,医药商业,BK1042,928.32,-6.63,-0.71,321968960000,0.21,1,27,XD益丰药,0.17
64,65,公用事业,BK0427,7535.23,-54.52,-0.72,184449257000,0.28,2,22,东望时代,1.9
65,66,电池,BK1033,811.38,-6.14,-0.75,1913461360000,0.43,13,60,长虹能源,6.39
66,67,化纤行业,BK0471,11268.48,-85.64,-0.75,421314176000,0.17,6,22,吉林碳谷,2.29
67,68,有色金属,BK0478,14569.55,-112.46,-0.77,1063778352000,0.43,10,62,光智科技,20.01
68,69,食品饮料,BK0438,21439.65,-168.68,-0.78,1598585728000,0.27,19,102,道道全,7.37
69,70,酿酒行业,BK0477,49435.12,-390.45,-0.78,3847853568000,0.16,6,33,岩石股份,2.21
70,71,医疗器械,BK1041,749.34,-6.35,-0.84,1322056768000,0.24,18,98,辰光医疗,2.29
71,72,电机,BK1030,1475.04,-13.86,-0.93,157052873000,0.43,3,23,鼎智科技,1.92
72,73,石油行业,BK0464,4827.2,-47.49,-0.97,3916047808000,0.05,5,16,中晟高科,1.97
73,74,商业百货,BK0482,12422.86,-131.32,-1.05,420761568000,0.38,3,56,小商品城,3.98
74,75,珠宝首饰,BK0734,342.98,-3.66,-1.06,138692273000,0.22,1,16,ST金一,1.75
75,76,证券,BK0473,140922.03,-1542.77,-1.08,3344592160000,0.51,4,46,湘财股份,5.11
76,77,煤炭行业,BK0437,10880.89,-127.14,-1.15,1977908720000,0.17,2,33,新大洲A,4.37
77,78,光伏设备,BK1031,1060.08,-12.4,-1.16,1416315568000,0.38,11,65,意华股份,2.29
78,79,铁路公路,BK0421,7898.31,-96.89,-1.21,415853472000,0.27,1,24,粤高速Ｂ,0.29
79,80,能源金属,BK1015,442.32,-6.06,-1.35,318782080000,0.39,0,13,西藏矿业,-0.44
80,81,小金属,BK1027,1564.7,-23.48,-1.48,597977744000,0.25,1,36,东方锆业,0.8
81,82,船舶制造,BK0729,823.35,-13.81,-1.65,422412272000,0.32,0,10,亚光科技,-0.16
82,83,风电设备,BK1032,890.7,-15.11,-1.67,264595220000,0.28,0,27,中环海陆,0.0
83,84,航天航空,BK0480,39596.58,-681.38,-1.69,902026976000,0.68,4,40,中航电测,6.36
84,85,贵金属,BK0732,1038.36,-21.66,-2.04,808584288000,0.3,1,12,湖南白银,-1.52
85,86,采掘行业,BK1017,1055.85,-24.88,-2.3,304295008000,0.2,1,19,龙高股份,0.4
