,序号,代码,名称,最新价,涨跌幅,涨跌额,成交量,成交额,振幅,最高,最低,今开,昨收,换手率,市盈率-动态,市净率
0,1,872374,云里物里,33.41,30.0,7.71,,,0.0,,,,25.7,0.0,76.12,10.86
1,2,300656,民德电子,32.46,20.0,5.41,,,0.0,,,,27.05,0.0,-408.51,4.97
2,3,002134,天津普林,20.84,9.97,1.89,,,0.0,,,,18.95,0.0,123.84,11.02
3,4,837821,则成电子,45.0,9.76,4.0,,,0.0,,,,41.0,0.0,161.12,8.63
4,5,871981,晶赛科技,53.49,7.0,3.5,,,0.0,,,,49.99,0.0,360.57,8.02
5,6,002161,远 望 谷,5.23,6.73,0.33,,,0.0,,,,4.9,0.0,43.55,2.51
6,7,301285,鸿日达,27.77,5.99,1.57,,,0.0,,,,26.2,0.0,178.49,5.52
7,8,000062,深圳华强,31.32,5.31,1.58,,,0.0,,,,29.74,0.0,92.77,4.59
8,9,600237,铜峰电子,7.38,5.28,0.37,,,0.0,,,,7.01,0.0,49.98,2.64
9,10,300460,惠伦晶体,15.74,4.38,0.66,,,0.0,,,,15.08,0.0,856.11,4.96
10,11,688093,世华科技,20.28,4.37,0.85,,,0.0,,,,19.43,0.0,20.43,2.7
11,12,871857,泓禧科技,17.18,4.31,0.71,,,0.0,,,,16.47,0.0,51.11,3.31
12,13,688183,生益电子,32.88,3.1,0.99,,,0.0,,,,31.89,0.0,142.32,7.03
13,14,002636,金安国纪,8.67,3.09,0.26,,,0.0,,,,8.41,0.0,45.12,1.85
14,15,688371,菲沃泰,16.45,3.07,0.49,,,0.0,,,,15.96,0.0,177.87,2.87
15,16,688035,德邦科技,41.14,3.0,1.2,,,0.0,,,,39.94,0.0,72.61,2.58
16,17,301566,达利凯普,19.72,2.87,0.55,,,0.0,,,,19.17,0.0,67.07,5.96
17,18,870357,雅葆轩,23.2,2.84,0.64,,,0.0,,,,22.56,0.0,38.09,5.25
18,19,002463,沪电股份,43.5,2.76,1.17,,,0.0,,,,42.33,0.0,33.81,7.61
19,20,002916,深南电路,111.9,2.52,2.75,,,0.0,,,,109.15,0.0,29.06,4.19
20,21,301132,满坤科技,29.8,2.3,0.67,,,0.0,,,,29.13,0.0,56.62,2.59
21,22,833914,远航精密,12.99,2.12,0.27,,,0.0,,,,12.72,0.0,21.71,1.48
22,23,832110,雷特科技,24.69,2.11,0.51,,,0.0,,,,24.18,0.0,26.6,2.89
23,24,600353,旭光电子,7.36,2.08,0.15,,,0.0,,,,7.21,0.0,54.39,3.45
24,25,688662,富信科技,41.59,1.96,0.8,,,0.0,,,,40.79,0.0,82.68,5.36
25,26,301041,金百泽,27.0,1.89,0.5,,,0.0,,,,26.5,0.0,88.97,4.3
26,27,837212,智新电子,14.36,1.84,0.26,,,0.0,,,,14.1,0.0,94.13,3.76
27,28,000988,华工科技,36.3,1.77,0.63,,,0.0,,,,35.67,0.0,29.2,3.68
28,29,688103,国力股份,44.5,1.69,0.74,,,0.0,,,,43.76,0.0,144.97,3.93
29,30,301571,国科天成,54.19,1.69,0.9,,,0.0,,,,53.29,0.0,68.12,5.48
30,31,838701,豪声电子,34.74,1.61,0.55,,,0.0,,,,34.19,0.0,11.89,4.38
31,32,603115,海星股份,13.79,1.4,0.19,,,0.0,,,,13.6,0.0,23.78,1.67
32,33,300814,中富电路,34.15,1.34,0.45,,,0.0,,,,33.7,0.0,144.45,5.26
33,34,834950,迅安科技,16.9,1.32,0.22,,,0.0,,,,16.68,0.0,17.95,3.8
34,35,002138,顺络电子,29.07,1.22,0.35,,,0.0,,,,28.72,0.0,31.85,3.96
35,36,002869,金溢科技,29.96,1.22,0.36,,,0.0,,,,29.6,0.0,172.82,2.53
36,37,002579,中京电子,8.4,1.2,0.1,,,0.0,,,,8.3,0.0,-35.24,2.13
37,38,688582,芯动联科,47.47,1.15,0.54,,,0.0,,,,46.93,0.0,103.13,8.58
38,39,002214,大立科技,13.11,1.08,0.14,,,0.0,,,,12.97,0.0,-20.04,4.56
39,40,301413,安培龙,45.52,1.04,0.47,,,0.0,,,,45.05,0.0,53.84,3.77
40,41,300227,光韵达,7.9,1.02,0.08,,,0.0,,,,7.82,0.0,146.35,2.46
41,42,688629,华丰科技,37.02,0.98,0.36,,,0.0,,,,36.66,0.0,-475.99,11.67
42,43,300476,胜宏科技,48.7,0.95,0.46,,,0.0,,,,48.24,0.0,45.76,5.29
43,44,603678,火炬电子,28.89,0.94,0.27,,,0.0,,,,28.62,0.0,40.3,2.46
44,45,002724,海洋王,5.38,0.94,0.05,,,0.0,,,,5.33,0.0,48.08,1.49
45,46,002913,奥士康,26.8,0.83,0.22,,,0.0,,,,26.58,0.0,19.12,2.02
46,47,301282,金禄电子,23.64,0.81,0.19,,,0.0,,,,23.45,0.0,45.1,2.13
47,48,605058,澳弘电子,21.51,0.8,0.17,,,0.0,,,,21.34,0.0,19.64,1.86
48,49,002384,东山精密,25.93,0.78,0.2,,,0.0,,,,25.73,0.0,39.45,2.43
49,50,301366,一博科技,47.07,0.75,0.35,,,0.0,,,,46.72,0.0,64.36,3.27
50,51,300868,杰美特,24.4,0.74,0.18,,,0.0,,,,24.22,0.0,232.27,2.04
51,52,000636,风华高科,16.35,0.74,0.12,,,0.0,,,,16.23,0.0,45.64,1.57
52,53,605258,协和电子,28.85,0.73,0.21,,,0.0,,,,28.64,0.0,40.19,2.17
53,54,836395,朗鸿科技,13.79,0.73,0.1,,,0.0,,,,13.69,0.0,35.23,8.55
54,55,002436,兴森科技,10.39,0.68,0.07,,,0.0,,,,10.32,0.0,450.1,3.4
55,56,300220,金运激光,9.14,0.66,0.06,,,0.0,,,,9.08,0.0,529.79,22.59
56,57,688496,清越科技,9.85,0.61,0.06,,,0.0,,,,9.79,0.0,-56.99,4.16
57,58,900938,海科B,0.168,0.6,0.001,,,0.0,,,,0.167,0.0,18.48,0.47
58,59,300657,弘信电子,17.64,0.57,0.1,,,0.0,,,,17.54,0.0,87.64,6.52
59,60,301217,铜冠铜箔,10.79,0.56,0.06,,,0.0,,,,10.73,0.0,-76.09,1.63
60,61,300739,明阳电路,14.6,0.55,0.08,,,0.0,,,,14.52,0.0,71.25,2.33
61,62,600478,科力远,4.03,0.5,0.02,,,0.0,,,,4.01,0.0,188.2,2.48
62,63,300903,科翔股份,8.58,0.47,0.04,,,0.0,,,,8.54,0.0,-18.08,1.69
63,64,688210,统联精密,20.65,0.39,0.08,,,0.0,,,,20.57,0.0,39.86,2.7
64,65,603920,世运电路,27.0,0.33,0.09,,,0.0,,,,26.91,0.0,29.68,3.33
65,66,000733,振华科技,49.0,0.31,0.15,,,0.0,,,,48.85,0.0,32.32,1.92
66,67,603228,景旺电子,27.7,0.29,0.08,,,0.0,,,,27.62,0.0,19.67,2.47
67,68,603738,泰晶科技,15.0,0.27,0.04,,,0.0,,,,14.96,0.0,50.88,3.35
68,69,430718,合肥高科,13.22,0.23,0.03,,,0.0,,,,13.19,0.0,16.3,2.26
69,70,603936,博敏电子,8.9,0.23,0.02,,,0.0,,,,8.88,0.0,50.8,1.24
70,71,300991,创益通,19.6,0.2,0.04,,,0.0,,,,19.56,0.0,-496.65,4.43
71,72,300408,三环集团,36.4,0.19,0.07,,,0.0,,,,36.33,0.0,34.01,3.73
72,73,300474,景嘉微,91.02,0.17,0.15,,,0.0,,,,90.87,0.0,611.12,12.13
73,74,002938,鹏鼎控股,37.43,0.11,0.04,,,0.0,,,,37.39,0.0,55.33,2.97
74,75,300124,汇川技术,56.74,0.11,0.06,,,0.0,,,,56.68,0.0,35.87,5.97
75,76,301536,星宸科技,47.84,0.08,0.04,,,0.0,,,,47.8,0.0,76.99,6.96
76,77,603989,艾华集团,13.9,0.07,0.01,,,0.0,,,,13.89,0.0,26.71,1.55
77,78,001389,广合科技,45.59,0.07,0.03,,,0.0,,,,45.56,0.0,30.14,7.13
78,79,688511,天微电子,17.7,0.06,0.01,,,0.0,,,,17.69,0.0,662.05,2.12
79,80,301176,逸豪新材,20.1,0.05,0.01,,,0.0,,,,20.09,0.0,562.21,2.15
80,81,603052,可川科技,42.52,0.05,0.02,,,0.0,,,,42.5,0.0,79.78,5.28
81,82,603375,盛景微,40.62,0.02,0.01,,,0.0,,,,40.61,0.0,224.19,2.62
82,83,688539,高华科技,,,,,,,,,,24.53,0.0,74.47,2.61
83,84,688489,三未信安,,,,,,,,,,37.71,0.0,157.24,2.35
84,85,688375,国博电子,,,,,,,,,,55.53,0.0,67.67,5.57
85,86,688322,奥比中光-UW,32.7,0.0,0.0,,,0.0,,,,32.7,0.0,-162.67,4.46
86,87,688025,杰普特,42.85,0.0,0.0,,,0.0,,,,42.85,0.0,37.18,2.09
87,88,688020,方邦股份,,,,,,,,,,37.54,0.0,-68.97,2.1
88,89,603328,依顿电子,10.11,0.0,0.0,,,0.0,,,,10.11,0.0,19.39,2.62
89,90,603267,鸿远电子,43.14,0.0,0.0,,,0.0,,,,43.14,0.0,41.59,2.38
90,91,603186,华正新材,27.73,0.0,0.0,,,0.0,,,,27.73,0.0,197.44,2.6
91,92,600601,方正科技,4.0,0.0,0.0,,,0.0,,,,4.0,0.0,59.59,4.11
92,93,600183,生益科技,19.83,0.0,0.0,,,0.0,,,,19.83,0.0,25.83,3.29
93,94,301577,美信科技,,,,,,,,,,57.36,0.0,125.95,3.4
94,95,301389,隆扬电子,15.47,0.0,0.0,,,0.0,,,,15.47,0.0,73.06,2.03
95,96,301329,信音电子,19.46,0.0,0.0,,,0.0,,,,19.46,0.0,44.54,2.13
96,97,301328,维峰电子,,,,,,,,,,39.53,0.0,46.07,2.3
97,98,301319,唯特偶,,,,,,,,,,31.1,0.0,26.72,2.4
98,99,301280,珠城科技,,,,,,,,,,43.06,0.0,21.28,2.48
99,100,300852,四会富仕,,,,,,,,,,26.57,0.0,23.12,2.54
100,101,300726,宏达电子,34.39,0.0,0.0,,,0.0,,,,34.39,0.0,39.08,2.93
101,102,200541,粤照明Ｂ,,,,,,,,,,2.52,0.0,9.27,0.57
102,103,200020,深华发Ｂ,,,,,,,,,,2.93,0.0,37.66,2.01
103,104,002815,崇达技术,9.45,0.0,0.0,,,0.0,,,,9.45,0.0,21.63,1.46
104,105,002729,好利科技,12.98,0.0,0.0,,,0.0,,,,12.98,0.0,58.14,4.71
105,106,002388,新亚制程,4.88,0.0,0.0,,,0.0,,,,4.88,0.0,124.37,2.05
106,107,002141,*ST贤丰,1.24,0.0,0.0,,,0.0,,,,1.24,0.0,117.64,1.37
107,108,002137,实益达,6.14,0.0,0.0,,,0.0,,,,6.14,0.0,72.74,2.31
108,109,688800,瑞可达,43.0,-0.02,-0.01,,,0.0,,,,43.01,0.0,48.22,3.36
109,110,002025,航天电器,59.08,-0.03,-0.02,,,0.0,,,,59.1,0.0,35.04,4.15
110,111,300936,中英科技,50.99,-0.04,-0.02,,,0.0,,,,51.01,0.0,104.85,3.83
111,112,301320,豪江智能,16.18,-0.06,-0.01,,,0.0,,,,16.19,0.0,58.17,2.83
112,113,002484,江海股份,14.78,-0.07,-0.01,,,0.0,,,,14.79,0.0,18.09,2.26
113,114,002179,中航光电,43.43,-0.07,-0.03,,,0.0,,,,43.46,0.0,27.59,4.31
114,115,002414,高德红外,7.9,-0.13,-0.01,,,0.0,,,,7.91,0.0,938.76,4.98
115,116,001298,好上好,30.72,-0.19,-0.06,,,0.0,,,,30.78,0.0,160.14,4.07
116,117,688655,迅捷兴,11.66,-0.34,-0.04,,,0.0,,,,11.7,0.0,195.32,2.26
117,118,200725,京东方Ｂ,2.79,-0.36,-0.01,,,0.0,,,,2.8,0.0,20.99,0.74
118,119,688053,思科瑞,25.0,-0.36,-0.09,,,0.0,,,,25.09,0.0,-316.03,1.53
119,120,600288,大恒科技,8.2,-0.36,-0.03,,,0.0,,,,8.23,0.0,-418.83,1.92
120,121,000823,超声电子,9.13,-0.44,-0.04,,,0.0,,,,9.17,0.0,32.8,1.08
121,122,300747,锐科激光,18.56,-0.48,-0.09,,,0.0,,,,18.65,0.0,54.66,3.22
122,123,300410,正业科技,6.17,-0.48,-0.03,,,0.0,,,,6.2,0.0,-14.89,6.97
123,124,603386,骏亚科技,12.16,-0.57,-0.07,,,0.0,,,,12.23,0.0,-121.4,2.68
124,125,600884,杉杉股份,8.4,-0.71,-0.06,,,0.0,,,,8.46,0.0,538.63,0.86
125,126,300516,久之洋,36.89,-0.75,-0.28,,,0.0,,,,37.17,0.0,247.18,5.2
126,127,300964,本川智能,41.0,-0.77,-0.32,,,0.0,,,,41.32,0.0,101.41,3.23
127,128,300475,香农芯创,34.97,-0.99,-0.35,,,0.0,,,,35.32,0.0,51.17,5.8
128,129,002859,洁美科技,19.68,-1.06,-0.21,,,0.0,,,,19.89,0.0,35.9,2.95
129,130,688143,长盈通,22.6,-1.14,-0.26,,,0.0,,,,22.86,0.0,91.12,2.33
130,131,301359,东南电子,22.91,-1.21,-0.28,,,0.0,,,,23.19,0.0,43.91,2.36
131,132,688519,南亚新材,23.9,-1.24,-0.3,,,0.0,,,,24.2,0.0,52.07,2.37
132,133,301021,英诺激光,25.3,-1.52,-0.39,,,0.0,,,,25.69,0.0,-293.97,3.98
133,134,600563,法拉电子,108.93,-1.67,-1.85,,,0.0,,,,110.78,0.0,25.43,5.18
134,135,301517,陕西华达,55.8,-1.74,-0.99,,,0.0,,,,56.79,0.0,121.97,4.5
135,136,002922,伊戈尔,17.21,-1.83,-0.32,,,0.0,,,,17.53,0.0,19.14,2.19
136,137,688776,国光电气,62.0,-1.85,-1.17,,,0.0,,,,63.17,0.0,65.97,3.6
137,138,301383,天键股份,34.0,-1.99,-0.69,,,0.0,,,,34.69,0.0,29.14,2.87
138,139,002199,东晶电子,9.01,-2.28,-0.21,,,0.0,,,,9.22,0.0,-32.93,8.17
139,140,920008,成电光信,44.0,-2.29,-1.03,,,0.0,,,,45.03,0.0,51.95,10.37
140,141,301251,威尔高,35.23,-2.44,-0.88,,,0.0,,,,36.11,0.0,75.48,3.17
