,序号,代码,名称,最新价,涨跌幅,涨跌额,成交量,成交额,振幅,最高,最低,今开,昨收,换手率,市盈率-动态,市净率
0,1,301091,深城交,56.21,19.98,9.36,365034,1987550198.21,14.3,56.22,49.52,49.52,46.85,18.95,-1181.07,10.28
1,2,300675,建科院,16.46,13.2,1.92,160169,262667180.0,12.79,17.39,15.53,15.53,14.54,10.92,-42.45,4.2
2,3,300746,汉嘉设计,18.08,8.33,1.39,118598,210720587.84,13.84,18.89,16.58,16.58,16.69,5.35,695.61,3.45
3,4,300284,苏交科,14.85,7.07,0.98,785022,1154298160.96,9.95,15.28,13.9,13.99,13.87,6.57,59.42,2.25
4,5,301505,苏州规划,28.32,5.04,1.36,48720,139245692.55,4.56,29.0,27.77,27.8,26.96,8.37,84.87,2.55
5,6,836892,广咨国际,12.25,4.43,0.52,8485,10179569.61,5.29,12.28,11.66,12.0,11.73,0.64,22.02,5.13
6,7,000779,甘咨询,8.62,4.36,0.36,130143,111549218.7,4.36,8.69,8.33,8.33,8.26,2.8,16.67,1.06
7,8,300977,深圳瑞捷,19.78,4.32,0.82,39718,78942265.24,3.48,20.2,19.54,19.78,18.96,4.19,142.21,2.16
8,9,300989,蕾奥规划,14.15,4.27,0.58,58613,82791977.15,4.57,14.28,13.66,13.8,13.57,6.12,602.47,2.86
9,10,300732,设研院,8.27,4.03,0.32,97714,80787047.47,6.42,8.51,8.0,8.0,7.95,3.02,-15.33,0.99
10,11,300844,山水比德,32.63,3.98,1.25,13224,43264431.0,4.78,33.28,31.78,31.78,31.38,5.87,76.48,2.77
11,12,300778,新城市,12.85,3.63,0.45,46794,60325080.09,4.44,13.13,12.58,12.58,12.4,2.3,-14.9,1.99
12,13,300635,中达安,10.85,3.53,0.37,35279,38135681.0,3.72,10.91,10.52,10.52,10.48,2.94,160.12,3.46
13,14,300649,杭州园林,11.8,3.33,0.38,14372,16905626.0,3.94,11.88,11.43,11.47,11.42,1.35,-43.96,3.04
14,15,833427,华维设计,10.9,3.22,0.34,14393,15330703.32,4.26,10.9,10.45,10.55,10.56,2.95,128.57,3.42
15,16,900906,中毅达B,0.227,3.18,0.007,6867,154757.0,5.0,0.228,0.217,0.22,0.22,0.19,-55.09,80.64
16,17,301027,华蓝集团,10.0,2.88,0.28,23244,23259117.0,2.57,10.1,9.85,9.85,9.72,1.97,-35.79,1.57
17,18,301167,建研设计,13.96,2.72,0.37,13565,18917330.0,2.87,14.05,13.66,13.66,13.59,1.91,138.31,1.69
18,19,300500,启迪设计,12.66,2.68,0.33,19278,24387214.0,4.3,12.85,12.32,12.33,12.33,1.18,50.65,1.8
19,20,003001,中岩大地,32.04,2.43,0.76,28305,91984713.76,5.63,33.5,31.74,32.0,31.28,3.87,100.49,3.51
20,21,300564,筑博设计,11.93,2.4,0.28,16444,19675878.0,3.0,12.1,11.75,11.83,11.65,1.45,1194.07,1.52
21,22,301136,招标股份,14.64,2.23,0.32,58930,86498348.0,3.35,14.93,14.45,14.45,14.32,5.67,523.52,2.76
22,23,002116,中国海诚,10.33,2.08,0.21,36467,37607723.57,3.16,10.48,10.16,10.16,10.12,0.8,16.92,2.0
23,24,300983,尤安设计,18.89,2.05,0.38,3591,6750901.22,2.59,18.9,18.42,18.43,18.51,0.3,-51.79,1.07
24,25,833873,中设咨询,5.55,2.02,0.11,40377,22135647.15,3.49,5.57,5.38,5.38,5.44,3.7,-11.17,2.23
25,26,600629,华建集团,5.07,2.01,0.1,58844,29665635.0,2.21,5.07,4.96,4.98,4.97,0.62,13.13,0.98
26,27,603017,中衡设计,8.9,1.71,0.15,14889,13235169.0,2.29,8.95,8.75,8.78,8.75,0.54,17.28,1.63
27,28,300949,奥雅股份,33.36,1.52,0.5,3742,12546044.0,2.83,33.75,32.82,32.95,32.86,0.62,-14.13,2.23
28,29,603153,上海建科,18.04,1.46,0.26,9541,17183273.0,1.91,18.15,17.81,17.84,17.78,0.71,38.82,2.19
29,30,603959,ST百利,2.11,1.44,0.03,212830,45346682.0,5.29,2.18,2.07,2.1,2.08,4.34,-3.86,2.55
30,31,300826,测绘股份,17.04,1.43,0.24,28067,47563589.73,3.04,17.16,16.65,16.93,16.8,1.81,130.64,2.2
31,32,603357,设计总院,9.35,1.41,0.13,27308,25489637.0,1.63,9.4,9.25,9.25,9.22,0.5,11.22,1.51
32,33,603860,中公高科,32.92,1.35,0.44,11643,38361615.0,3.73,33.38,32.17,32.17,32.48,1.75,-216.21,2.91
33,34,603458,勘设股份,6.14,1.32,0.08,32060,19675023.0,1.49,6.16,6.07,6.07,6.06,1.03,-12.26,0.58
34,35,002883,中设股份,10.53,1.15,0.12,15275,16090585.0,1.83,10.6,10.41,10.41,10.41,1.12,43.66,2.4
35,36,003013,地铁设计,14.14,1.0,0.14,3350,4729553.0,0.93,14.18,14.05,14.05,14.0,0.08,13.94,2.35
36,37,603018,华设集团,8.18,0.99,0.08,37230,30468642.0,1.85,8.24,8.09,8.12,8.1,0.55,18.17,1.15
37,38,300668,杰恩设计,19.94,0.71,0.14,14175,28614300.0,2.58,20.42,19.91,19.91,19.8,1.61,411.97,3.2
38,39,600720,中交设计,9.7,0.52,0.05,17297,16761075.0,1.14,9.72,9.61,9.62,9.65,0.22,17.74,1.6
39,40,000928,中钢国际,6.36,0.32,0.02,45704,29116558.0,0.95,6.39,6.33,6.33,6.34,0.32,10.75,1.11
40,41,300492,华图山鼎,74.44,0.24,0.18,2064,15436209.68,1.59,75.36,74.18,74.27,74.26,0.15,43.0,29.33
41,42,002949,华阳国际,15.24,0.13,0.02,20834,32002807.0,3.35,15.68,15.17,15.2,15.22,1.39,25.22,2.18
42,43,603909,建发合诚,9.27,-0.22,-0.02,12026,11209486.0,1.94,9.4,9.22,9.3,9.29,0.46,35.5,2.39
