,序号,代码,名称,最新价,涨跌幅,涨跌额,成交量,成交额,振幅,最高,最低,今开,昨收,换手率,市盈率-动态,市净率
0,1,835508,殷图网联,29.41,29.96,6.78,26318.0,73894223.68,21.7,29.41,24.5,24.5,22.63,10.11,-141.37,7.66
1,2,300484,蓝海华腾,21.23,20.01,3.54,115627.0,243011081.25,6.95,21.23,20.0,20.0,17.69,7.04,158.39,6.88
2,3,688275,万润新能,51.61,20.0,8.6,61372.0,307617719.0,15.58,51.61,44.91,45.59,43.01,7.25,-8.17,1.1
3,4,301121,紫建电子,61.68,15.48,8.27,43140.0,261639927.55,12.79,64.06,57.23,57.23,53.41,11.96,60.7,2.62
4,5,835185,贝特瑞,28.96,14.2,3.6,48668.0,132847656.01,13.05,28.98,25.67,25.8,25.36,0.44,36.13,2.73
5,6,688353,华盛锂电,27.4,12.62,3.07,25633.0,69311684.0,15.5,28.45,24.68,25.54,24.33,4.1,-24.89,1.22
6,7,300919,中伟股份,46.53,12.47,5.16,108941.0,499497349.74,9.79,47.5,43.45,43.45,41.37,1.2,24.71,2.18
7,8,831627,力王股份,21.35,11.9,2.27,40305.0,87397283.43,11.9,22.78,20.51,20.8,19.08,8.61,79.23,4.65
8,9,830779,武汉蓝电,39.15,11.25,3.96,15348.0,59865444.25,13.3,41.18,36.5,37.0,35.19,10.72,30.21,4.54
9,10,832522,纳科诺尔,37.28,10.33,3.49,26517.0,97514722.5,10.39,37.99,34.48,34.5,33.79,3.98,20.79,4.09
10,11,300073,当升科技,49.0,10.16,4.52,214570.0,1025459172.46,8.14,49.32,45.7,45.7,44.48,4.25,40.09,1.89
11,12,600210,紫江企业,7.02,10.03,0.64,187514.0,130756134.0,3.92,7.02,6.77,6.77,6.38,1.24,15.14,1.81
12,13,002805,丰元股份,14.71,10.02,1.34,186758.0,270538946.57,7.33,14.71,13.73,13.76,13.37,6.7,-23.88,2.14
13,14,603799,华友钴业,37.36,10.01,3.4,363845.0,1329084071.0,8.27,37.36,34.55,34.7,33.96,2.16,15.75,1.85
14,15,603200,上海洗霸,22.75,10.01,2.07,87320.0,196403074.0,8.95,22.75,20.9,20.91,20.68,4.98,61.84,4.16
15,16,835237,力佳科技,27.33,9.76,2.43,13017.0,35063752.59,14.06,28.8,25.3,25.3,24.9,2.0,27.42,3.8
16,17,300890,翔丰华,34.91,9.64,3.07,70014.0,240016522.0,8.57,34.96,32.23,32.23,31.84,7.18,50.81,2.16
17,18,603663,三祥新材,19.18,8.0,1.42,136479.0,257583147.0,7.88,19.52,18.12,18.12,17.76,3.23,79.19,6.21
18,19,688388,嘉元科技,15.02,7.98,1.11,86592.0,129004361.0,6.69,15.2,14.27,14.27,13.91,2.03,-33.35,0.94
19,20,301238,瑞泰新材,18.88,7.89,1.38,82253.0,153927181.65,8.51,19.19,17.7,17.85,17.5,3.86,69.46,1.92
20,21,301511,德福科技,18.03,7.83,1.31,188629.0,331389406.26,10.05,18.36,16.68,16.68,16.72,5.05,-41.76,2.82
21,22,301325,曼恩斯特,45.52,7.69,3.25,30889.0,141591430.19,13.04,47.8,42.29,42.29,42.27,5.34,76.57,2.23
22,23,688116,天奈科技,32.35,7.23,2.18,54630.0,173072104.0,5.9,32.36,30.58,30.65,30.17,1.59,45.78,4.08
23,24,301326,捷邦科技,70.45,6.58,4.35,15978.0,112156791.4,6.46,72.03,67.76,67.76,66.1,5.95,5042.5,3.91
24,25,301487,盟固利,25.51,6.51,1.56,80518.0,203265559.33,7.6,25.85,24.03,24.2,23.95,2.95,973.68,5.97
25,26,688005,容百科技,33.6,6.46,2.04,59928.0,197583975.0,6.15,33.6,31.66,31.99,31.56,1.9,104.58,1.92
26,27,300390,天华新能,26.0,6.43,1.57,149823.0,384317690.15,7.65,26.34,24.47,24.47,24.43,2.23,17.55,1.81
27,28,300457,赢合科技,26.81,5.97,1.51,131876.0,344046913.0,6.84,26.81,25.08,25.5,25.3,2.08,26.34,2.65
28,29,300769,德方纳米,44.13,5.68,2.37,75195.0,326716000.24,6.66,44.22,41.44,41.44,41.76,2.99,-11.29,2.03
29,30,688333,铂力特,52.79,5.64,2.82,27203.0,140523850.0,5.7,52.8,49.95,49.97,49.97,1.0,403.14,2.98
30,31,300450,先导智能,20.24,5.53,1.06,230342.0,463671788.97,6.0,20.6,19.45,19.45,19.18,1.48,39.07,2.65
31,32,688567,孚能科技,13.08,5.48,0.68,66568.0,86980689.0,5.48,13.33,12.65,12.72,12.4,0.54,-39.46,1.58
32,33,300438,鹏辉能源,37.56,5.48,1.95,222646.0,837466850.82,3.71,38.22,36.9,37.02,35.61,5.51,234.36,3.5
33,34,688778,厦钨新能,41.42,5.39,2.12,19617.0,80474371.0,5.14,41.51,39.49,39.5,39.3,0.47,35.57,2.02
34,35,300207,欣旺达,24.29,5.38,1.24,256134.0,615449493.42,4.56,24.36,23.31,23.31,23.05,1.48,27.99,1.92
35,36,688499,利元亨,24.01,5.31,1.21,19083.0,45607479.0,5.96,24.3,22.94,22.94,22.8,1.51,-4.39,1.63
36,37,300473,德尔股份,22.08,5.29,1.11,39412.0,86225005.0,6.25,22.5,21.19,21.2,20.97,2.63,103.54,2.14
37,38,688573,信宇人,17.17,5.27,0.86,6671.0,11239298.0,5.27,17.18,16.32,16.42,16.31,1.43,-18.03,2.03
38,39,300068,南都电源,23.0,5.26,1.15,455935.0,1041746113.95,5.45,23.39,22.2,22.2,21.85,5.49,60.97,3.69
39,40,300035,中科电气,16.68,5.24,0.83,206796.0,337500501.6,8.08,16.79,15.51,15.54,15.85,3.54,46.71,2.51
40,41,002466,天齐锂业,39.08,5.2,1.93,253264.0,976962012.2,7.54,39.6,36.8,36.89,37.15,1.72,-8.44,1.47
41,42,000559,万向钱潮,7.76,5.15,0.38,817395.0,626983144.38,12.33,8.11,7.2,7.2,7.38,2.47,26.83,2.81
42,43,000584,*ST工智,3.1,5.08,0.15,10744.0,3330640.0,0.0,3.1,3.1,3.1,2.95,0.14,93.92,4.2
43,44,001301,尚太科技,74.97,5.07,3.62,13995.0,102480829.96,6.17,75.01,70.61,70.99,71.35,0.88,25.39,3.24
44,45,002882,金龙羽,18.11,4.86,0.84,116489.0,210629839.4,5.79,18.32,17.32,17.32,17.27,4.72,46.48,3.69
45,46,002068,黑猫股份,7.59,4.69,0.34,144666.0,107570573.68,4.97,7.6,7.24,7.25,7.25,1.97,-76.11,1.88
46,47,000009,中国宝安,10.8,4.55,0.47,181246.0,192133197.72,5.42,10.82,10.26,10.34,10.33,0.71,54.21,2.75
47,48,836239,长虹能源,39.07,4.55,1.7,18124.0,71794574.63,8.51,41.18,38.0,38.0,37.37,3.65,26.69,5.93
48,49,301152,天力锂能,41.68,4.38,1.75,25480.0,103883973.3,6.96,41.68,38.9,39.87,39.93,3.39,-22.34,2.91
49,50,300283,温州宏丰,6.51,4.33,0.27,79662.0,52028744.0,5.29,6.67,6.34,6.34,6.24,2.59,-170.29,3.5
50,51,300568,星源材质,11.41,4.3,0.47,227491.0,257617841.78,5.39,11.55,10.96,10.97,10.94,1.87,32.89,1.56
51,52,001283,豪鹏科技,47.55,4.23,1.93,7037.0,33180154.0,4.54,47.88,45.81,45.9,45.62,1.22,37.78,1.72
52,53,688772,珠海冠宇,19.3,4.16,0.77,54334.0,104710438.0,5.5,19.65,18.63,18.63,18.53,0.48,60.89,3.3
53,54,688779,五矿新能,6.29,4.14,0.25,108664.0,67851265.0,4.8,6.35,6.06,6.06,6.04,0.56,-52.77,1.72
54,55,002460,赣锋锂业,37.55,4.1,1.48,192010.0,711394773.86,5.13,37.7,35.85,36.1,36.07,1.59,-88.71,1.72
55,56,688819,天能股份,30.3,4.09,1.19,16589.0,49364556.0,3.68,30.31,29.24,29.5,29.11,0.17,15.09,1.85
56,57,603659,璞泰来,19.48,4.06,0.76,242144.0,464410454.0,5.5,19.53,18.5,18.72,18.72,1.13,25.21,2.26
57,58,300343,联创股份,6.19,4.03,0.24,157693.0,97661709.4,5.55,6.31,5.98,5.98,5.95,1.48,-295.73,3.46
58,59,300530,领湃科技,21.22,4.02,0.82,14584.0,30881572.0,6.18,21.67,20.41,20.41,20.4,0.92,-19.18,53.15
59,60,002709,天赐材料,21.0,4.01,0.81,445255.0,925868479.64,5.84,21.2,20.02,20.2,20.19,3.21,89.33,3.11
60,61,002812,恩捷股份,37.72,3.97,1.44,70066.0,262019390.27,4.13,37.95,36.45,36.47,36.28,0.86,61.96,1.43
61,62,300014,亿纬锂能,51.96,3.92,1.96,150345.0,772441115.72,4.48,52.25,50.01,50.01,50.0,0.81,25.0,2.9
62,63,831152,昆工科技,17.7,3.81,0.65,24002.0,43090565.48,7.8,18.5,17.17,17.5,17.05,2.92,-128.67,4.49
63,64,300545,联得装备,34.15,3.8,1.25,24197.0,80784796.0,5.41,34.19,32.41,32.88,32.9,2.15,23.44,3.37
64,65,600522,中天科技,16.82,3.76,0.61,284767.0,478718170.0,2.41,17.0,16.61,16.62,16.21,0.83,18.63,1.65
65,66,300648,星云股份,25.89,3.56,0.89,10408.0,26802892.0,4.24,26.06,25.0,25.01,25.0,0.98,-60.63,4.69
66,67,300409,道氏技术,13.7,3.55,0.47,87526.0,118902869.6,3.93,13.75,13.23,13.28,13.23,1.8,40.63,1.48
67,68,301150,中一科技,23.2,3.48,0.78,8743.0,20114266.73,3.57,23.25,22.45,22.45,22.42,0.95,-46.03,1.19
68,69,688646,逸飞激光,31.55,3.41,1.04,8317.0,26145324.0,4.42,31.95,30.6,30.65,30.51,1.48,40.52,1.86
69,70,688560,明冠新材,16.68,3.28,0.53,16629.0,27511659.0,3.65,16.75,16.16,16.16,16.15,0.83,-180.12,1.2
70,71,300410,正业科技,6.64,3.27,0.21,44232.0,29196421.74,2.95,6.7,6.51,6.57,6.43,1.21,-16.02,7.5
71,72,002074,国轩高科,24.43,3.21,0.76,153570.0,373645915.02,3.93,24.63,23.7,23.7,23.67,1.15,79.89,1.75
72,73,002324,普利特,8.92,3.12,0.27,74113.0,65680857.0,4.05,9.0,8.65,8.66,8.65,0.96,35.63,2.26
73,74,300340,科恒股份,11.32,3.1,0.34,57076.0,63838580.44,5.92,11.45,10.8,10.9,10.98,3.04,-20.86,20.83
74,75,603052,可川科技,41.25,3.05,1.22,11085.0,45462048.0,3.55,41.68,40.26,40.53,40.03,2.71,72.94,5.03
75,76,601515,东峰集团,3.72,3.05,0.11,76524.0,28065170.0,4.16,3.73,3.58,3.62,3.61,0.42,-27.01,1.27
76,77,688006,杭可科技,19.83,3.01,0.58,18893.0,37345119.0,3.43,19.97,19.31,19.31,19.25,0.31,23.89,2.26
77,78,002348,高乐股份,3.16,2.93,0.09,81453.0,25724891.0,5.21,3.23,3.07,3.07,3.07,0.92,-65.56,6.25
78,79,688155,先惠技术,41.49,2.9,1.17,9133.0,37608852.0,2.95,41.59,40.4,40.6,40.32,0.73,20.69,2.7
79,80,002407,多氟多,12.98,2.85,0.36,104487.0,134716964.28,3.8,13.05,12.57,12.62,12.62,0.97,464.24,1.74
80,81,300173,福能东方,4.7,2.84,0.13,99241.0,46679413.0,3.94,4.78,4.6,4.61,4.57,1.35,382.6,3.8
81,82,688707,振华新材,12.68,2.84,0.35,27288.0,34623989.0,4.3,12.85,12.32,12.33,12.33,0.54,-14.61,1.4
82,83,688184,帕瓦股份,14.71,2.8,0.4,5957.0,8694646.0,3.84,14.8,14.25,14.31,14.31,0.58,-4.45,0.94
83,84,603026,石大胜华,36.19,2.78,0.98,13637.0,49048771.0,3.52,36.48,35.24,35.26,35.21,0.67,488.34,1.88
84,85,603876,鼎胜新材,10.02,2.77,0.27,87569.0,87029029.0,2.97,10.05,9.76,9.8,9.75,0.99,29.76,1.37
85,86,300801,泰和科技,16.34,2.77,0.44,17142.0,27983954.0,6.79,16.86,15.78,15.83,15.9,1.28,31.96,1.5
86,87,002340,格林美,7.54,2.72,0.2,715025.0,532375101.18,3.27,7.54,7.3,7.35,7.34,1.4,32.1,2.01
87,88,002846,英联股份,7.92,2.72,0.21,30803.0,24215599.4,3.11,7.97,7.73,7.75,7.71,1.2,1179.52,2.34
88,89,002598,山东章鼓,9.05,2.61,0.23,37931.0,33939929.9,3.17,9.1,8.82,8.83,8.82,1.34,20.81,2.31
89,90,688559,海目星,38.15,2.5,0.93,21608.0,82920803.0,4.76,39.21,37.44,37.44,37.22,1.05,42.14,2.64
90,91,603906,龙蟠科技,10.71,2.49,0.26,134800.0,144208928.0,3.25,10.89,10.55,10.7,10.45,2.39,-17.64,2.41
91,92,600110,诺德股份,4.16,2.46,0.1,115907.0,48115282.0,3.45,4.2,4.06,4.07,4.06,0.67,-24.89,1.25
92,93,603032,德新科技,17.38,2.42,0.41,23889.0,41299682.0,3.42,17.5,16.92,16.92,16.97,1.04,187.18,3.2
93,94,300037,新宙邦,43.06,2.38,1.0,43376.0,189092438.27,4.54,44.5,42.59,43.9,42.06,0.79,34.71,3.5
94,95,300477,合纵科技,3.5,2.34,0.08,175056.0,61435283.0,4.09,3.57,3.43,3.43,3.42,1.87,-15.58,2.28
95,96,688359,三孚新科,46.15,2.33,1.05,2917.0,13330416.0,2.31,46.15,45.11,45.17,45.1,0.31,-189.85,8.95
96,97,688323,瑞华泰,13.92,2.28,0.31,7979.0,11208485.0,5.58,14.31,13.55,13.55,13.61,0.44,-38.61,3.03
97,98,300082,奥克股份,6.55,2.18,0.14,24994.0,16393947.0,2.34,6.63,6.48,6.56,6.41,0.37,-25.02,1.59
98,99,002125,湘潭电化,11.62,2.11,0.24,76338.0,88061758.4,2.28,11.65,11.39,11.5,11.38,1.21,22.47,2.5
99,100,003022,联泓新科,16.9,1.81,0.3,36194.0,61467859.5,3.55,17.23,16.64,16.64,16.6,0.27,94.92,3.14
100,101,300019,硅宝科技,14.86,1.78,0.26,23155.0,34371411.0,2.4,14.95,14.6,14.6,14.6,0.67,27.67,2.34
101,102,688146,中船特气,33.68,1.72,0.57,11465.0,38576898.0,2.08,33.94,33.25,33.45,33.11,0.8,57.13,3.27
102,103,300501,海顺新材,14.26,1.71,0.24,7473.0,10634424.81,1.93,14.35,14.08,14.1,14.02,0.6,25.96,1.66
103,104,300586,美联新材,8.13,1.63,0.13,37043.0,30067952.4,3.13,8.2,7.95,7.97,8.0,0.69,118.74,3.02
104,105,600478,科力远,4.46,1.59,0.07,83949.0,37511934.0,2.96,4.52,4.39,4.39,4.39,0.5,270.83,2.75
105,106,688638,誉辰智能,28.78,1.59,0.45,1431.0,4089452.0,1.69,28.78,28.3,28.55,28.33,0.83,-17.67,1.54
106,107,603810,丰山集团,9.78,1.56,0.15,15426.0,15102341.0,2.8,9.9,9.63,9.74,9.63,0.93,-48.94,1.1
107,108,601127,赛力斯,139.96,1.53,2.11,388716.0,5513859505.0,5.17,145.0,137.88,142.0,137.85,2.57,39.25,15.66
108,109,002769,普路通,6.67,1.52,0.1,31608.0,21020253.0,3.04,6.74,6.54,6.6,6.57,0.95,-41.96,2.1
109,110,002866,传艺科技,16.73,1.52,0.25,25901.0,43130652.5,1.64,16.78,16.51,16.51,16.48,1.43,78.82,2.28
110,111,002580,圣阳股份,8.07,1.51,0.12,33798.0,27204403.2,1.51,8.1,7.98,8.0,7.95,0.75,16.52,1.7
111,112,002245,蔚蓝锂芯,9.47,1.5,0.14,69214.0,65587565.16,2.04,9.56,9.37,9.38,9.33,0.64,29.03,1.62
112,113,600552,凯盛科技,14.04,1.45,0.2,177056.0,247766381.0,2.46,14.15,13.81,13.84,13.84,1.87,88.94,3.2
113,114,002254,泰和新材,10.16,1.3,0.13,42572.0,43405284.0,1.89,10.3,10.11,10.12,10.03,0.52,43.54,1.24
114,115,300490,华自科技,9.03,1.23,0.11,66555.0,59756547.0,2.8,9.09,8.84,8.85,8.92,1.69,-19.13,1.36
115,116,300905,宝丽迪,29.25,1.21,0.35,15685.0,45683164.0,2.6,29.47,28.72,28.9,28.9,1.26,48.24,2.84
116,117,688162,巨一科技,21.94,1.2,0.26,3262.0,7123782.0,1.38,21.98,21.68,21.8,21.68,0.67,-112.75,1.3
117,118,300750,宁德时代,264.3,1.11,2.91,78736.0,2068105271.01,3.36,266.78,258.0,258.99,261.39,0.2,24.24,4.91
118,119,300285,国瓷材料,19.96,1.06,0.21,36646.0,73079191.48,1.72,20.1,19.76,19.96,19.75,0.46,30.95,3.02
119,120,300522,世名科技,12.4,1.06,0.13,14423.0,17858037.88,2.69,12.54,12.21,12.27,12.27,0.59,83.38,4.88
120,121,002733,雄韬股份,13.54,1.04,0.14,17460.0,23519205.84,2.31,13.6,13.29,13.4,13.4,0.47,32.86,1.92
121,122,002091,江苏国泰,7.43,0.95,0.07,74820.0,55435176.6,1.63,7.46,7.34,7.36,7.36,0.47,10.22,0.8
122,123,002915,中欣氟材,11.49,0.88,0.1,24242.0,27863954.3,2.99,11.65,11.31,11.4,11.39,0.84,-65.23,2.59
123,124,002632,道明光学,8.72,0.81,0.07,39856.0,34715985.0,1.73,8.77,8.62,8.63,8.65,0.69,28.37,2.6
124,125,600143,金发科技,9.0,0.78,0.07,86037.0,77606787.0,2.58,9.12,8.89,8.92,8.93,0.33,26.06,1.36
125,126,603626,科森科技,10.3,0.78,0.08,138755.0,143690752.0,3.82,10.57,10.18,10.25,10.22,2.5,-18.32,2.29
126,127,001359,平安电工,24.61,0.78,0.19,7810.0,19210779.63,1.92,24.77,24.3,24.42,24.42,1.68,20.91,2.56
127,128,688683,莱尔科技,19.92,0.66,0.13,1995.0,3989163.0,2.63,20.15,19.63,19.63,19.79,0.13,83.98,3.02
128,129,603051,鹿山新材,29.14,0.66,0.19,7055.0,20576155.0,2.45,29.51,28.8,28.9,28.95,1.33,67.91,2.0
129,130,603004,鼎龙科技,19.12,0.63,0.12,8415.0,16106593.0,1.11,19.21,19.0,19.18,19.0,1.43,31.26,2.32
130,131,603527,众源新材,8.45,0.6,0.05,16833.0,14236192.0,1.55,8.52,8.39,8.39,8.4,0.53,21.91,1.36
131,132,688529,豪森智能,15.06,0.47,0.07,4816.0,7277758.0,3.0,15.28,14.83,14.99,14.99,0.29,245.97,1.19
132,133,688518,联赢激光,16.7,0.42,0.07,16073.0,26819679.0,2.1,16.85,16.5,16.7,16.63,0.47,45.11,1.85
133,134,605100,华丰股份,12.64,0.4,0.05,5292.0,6699301.0,1.43,12.73,12.55,12.61,12.59,0.31,30.92,1.19
134,135,688737,中自科技,15.61,0.39,0.06,6775.0,10586110.0,2.12,15.72,15.39,15.6,15.55,0.96,-99.34,1.02
135,136,300057,万顺新材,5.94,0.34,0.02,84577.0,50546164.0,2.87,6.04,5.87,5.97,5.92,1.15,-112.05,1.0
136,137,002601,龙佰集团,19.99,0.1,0.02,39924.0,80136624.2,2.5,20.33,19.83,20.0,19.97,0.2,13.96,2.0
137,138,600104,上汽集团,13.28,0.08,0.01,62976.0,83708512.0,0.9,13.35,13.23,13.27,13.27,0.05,16.69,0.53
138,139,600633,浙数文化,11.0,0.0,0.0,40688.0,44657663.0,1.55,11.05,10.88,11.0,11.0,0.32,22.0,1.39
139,140,600482,中国动力,,,,,,,,,,23.56,0.0,52.76,1.37
140,141,002734,利民股份,7.67,0.0,0.0,9950.0,7635486.76,1.3,7.72,7.62,7.69,7.67,0.31,41.22,1.13
141,142,002824,和胜股份,18.88,-0.16,-0.03,65773.0,125205898.75,4.34,19.42,18.6,18.91,18.91,3.48,71.09,3.14
142,143,601633,长城汽车,27.13,-0.18,-0.05,60368.0,164015230.0,1.36,27.38,27.01,27.18,27.18,0.1,16.67,3.01
143,144,600884,杉杉股份,9.48,-0.21,-0.02,100202.0,94511184.0,2.74,9.57,9.31,9.34,9.5,0.57,690.21,0.97
144,145,601238,广汽集团,8.33,-0.24,-0.02,57684.0,48287518.0,1.68,8.45,8.31,8.36,8.35,0.08,539.19,0.76
145,146,002167,东方锆业,7.98,-0.25,-0.02,292546.0,231201434.02,6.0,8.2,7.72,7.84,8.0,3.86,-112.27,4.18
146,147,002594,比亚迪,306.55,-0.31,-0.95,25544.0,785559778.74,1.52,309.75,305.09,308.0,307.5,0.22,26.5,5.74
147,148,300088,长信科技,7.12,-0.42,-0.03,268320.0,191243565.0,2.24,7.2,7.04,7.2,7.15,1.1,44.75,2.09
148,149,605088,冠盛股份,20.58,-0.44,-0.09,11545.0,23833294.0,2.03,20.85,20.43,20.6,20.67,0.67,12.49,1.66
149,150,600166,福田汽车,2.7,-1.1,-0.03,279129.0,75793511.0,1.83,2.74,2.69,2.72,2.73,0.43,37.1,1.46
150,151,603186,华正新材,28.45,-1.18,-0.34,21787.0,62261844.0,2.36,28.93,28.25,28.6,28.79,1.53,-456.01,2.7
151,152,600206,有研新材,12.16,-1.22,-0.15,91808.0,112309251.0,2.27,12.35,12.07,12.29,12.31,1.08,67.38,2.65
152,153,002057,中钢天源,8.33,-1.42,-0.12,115485.0,96065115.2,1.78,8.4,8.25,8.3,8.45,1.54,30.13,2.02
153,154,600400,红豆股份,2.54,-1.93,-0.05,102780.0,26363833.0,3.09,2.61,2.53,2.61,2.59,0.45,1328.65,2.06
154,155,002244,滨江集团,10.2,-3.32,-0.35,115807.0,119430276.0,4.93,10.59,10.07,10.55,10.55,0.43,14.57,1.2
155,156,603959,ST百利,2.83,-3.74,-0.11,177702.0,53576084.0,8.5,3.07,2.82,3.07,2.94,3.62,-6.11,3.75
