,序号,代码,名称,最新价,涨跌幅,涨跌额,成交量,成交额,振幅,最高,最低,今开,昨收,换手率,市盈率-动态,市净率
0,1,688275,万润新能,51.56,19.88,8.55,62005,310888370.0,15.58,51.61,44.91,45.59,43.01,7.33,-8.16,1.1
1,2,873152,天宏锂电,15.76,19.85,2.61,54813,82655173.51,27.38,16.9,13.3,13.4,13.15,9.77,311.79,6.27
2,3,301121,紫建电子,62.13,16.33,8.72,43398,263238712.55,12.79,64.06,57.23,57.23,53.41,12.03,61.14,2.64
3,4,835185,贝特瑞,29.0,14.35,3.64,51102,139903615.97,13.13,29.0,25.67,25.8,25.36,0.46,36.18,2.73
4,5,831627,力王股份,21.5,12.68,2.42,40802,88459788.41,11.9,22.78,20.51,20.8,19.08,8.72,79.79,4.68
5,6,300919,中伟股份,46.52,12.45,5.15,110449,506510855.34,9.79,47.5,43.45,43.45,41.37,1.21,24.7,2.18
6,7,002805,丰元股份,14.71,10.02,1.34,190568,276142279.77,7.33,14.71,13.73,13.76,13.37,6.83,-23.88,2.14
7,8,835237,力佳科技,27.38,9.96,2.48,13179,35506337.41,14.06,28.8,25.3,25.3,24.9,2.03,27.47,3.81
8,9,300890,翔丰华,34.97,9.83,3.13,70576,241980427.0,8.64,34.98,32.23,32.23,31.84,7.24,50.9,2.16
9,10,300073,当升科技,48.77,9.64,4.29,215620,1030596447.62,8.14,49.32,45.7,45.7,44.48,4.27,39.9,1.88
10,11,830809,安达科技,7.39,9.16,0.62,135628,101740850.71,15.95,8.0,6.92,6.92,6.77,4.23,-6.41,2.28
11,12,833523,德瑞锂电,28.55,8.97,2.35,24385,67879971.17,10.95,28.9,26.03,26.26,26.2,4.02,20.43,5.25
12,13,301587,中瑞股份,27.75,8.36,2.14,28540,78642179.19,10.82,28.97,26.2,26.2,25.61,9.34,56.69,2.04
13,14,301511,德福科技,18.09,8.19,1.37,190468,334710221.66,10.05,18.36,16.68,16.68,16.72,5.1,-41.9,2.83
14,15,301238,瑞泰新材,18.9,8.0,1.4,82766,154897137.65,8.51,19.19,17.7,17.85,17.5,3.88,69.54,1.92
15,16,688388,嘉元科技,15.01,7.91,1.1,87815,130839776.0,6.69,15.2,14.27,14.27,13.91,2.06,-33.32,0.94
16,17,301325,曼恩斯特,45.57,7.81,3.3,31129,142684923.19,13.04,47.8,42.29,42.29,42.27,5.38,76.65,2.24
17,18,688005,容百科技,33.67,6.69,2.11,60915,200904422.0,6.4,33.68,31.66,31.99,31.56,1.93,104.8,1.92
18,19,301487,盟固利,25.53,6.6,1.58,81015,204534161.33,7.6,25.85,24.03,24.2,23.95,2.97,974.45,5.98
19,20,300953,震裕科技,75.38,6.02,4.28,11000,81394937.84,6.17,75.49,71.1,71.1,71.1,1.62,33.7,3.13
20,21,300769,德方纳米,44.19,5.82,2.43,76858,334063562.24,6.66,44.22,41.44,41.44,41.76,3.05,-11.3,2.04
21,22,300438,鹏辉能源,37.6,5.59,1.99,224442,844213403.82,3.71,38.22,36.9,37.02,35.61,5.55,234.61,3.5
22,23,300068,南都电源,23.07,5.58,1.22,459018,1048854234.95,5.45,23.39,22.2,22.2,21.85,5.53,61.16,3.7
23,24,688499,利元亨,24.04,5.44,1.24,19185,45853939.0,5.96,24.3,22.94,22.94,22.8,1.51,-4.39,1.63
24,25,300450,先导智能,20.22,5.42,1.04,232901,468857036.97,6.0,20.6,19.45,19.45,19.18,1.49,39.03,2.65
25,26,688567,孚能科技,13.07,5.4,0.67,67304,87943352.0,5.48,13.33,12.65,12.72,12.4,0.55,-39.43,1.58
26,27,300207,欣旺达,24.29,5.38,1.24,261282,627954889.42,4.56,24.36,23.31,23.31,23.05,1.51,27.99,1.92
27,28,688778,厦钨新能,41.4,5.34,2.1,19919,81725455.0,5.14,41.51,39.49,39.5,39.3,0.47,35.55,2.02
28,29,300457,赢合科技,26.64,5.3,1.34,136000,355076908.0,7.11,26.88,25.08,25.5,25.3,2.15,26.18,2.64
29,30,688573,信宇人,17.13,5.03,0.82,6777,11420422.0,5.27,17.18,16.32,16.42,16.31,1.45,-17.99,2.02
30,31,301358,湖南裕能,52.84,4.53,2.29,46414,241020287.37,5.2,52.88,50.25,50.5,50.55,1.21,61.17,3.48
31,32,836239,长虹能源,39.06,4.52,1.69,18490,73225579.65,8.51,41.18,38.0,38.0,37.37,3.72,26.68,5.93
32,33,301152,天力锂能,41.71,4.46,1.78,25605,104405178.3,7.04,41.71,38.9,39.87,39.93,3.41,-22.36,2.91
33,34,300568,星源材质,11.42,4.39,0.48,230359,260889683.57,5.39,11.55,10.96,10.97,10.94,1.9,32.92,1.56
34,35,300530,领湃科技,21.27,4.26,0.87,14682,31089946.0,6.18,21.67,20.41,20.41,20.4,0.93,-19.22,53.28
35,36,300014,亿纬锂能,52.04,4.08,2.04,153864,790735697.72,4.48,52.25,50.01,50.01,50.0,0.83,25.04,2.91
36,37,603659,璞泰来,19.48,4.06,0.76,244963,469909497.0,5.56,19.54,18.5,18.72,18.72,1.15,25.21,2.26
37,38,688819,天能股份,30.29,4.05,1.18,16787,49964863.0,3.68,30.31,29.24,29.5,29.11,0.17,15.08,1.85
38,39,002812,恩捷股份,37.74,4.02,1.46,70747,264589172.27,4.13,37.95,36.45,36.47,36.28,0.87,61.99,1.43
39,40,688772,珠海冠宇,19.27,3.99,0.74,55070,106127320.0,5.5,19.65,18.63,18.63,18.53,0.49,60.8,3.29
40,41,001283,豪鹏科技,47.44,3.99,1.82,7188,33897006.0,4.54,47.88,45.81,45.9,45.62,1.24,37.69,1.72
41,42,688779,五矿新能,6.27,3.81,0.23,110405,68942860.0,4.8,6.35,6.06,6.06,6.04,0.57,-52.6,1.71
42,43,300619,金银河,30.28,3.81,1.11,14283,42799031.1,3.7,30.35,29.27,29.27,29.17,1.3,-309.62,2.47
43,44,300648,星云股份,25.92,3.68,0.92,10554,27181288.0,4.24,26.06,25.0,25.01,25.0,0.99,-60.7,4.69
44,45,301150,中一科技,23.23,3.61,0.81,8769,20174616.73,3.57,23.25,22.45,22.45,22.42,0.95,-46.09,1.19
45,46,002850,科达利,113.25,3.45,3.78,10323,115038557.0,3.95,113.33,109.01,110.0,109.47,0.53,22.63,2.79
46,47,688148,芳源股份,5.4,3.45,0.18,33328,17808940.0,3.45,5.41,5.23,5.23,5.22,0.65,-17.41,3.9
47,48,002074,国轩高科,24.45,3.3,0.78,154871,376825072.02,3.93,24.63,23.7,23.7,23.67,1.16,79.96,1.75
48,49,688006,杭可科技,19.88,3.27,0.63,19322,38195526.0,3.43,19.97,19.31,19.31,19.25,0.32,23.95,2.27
49,50,300340,科恒股份,11.33,3.19,0.35,57730,64578879.44,5.92,11.45,10.8,10.9,10.98,3.08,-20.88,20.85
50,51,688155,先惠技术,41.55,3.05,1.23,9457,38950622.0,2.95,41.59,40.4,40.6,40.32,0.76,20.72,2.7
51,52,688063,派能科技,50.56,3.04,1.49,20448,102781938.0,3.46,50.9,49.2,49.28,49.07,0.83,248.97,1.35
52,53,000049,德赛电池,26.48,3.04,0.78,36139,95067920.64,3.39,26.65,25.78,25.78,25.7,0.94,34.54,1.59
53,54,002759,天际股份,8.42,2.81,0.23,52031,43858615.4,5.13,8.6,8.18,8.22,8.19,1.04,-16.79,0.97
54,55,688184,帕瓦股份,14.71,2.8,0.4,5993,8747426.0,3.84,14.8,14.25,14.31,14.31,0.58,-4.45,0.94
55,56,301210,金杨股份,34.67,2.79,0.94,7094,24491564.95,3.68,35.0,33.76,33.9,33.73,2.3,58.58,1.55
56,57,688707,振华新材,12.67,2.76,0.34,27494,34885077.0,4.3,12.85,12.32,12.33,12.33,0.54,-14.59,1.4
57,58,603906,龙蟠科技,10.71,2.49,0.26,135286,144729418.0,3.25,10.89,10.55,10.7,10.45,2.39,-17.64,2.41
58,59,300037,新宙邦,43.09,2.45,1.03,43671,190363097.27,4.54,44.5,42.59,43.9,42.06,0.8,34.73,3.5
59,60,603032,德新科技,17.38,2.42,0.41,24021,41529119.0,3.42,17.5,16.92,16.92,16.97,1.04,187.18,3.2
60,61,600152,维科技术,7.11,2.3,0.16,201034,139200703.0,7.63,7.22,6.69,6.96,6.95,3.8,5348.73,2.09
61,62,600110,诺德股份,4.15,2.22,0.09,117674,48850233.0,3.45,4.2,4.06,4.07,4.06,0.68,-24.83,1.24
62,63,002580,圣阳股份,8.08,1.64,0.13,34296,27606442.2,1.51,8.1,7.98,8.0,7.95,0.76,16.54,1.7
63,64,002245,蔚蓝锂芯,9.47,1.5,0.14,69918,66254070.16,2.04,9.56,9.37,9.38,9.33,0.64,29.03,1.62
64,65,688638,誉辰智能,28.75,1.48,0.42,1451,4146952.0,1.69,28.78,28.3,28.55,28.33,0.84,-17.65,1.54
65,66,688345,博力威,20.76,1.27,0.26,1324,2757205.0,3.12,21.09,20.45,20.5,20.5,0.13,-69.54,1.84
66,67,601311,骆驼股份,8.86,1.26,0.11,45056,39655757.0,1.6,8.86,8.72,8.79,8.75,0.38,15.99,1.1
67,68,002733,雄韬股份,13.56,1.19,0.16,17639,23761673.84,2.31,13.6,13.29,13.4,13.4,0.48,32.91,1.92
68,69,301222,浙江恒威,26.1,1.12,0.29,2666,6947223.0,2.13,26.28,25.73,25.75,25.81,0.91,22.74,1.93
69,70,605378,野马电池,17.32,1.05,0.18,9471,16385835.0,1.93,17.44,17.11,17.14,17.14,0.51,20.75,2.59
70,71,300750,宁德时代,263.83,0.93,2.44,79649,2092176355.24,3.36,266.78,258.0,258.99,261.39,0.2,24.2,4.9
71,72,688339,亿华通-U,25.83,0.78,0.2,9137,23593682.0,2.34,26.13,25.53,25.68,25.63,0.57,-17.38,2.14
72,73,600241,时代万恒,7.29,0.55,0.04,6811,4963901.0,1.66,7.34,7.22,7.22,7.25,0.23,85.57,1.84
73,74,600847,万里股份,10.05,0.5,0.05,7166,7194998.0,1.9,10.11,9.92,9.95,10.0,0.47,-46.29,2.41
74,75,603031,安孚科技,28.99,-0.03,-0.01,5331,15515483.0,1.62,29.37,28.9,28.97,29.0,0.25,30.61,3.37
