,序号,代码,名称,最新价,涨跌幅,涨跌额,成交量,成交额,振幅,最高,最低,今开,昨收,换手率,市盈率-动态,市净率
0,1,835985,海泰新能,8.0,11.89,0.85,4744,3795192.0,0.0,8.0,8.0,8.0,7.15,0.35,15.17,1.87
1,2,834770,艾能聚,8.01,8.24,0.61,2235,1790531.37,0.0,8.01,8.01,8.01,7.4,0.27,27.18,1.84
2,3,839167,同享科技,21.19,6.11,1.22,1037,2197847.99,0.0,21.19,21.19,21.19,19.97,0.16,18.87,3.68
3,4,002897,意华股份,45.0,5.16,2.21,10763,48433500.0,0.0,45.0,45.0,45.0,42.79,0.6,25.18,3.53
4,5,300118,东方日升,13.17,4.61,0.58,9889,13023813.0,0.0,13.17,13.17,13.17,12.59,0.11,-7.8,1.08
5,6,603398,沐邦高科,18.83,4.38,0.79,8422,15858626.0,0.0,18.83,18.83,18.83,18.04,0.19,-26.45,4.1
6,7,603212,赛伍技术,12.37,3.78,0.45,12833,15874421.0,0.0,12.37,12.37,12.37,11.92,0.29,-174.72,1.84
7,8,002459,晶澳科技,14.22,3.72,0.51,11567,16447705.2,0.0,14.22,14.22,14.22,13.71,0.03,-26.92,1.47
8,9,300093,金刚光伏,18.2,3.7,0.65,7963,14492660.0,0.0,18.2,18.2,18.2,17.55,0.37,-8.81,-17.77
9,10,300751,迈为股份,102.0,3.05,3.02,1200,12240000.0,0.0,102.0,102.0,102.0,98.98,0.06,30.9,3.99
10,11,688147,微导纳米,27.96,2.98,0.81,219,611345.0,0.0,27.96,27.96,27.96,27.15,0.02,149.33,5.27
11,12,300274,阳光电源,96.98,2.62,2.48,11435,110896630.0,0.0,96.98,96.98,96.98,94.5,0.07,20.27,6.4
12,13,300393,中来股份,7.45,2.62,0.19,2591,1930295.0,0.0,7.45,7.45,7.45,7.26,0.03,-13.27,2.05
13,14,300842,帝科股份,41.85,2.45,1.0,574,2402190.0,0.0,41.85,41.85,41.85,40.85,0.05,12.64,3.93
14,15,688348,昱能科技,58.0,2.36,1.34,297,1723818.0,0.0,58.0,58.0,58.0,56.66,0.04,51.61,2.5
15,16,688599,天合光能,22.0,2.23,0.48,4395,9668318.0,0.0,22.0,22.0,22.0,21.52,0.02,45.56,1.59
16,17,600537,亿晶光电,2.8,2.19,0.06,4718,1321040.0,0.0,2.8,2.8,2.8,2.74,0.04,-3.54,1.62
17,18,600438,通威股份,20.87,2.15,0.44,3553,7415111.0,0.0,20.87,20.87,20.87,20.43,0.01,-15.01,1.83
18,19,301168,通灵股份,30.85,1.98,0.6,345,1064325.0,0.0,30.85,30.85,30.85,30.25,0.07,29.19,1.75
19,20,688680,海优新材,32.38,1.95,0.62,215,695749.0,0.0,32.38,32.38,32.38,31.76,0.03,-9.84,1.46
20,21,300776,帝尔激光,60.4,1.92,1.14,598,3610712.0,0.0,60.4,60.4,60.4,59.26,0.04,34.93,5.46
21,22,301046,能辉科技,21.8,1.92,0.41,181,394580.0,0.0,21.8,21.8,21.8,21.39,0.02,51.33,4.1
22,23,300724,捷佳伟创,70.0,1.91,1.31,7207,50449000.0,0.0,70.0,70.0,70.0,68.69,0.26,9.94,2.55
23,24,688472,阿特斯,14.19,1.87,0.26,2306,3272597.0,0.0,14.19,14.19,14.19,13.93,0.02,21.12,2.42
24,25,688303,大全能源,26.5,1.81,0.47,317,839600.0,0.0,26.5,26.5,26.5,26.03,0.01,-42.41,1.34
25,26,600732,爱旭股份,9.22,1.77,0.16,3406,3140332.0,0.0,9.22,9.22,9.22,9.06,0.02,-4.83,2.33
26,27,688032,禾迈股份,148.66,1.76,2.57,337,5013559.0,0.0,148.66,148.66,148.66,146.09,0.05,49.03,2.98
27,28,688556,高测股份,13.31,1.76,0.23,1127,1499678.0,0.0,13.31,13.31,13.31,13.08,0.02,13.34,1.87
28,29,688223,晶科能源,8.7,1.75,0.15,17285,15038376.0,0.0,8.7,8.7,8.7,8.55,0.06,36.27,2.69
29,30,603381,永臻股份,22.6,1.53,0.34,616,1392160.0,0.0,22.6,22.6,22.6,22.26,0.12,15.18,1.47
30,31,002865,钧达股份,44.35,1.49,0.65,1301,5769935.0,0.0,44.35,44.35,44.35,43.7,0.06,-30.47,2.37
31,32,002218,拓日新能,3.43,1.48,0.05,911,312473.0,0.0,3.43,3.43,3.43,3.38,0.01,108.6,1.15
32,33,002617,露笑科技,6.22,1.47,0.09,10908,6784776.0,0.0,6.22,6.22,6.22,6.13,0.06,33.16,1.99
33,34,603396,金辰股份,28.6,1.42,0.4,113,323180.0,0.0,28.6,28.6,28.6,28.2,0.01,38.22,1.56
34,35,301266,宇邦新材,33.88,1.35,0.45,345,1168860.0,0.0,33.88,33.88,33.88,33.43,0.09,49.01,2.31
35,36,688598,金博股份,21.99,1.34,0.29,545,1199203.0,0.0,21.99,21.99,21.99,21.7,0.03,-21.76,0.76
36,37,002129,TCL中环,9.32,1.3,0.12,18170,16934225.64,0.0,9.32,9.32,9.32,9.2,0.04,-6.15,1.01
37,38,688429,时创能源,16.86,1.2,0.2,3,5716.0,0.0,16.86,16.86,16.86,16.66,0.0,-25.29,3.11
38,39,300051,琏升科技,8.8,1.15,0.1,408,359040.0,0.0,8.8,8.8,8.8,8.7,0.01,-38.47,10.66
39,40,000821,京山轻机,11.62,1.13,0.13,1048,1217776.0,0.0,11.62,11.62,11.62,11.49,0.02,13.4,1.87
40,41,688560,明冠新材,13.44,1.13,0.15,237,318528.0,0.0,13.44,13.44,13.44,13.29,0.01,157.47,0.96
41,42,300716,泉为科技,10.87,1.12,0.12,384,417408.0,0.0,10.87,10.87,10.87,10.75,0.02,-18.5,17.46
42,43,688516,奥特维,52.8,1.11,0.58,1100,5808000.0,0.0,52.8,52.8,52.8,52.22,0.04,10.79,4.59
43,44,603628,清源股份,13.68,1.03,0.14,1048,1433664.0,0.0,13.68,13.68,13.68,13.54,0.04,35.06,2.96
44,45,300316,晶盛机电,35.06,1.01,0.35,4809,16860354.0,0.0,35.06,35.06,35.06,34.71,0.04,10.95,2.84
45,46,300317,珈伟新能,4.06,1.0,0.04,2095,850570.0,0.0,4.06,4.06,4.06,4.02,0.03,-38.56,1.85
46,47,002506,协鑫集成,2.15,0.94,0.02,3043,654245.0,0.0,2.15,2.15,2.15,2.13,0.01,145.13,5.14
47,48,601012,隆基绿能,16.58,0.79,0.13,20209,33506257.0,0.0,16.58,16.58,16.58,16.45,0.03,-11.98,1.97
48,49,603185,弘元绿能,14.77,0.75,0.11,2023,2987365.0,0.0,14.77,14.77,14.77,14.66,0.03,-4.33,0.74
49,50,601908,京运通,2.69,0.75,0.02,3226,867794.0,0.0,2.69,2.69,2.69,2.67,0.01,-2.99,0.63
50,51,301278,快可电子,37.1,0.73,0.27,205,758695.0,0.0,37.1,37.1,37.1,36.83,0.06,22.12,2.51
51,52,603806,福斯特,16.08,0.69,0.11,2583,4153464.0,0.0,16.08,16.08,16.08,15.97,0.01,22.59,2.72
52,53,001269,欧晶科技,26.4,0.69,0.18,205,541200.0,0.0,26.4,26.4,26.4,26.22,0.02,-20.2,3.71
53,54,600151,航天机电,7.35,0.68,0.05,2319,1704465.0,0.0,7.35,7.35,7.35,7.3,0.02,-160.37,2.15
54,55,300305,裕兴股份,5.91,0.68,0.04,782,462162.0,0.0,5.91,5.91,5.91,5.87,0.02,-10.66,0.9
55,56,603778,国晟科技,3.47,0.58,0.02,1870,648890.0,0.0,3.47,3.47,3.47,3.45,0.03,-10.19,2.64
56,57,688390,固德威,53.25,0.57,0.3,817,4350046.0,0.0,53.25,53.25,53.25,52.95,0.03,-271.03,4.54
57,58,600876,凯盛新能,9.81,0.51,0.05,110,107910.0,0.0,9.81,9.81,9.81,9.76,0.0,-57.81,1.39
58,59,600481,双良节能,4.28,0.47,0.02,1365,584220.0,0.0,4.28,4.28,4.28,4.26,0.01,-3.18,1.48
59,60,002056,横店东磁,13.53,0.45,0.06,990,1339524.12,0.0,13.53,13.53,13.53,13.47,0.01,17.23,2.47
60,61,601865,福莱特,18.61,0.43,0.08,1989,3701529.0,0.0,18.61,18.61,18.61,18.53,0.01,14.55,1.98
61,62,002623,亚玛顿,16.3,0.31,0.05,43,70090.0,0.0,16.3,16.3,16.3,16.25,0.0,119.72,1.03
62,63,688503,聚和材料,32.9,0.3,0.1,79,260568.0,0.0,32.9,32.9,32.9,32.8,0.0,13.32,1.71
63,64,603330,天洋新材,5.18,0.19,0.01,99,51282.0,0.0,5.18,5.18,5.18,5.17,0.0,-253.73,1.28
64,65,688408,中信博,84.92,0.0,0.0,111,943546.0,0.0,84.92,84.92,84.92,84.92,0.01,37.16,5.65
65,66,603105,芯能科技,8.33,0.0,0.0,1228,1022924.0,0.0,8.33,8.33,8.33,8.33,0.02,19.99,2.13
66,67,300345,华民股份,6.68,0.0,0.0,384,256512.0,0.0,6.68,6.68,6.68,6.68,0.01,-14.13,5.16
67,68,300029,ST天龙,4.66,0.0,0.0,226,105316.0,0.0,4.66,4.66,4.66,4.66,0.01,-944.32,44.63
68,69,600207,安彩高科,4.59,-0.22,-0.01,2627,1205793.0,0.0,4.59,4.59,4.59,4.6,0.02,243.02,1.61
69,70,688033,天宜上佳,6.05,-0.33,-0.02,1671,1010677.0,0.0,6.05,6.05,6.05,6.07,0.03,-3.45,0.72
70,71,300827,上能电气,40.3,-0.74,-0.3,1548,6238440.0,0.0,40.3,40.3,40.3,40.6,0.06,45.08,7.53
71,72,605117,德业股份,86.0,-0.86,-0.75,1776,15273600.0,0.0,86.0,86.0,86.0,86.75,0.03,22.44,7.14
72,73,300763,锦浪科技,73.99,-1.03,-0.77,2312,17106488.0,0.0,73.99,73.99,73.99,74.76,0.07,41.95,3.66
73,74,688717,艾罗能源,58.95,-1.22,-0.73,667,3931847.0,0.0,58.95,58.95,58.95,59.68,0.21,45.78,2.12
74,75,002309,*ST中利,1.93,-2.53,-0.05,4688,904841.9,0.0,1.93,1.93,1.93,1.98,0.05,-3.17,-2.08
75,76,300125,ST聆达,5.89,-3.76,-0.23,5678,3344342.0,0.0,5.89,5.89,5.89,6.12,0.21,-4.69,6.46
